2 0.000000 100.000000 5791.461216
219 172 
1 -150.000000 0.000000 -151.500000 98.479520 -0.004669 17.365115 0.000024 
2 180.000000 0.000000 -151.500000 98.480389 -0.019469 17.357326 0.000034 
3 180.000000 0.000000 151.500000 98.484753 0.030802 17.348698 -0.000022 
4 -150.000000 0.000000 151.500000 98.482496 0.006378 17.364943 -0.000034 
5 15.000000 0.000000 0.000000 97.747367 0.289752 2.936566 0.043674 
6 -150.000000 0.000000 0.000000 98.481137 0.001021 17.366639 -0.000013 
7 15.000000 0.000000 -151.500000 98.476884 -0.017627 17.360366 0.000092 
8 180.000000 0.000000 0.000000 98.527554 -0.128179 17.095671 0.000004 
9 15.000000 0.000000 151.500000 98.486497 0.021893 17.358623 -0.000091 
10 -67.500000 0.000000 -75.750000 98.475613 -0.013762 17.365909 0.000098 
11 -150.000000 0.000000 -75.750000 98.479681 -0.003406 17.365979 0.000018 
12 -67.500000 0.000000 -151.500000 98.477986 -0.010103 17.364052 0.000058 
13 15.000000 0.000000 -75.750000 98.465452 -0.048881 17.346488 0.000365 
14 -67.500000 0.000000 0.000000 98.482174 0.002070 17.372295 -0.000054 
15 97.500000 0.000000 -75.750000 98.479254 -0.043539 17.334920 0.000134 
16 97.500000 0.000000 -151.500000 98.478664 -0.020224 17.357315 0.000068 
17 180.000000 0.000000 -75.750000 98.482930 -0.035805 17.342019 0.000037 
18 97.500000 0.000000 0.000000 98.635253 -0.229970 16.471451 -0.000027 
19 -67.500000 0.000000 75.750000 98.487760 0.017198 17.365255 -0.000139 
20 -150.000000 0.000000 75.750000 98.482504 0.005340 17.365850 -0.000038 
21 15.000000 0.000000 75.750000 98.503317 0.057258 17.339857 -0.000358 
22 -67.500000 0.000000 151.500000 98.484496 0.012686 17.363528 -0.000069 
23 -26.250000 0.000000 -37.875000 98.458819 -0.046176 17.368279 0.000420 
24 -67.500000 0.000000 -37.875000 98.476140 -0.011114 17.369460 0.000075 
25 -26.250000 0.000000 -75.750000 98.469437 -0.029679 17.361351 0.000235 
26 15.000000 0.000000 -37.875000 98.413155 -0.144536 17.288145 0.001595 
27 -26.250000 0.000000 0.000000 98.485800 0.002421 17.403490 -0.000233 
28 97.500000 0.000000 75.750000 98.496429 0.064779 17.301534 -0.000089 
29 180.000000 0.000000 75.750000 98.500194 0.078603 17.259098 -0.000017 
30 97.500000 0.000000 151.500000 98.485699 0.027405 17.352791 -0.000055 
31 56.250000 0.000000 -37.875000 98.474595 -0.106027 17.247965 0.000525 
32 56.250000 0.000000 -75.750000 98.472555 -0.050164 17.334820 0.000266 
33 97.500000 0.000000 -37.875000 98.489102 -0.075782 17.274636 0.000148 
34 56.250000 0.000000 0.000000 98.829579 -0.320244 15.323020 -0.000218 
35 -26.250000 0.000000 37.875000 98.509691 0.053142 17.365852 -0.000573 
36 -67.500000 0.000000 37.875000 98.487868 0.015026 17.368972 -0.000154 
37 15.000000 0.000000 37.875000 98.568646 0.155441 17.260718 -0.001373 
38 -26.250000 0.000000 75.750000 98.495758 0.034850 17.359367 -0.000276 
39 -5.625000 0.000000 -18.937500 98.372735 -0.183494 17.376291 0.002084 
40 -26.250000 0.000000 -18.937500 98.459597 -0.042984 17.383488 0.000352 
41 -5.625000 0.000000 -37.875000 98.429696 -0.095598 17.350749 0.001054 
42 15.000000 0.000000 -18.937500 98.227816 -0.417377 17.026345 0.006123 
43 -5.625000 0.000000 0.000000 98.498371 -0.002005 17.606747 -0.001193 
44 56.250000 0.000000 37.875000 98.534919 0.137647 17.130730 -0.000261 
45 97.500000 0.000000 37.875000 98.550980 0.141680 16.984180 -0.000078 
46 56.250000 0.000000 75.750000 98.500143 0.063780 17.317354 -0.000217 
47 35.625000 0.000000 -18.937500 98.473438 -0.289367 16.923012 0.001651 
48 35.625000 0.000000 -37.875000 98.448566 -0.135176 17.241473 0.001059 
49 56.250000 0.000000 -18.937500 98.514442 -0.166308 17.023205 0.000509 
50 35.625000 0.000000 0.000000 98.833818 -0.039111 14.988235 0.000723 
51 -5.625000 0.000000 18.937500 98.611459 0.191206 17.363518 -0.002575 
52 -26.250000 0.000000 18.937500 98.511226 0.050942 17.381683 -0.000659 
53 15.000000 0.000000 18.937500 98.822060 0.434637 16.955908 -0.005349 
54 -5.625000 0.000000 37.875000 98.545293 0.103705 17.343710 -0.001199 
55 4.687500 0.000000 -9.468750 97.988026 -0.875530 17.258695 0.009972 
56 -5.625000 0.000000 -9.468750 98.340810 -0.268695 17.459731 0.002417 
57 4.687500 0.000000 -18.937500 98.251816 -0.334744 17.274208 0.004807 
58 15.000000 0.000000 -9.468750 97.817573 -1.145737 16.196415 0.016809 
59 4.687500 0.000000 0.000000 98.568364 0.000787 3.963518 0.026857 
60 35.625000 0.000000 18.937500 98.660405 0.308145 16.585254 -0.000904 
61 56.250000 0.000000 18.937500 98.683857 0.185920 16.260739 -0.000295 
62 35.625000 0.000000 37.875000 98.553026 0.156985 17.178596 -0.000783 
63 25.312500 0.000000 -9.468750 98.457083 -1.031681 15.934161 0.005124 
64 25.312500 0.000000 -18.937500 98.382369 -0.401206 16.899346 0.003516 
65 35.625000 0.000000 -9.468750 98.603251 -0.461611 16.282752 0.001206 
66 25.312500 0.000000 0.000000 98.291477 -0.221965 4.078598 0.032210 
67 4.687500 0.000000 9.468750 99.048754 0.901947 17.237044 -0.010858 
68 -5.625000 0.000000 9.468750 98.652602 0.277857 17.453899 -0.003705 
69 15.000000 0.000000 9.468750 99.354880 1.141523 16.083606 -0.013138 
70 4.687500 0.000000 18.937500 98.756697 0.347312 17.250895 -0.005060 
71 9.843750 0.000000 -4.734375 96.860033 -2.001224 16.326511 0.034757 
72 4.687500 0.000000 -4.734375 97.785580 -2.231064 17.066859 0.014173 
73 9.843750 0.000000 -9.468750 97.756762 -1.007728 16.832053 0.015928 
74 15.000000 0.000000 -4.734375 97.256543 -2.375406 14.461056 0.032640 
75 9.843750 0.000000 0.000000 98.501120 -0.002441 2.053828 0.029331 
76 25.312500 0.000000 9.468750 98.908477 0.883832 15.438315 -0.002201 
77 35.625000 0.000000 9.468750 98.838951 0.108455 15.266557 -0.000222 
78 25.312500 0.000000 18.937500 98.715654 0.413780 16.720426 -0.002452 
79 20.156250 0.000000 -4.734375 98.263869 -2.803253 14.227175 0.013394 
80 20.156250 0.000000 -9.468750 98.157888 -1.202182 15.869246 0.011175 
81 25.312500 0.000000 -4.734375 98.767687 -2.278045 14.530718 0.002861 
82 20.156250 0.000000 0.000000 97.574924 -0.101122 3.434735 0.046733 
83 9.843750 0.000000 4.734375 100.251729 1.994039 16.303386 -0.032019 
84 4.687500 0.000000 4.734375 99.263704 2.241812 17.054003 -0.014915 
85 15.000000 0.000000 4.734375 99.948108 2.289780 14.520819 -0.020572 
86 9.843750 0.000000 9.468750 99.330176 1.014855 16.784272 -0.014923 
87 12.421875 0.000000 -2.367188 96.526402 0.000000 9.648811 0.058955 
88 9.843750 0.000000 -2.367188 95.302740 0.000000 12.741817 0.075503 
89 12.421875 0.000000 -4.734375 96.707933 -1.860510 15.222643 0.041239 
90 15.000000 0.000000 -2.367188 98.112368 0.000000 11.132051 0.025004 
91 12.421875 0.000000 0.000000 98.399072 -0.024385 1.558107 0.031519 
92 -108.750000 0.000000 -37.875000 98.479391 -0.003761 17.367487 0.000018 
93 -150.000000 0.000000 -37.875000 98.480250 -0.001554 17.366454 0.000005 
94 -108.750000 0.000000 -75.750000 98.478502 -0.006531 17.366270 0.000040 
95 -108.750000 0.000000 0.000000 98.481411 0.001368 17.368081 -0.000024 
96 -46.875000 0.000000 -18.937500 98.474604 -0.013936 17.375725 0.000084 
97 -67.500000 0.000000 -18.937500 98.478458 -0.005814 17.371483 0.000022 
98 -46.875000 0.000000 -37.875000 98.471098 -0.021643 17.370485 0.000171 
99 -46.875000 0.000000 0.000000 98.483210 0.002781 17.378414 -0.000095 
100 -15.937500 0.000000 -9.468750 98.445305 -0.069862 17.419617 0.000507 
101 -26.250000 0.000000 -9.468750 98.467902 -0.027076 17.398850 0.000135 
102 -15.937500 0.000000 -18.937500 98.432570 -0.087945 17.390357 0.000860 
103 -15.937500 0.000000 0.000000 98.489184 0.002654 17.438539 -0.000422 
104 -0.468750 0.000000 -4.734375 98.098663 -0.987068 17.510261 0.006907 
105 -5.625000 0.000000 -4.734375 98.370467 -0.256194 17.532802 0.001579 
106 -0.468750 0.000000 -9.468750 98.192013 -0.556009 17.438277 0.005393 
107 -0.468750 0.000000 0.000000 98.607066 0.003701 4.967866 0.025197 
108 7.265625 0.000000 -2.367188 97.410324 0.000000 12.591598 0.035268 
109 4.687500 0.000000 -2.367188 97.551429 0.000000 11.956165 0.034077 
110 7.265625 0.000000 -4.734375 97.447531 -2.345131 16.888914 0.021324 
111 7.265625 0.000000 0.000000 98.562535 -0.000279 3.469813 0.027339 
112 -108.750000 0.000000 37.875000 98.483356 0.006427 17.367322 -0.000060 
113 -150.000000 0.000000 37.875000 98.482000 0.003566 17.366381 -0.000030 
114 -108.750000 0.000000 75.750000 98.484067 0.009024 17.366004 -0.000069 
115 -46.875000 0.000000 18.937500 98.491534 0.019351 17.375108 -0.000248 
116 -67.500000 0.000000 18.937500 98.485795 0.009892 17.371206 -0.000121 
117 -46.875000 0.000000 37.875000 98.494379 0.026693 17.369486 -0.000284 
118 -15.937500 0.000000 9.468750 98.532473 0.081456 17.417972 -0.001204 
119 -26.250000 0.000000 9.468750 98.503394 0.031993 17.397885 -0.000561 
120 -15.937500 0.000000 18.937500 98.543529 0.095407 17.386862 -0.001314 
121 -0.468750 0.000000 4.734375 98.915795 1.002157 17.504121 -0.009173 
122 -5.625000 0.000000 4.734375 98.625377 0.254934 17.529596 -0.003432 
123 -0.468750 0.000000 9.468750 98.817110 0.556665 17.427531 -0.006885 
124 7.265625 0.000000 2.367188 99.670680 0.000000 12.588102 -0.009270 
125 4.687500 0.000000 2.367188 99.499893 0.000000 11.952920 -0.004310 
126 9.843750 0.000000 2.367188 101.800466 0.000000 12.747411 -0.052583 
127 7.265625 0.000000 4.734375 99.629305 2.350674 16.870407 -0.021613 
128 8.554688 0.000000 -1.183594 97.115340 -0.000002 9.842332 0.047174 
129 7.265625 0.000000 -1.183594 97.656072 -0.000156 9.269562 0.037737 
130 8.554688 0.000000 -2.367188 96.737499 0.000000 12.758007 0.047909 
131 9.843750 0.000000 -1.183594 96.107879 -0.001331 8.788323 0.068604 
132 8.554688 0.000000 0.000000 98.563580 -0.000078 3.643669 0.027194 
133 20.156250 0.000000 4.734375 99.179652 2.355040 14.462593 -0.005132 
134 25.312500 0.000000 4.734375 98.824965 0.978901 14.799788 0.001363 
135 20.156250 0.000000 9.468750 99.123477 1.154841 15.608465 -0.007042 
136 12.421875 0.000000 2.367188 100.408277 0.000000 9.740441 -0.017670 
137 15.000000 0.000000 2.367188 98.001020 0.000000 12.449179 0.024082 
138 12.421875 0.000000 4.734375 100.442536 1.826128 15.212492 -0.032346 
139 8.554688 0.000000 1.183594 100.012740 -0.000002 9.838334 -0.009934 
140 7.265625 0.000000 1.183594 99.441567 -0.000156 9.266346 0.002551 
141 9.843750 0.000000 1.183594 100.987695 -0.001331 8.794146 -0.027585 
142 8.554688 0.000000 2.367188 100.351783 0.000000 12.753904 -0.023314 
143 11.132812 0.000000 -1.183594 95.346152 -0.004188 5.935633 0.087388 
144 11.132812 0.000000 -2.367188 93.531657 0.000000 10.213658 0.114751 
145 12.421875 0.000000 -1.183594 97.334895 -0.012335 5.011454 0.050080 
146 11.132812 0.000000 0.000000 98.524533 -0.007853 0.366278 0.029278 
147 11.132812 0.000000 1.183594 101.715678 -0.004188 5.940874 -0.038137 
148 12.421875 0.000000 1.183594 99.576072 -0.012335 5.057664 0.005903 
149 11.132812 0.000000 2.367188 103.529608 0.000000 10.224299 -0.082292 
150 17.578125 0.000000 -2.367188 98.043844 0.000000 9.944274 0.028852 
151 17.578125 0.000000 -4.734375 97.828722 -2.784979 14.209196 0.021988 
152 20.156250 0.000000 -2.367188 98.456124 0.000000 9.671697 0.021285 
153 17.578125 0.000000 0.000000 97.069233 0.540631 3.538701 0.056475 
154 13.710938 0.000000 -1.183594 97.845664 -0.031848 6.420209 0.038501 
155 13.710938 0.000000 -2.367188 97.867265 0.000000 10.840198 0.030449 
156 15.000000 0.000000 -1.183594 97.984735 0.002468 9.177963 0.031476 
157 13.710938 0.000000 0.000000 98.117477 0.035973 4.099609 0.035615 
158 17.578125 0.000000 2.367188 97.353700 0.000000 14.712727 0.030579 
159 20.156250 0.000000 2.367188 96.903665 0.000000 18.016140 0.028510 
160 17.578125 0.000000 4.734375 99.483063 2.571313 14.377604 -0.011021 
161 16.289062 0.000000 1.183594 97.269659 0.033626 10.863156 0.042060 
162 15.000000 0.000000 1.183594 97.801500 0.002468 10.349261 0.032776 
163 16.289062 0.000000 0.000000 96.934551 0.583475 2.995526 0.059438 
164 17.578125 0.000000 1.183594 97.086406 0.089264 11.537850 0.044110 
165 16.289062 0.000000 2.367188 97.655037 0.000000 13.149144 0.029059 
166 138.750000 0.000000 -37.875000 98.489999 -0.064164 17.295704 0.000057 
167 138.750000 0.000000 -75.750000 98.482021 -0.038904 17.338487 0.000067 
168 180.000000 0.000000 -37.875000 98.488932 -0.056800 17.310191 0.000028 
169 138.750000 0.000000 0.000000 98.559762 -0.165916 16.909764 0.000001 
170 76.875000 0.000000 -18.937500 98.514813 -0.131973 17.099836 0.000241 
171 76.875000 0.000000 -37.875000 98.485325 -0.086362 17.261073 0.000269 
172 97.500000 0.000000 -18.937500 98.511891 -0.114304 17.153357 0.000116 
173 76.875000 0.000000 0.000000 98.712025 -0.278671 16.030481 -0.000112 
174 45.937500 0.000000 -9.468750 98.599639 -0.274638 16.483326 0.000634 
175 45.937500 0.000000 -18.937500 98.505292 -0.206336 16.977069 0.000844 
176 56.250000 0.000000 -9.468750 98.589362 -0.222954 16.635027 0.000336 
177 45.937500 0.000000 0.000000 98.883887 -0.291102 14.951637 -0.000166 
178 30.468750 0.000000 -4.734375 98.879340 -1.143194 15.223887 -0.001020 
179 30.468750 0.000000 -9.468750 98.579057 -0.714815 16.119315 0.002183 
180 35.625000 0.000000 -4.734375 98.755932 -0.517836 15.529933 0.000582 
181 30.468750 0.000000 0.000000 98.563228 0.090763 4.388301 0.026602 
182 22.734375 0.000000 -2.367188 98.804273 -0.000000 9.794569 0.014178 
183 22.734375 0.000000 -4.734375 98.531412 -2.616136 14.288866 0.008054 
184 25.312500 0.000000 -2.367188 99.290140 -0.000000 9.503484 0.005115 
185 22.734375 0.000000 0.000000 98.007547 -0.143565 3.766822 0.038031 
186 18.867188 0.000000 -1.183594 98.077283 0.107211 7.451083 0.032532 
187 17.578125 0.000000 -1.183594 97.837375 0.089264 7.601710 0.037005 
188 18.867188 0.000000 -2.367188 98.243281 0.000000 9.675564 0.025464 
189 20.156250 0.000000 -1.183594 98.279822 0.026154 7.495108 0.028490 
190 18.867188 0.000000 0.000000 97.359729 0.135781 3.416197 0.050939 
191 138.750000 0.000000 37.875000 98.604101 0.162766 16.669083 -0.000065 
192 180.000000 0.000000 37.875000 98.743424 0.099162 15.875544 -0.000231 
193 138.750000 0.000000 75.750000 98.496791 0.069864 17.284206 -0.000037 
194 76.875000 0.000000 18.937500 98.770637 0.076104 15.735586 -0.000325 
195 97.500000 0.000000 18.937500 98.875210 -0.440254 15.129295 -0.000540 
196 76.875000 0.000000 37.875000 98.540463 0.135548 17.067375 -0.000154 
197 45.937500 0.000000 9.468750 98.883233 -0.522645 15.071545 -0.000532 
198 56.250000 0.000000 9.468750 98.785646 -2.172180 15.626178 -0.000750 
199 45.937500 0.000000 18.937500 98.659496 0.229024 16.445789 -0.000421 
200 30.468750 0.000000 4.734375 98.593810 -1.751267 15.933555 0.002232 
201 35.625000 0.000000 4.734375 98.225114 -5.971976 19.104885 -0.004883 
202 30.468750 0.000000 9.468750 98.832026 0.480619 15.357909 -0.000387 
203 22.734375 0.000000 2.367188 96.707016 -0.000000 18.668778 0.029923 
204 25.312500 0.000000 2.367188 96.775449 -0.000000 15.882126 0.038227 
205 22.734375 0.000000 4.734375 99.014791 1.824341 14.542535 -0.001874 
206 18.867188 0.000000 1.183594 97.051467 0.107211 12.855232 0.041574 
207 20.156250 0.000000 1.183594 97.025574 0.026154 13.774070 0.039631 
208 18.867188 0.000000 2.367188 97.141292 0.000000 16.300025 0.029788 
209 21.445312 0.000000 -1.183594 98.456165 -0.013153 7.489762 0.025029 
210 21.445312 0.000000 -2.367188 98.615559 0.000000 9.773407 0.017945 
211 22.734375 0.000000 -1.183594 98.657013 -0.052265 7.203089 0.021491 
212 21.445312 0.000000 0.000000 97.816281 -0.151413 3.722402 0.041810 
213 21.445312 0.000000 1.183594 96.974629 -0.013153 14.181534 0.039481 
214 22.734375 0.000000 1.183594 97.063055 -0.052265 13.354403 0.040042 
215 21.445312 0.000000 2.367188 96.773173 0.000000 18.792303 0.028180 
216 13.710938 0.000000 1.183594 98.543340 -0.031848 6.651787 0.024496 
217 13.710938 0.000000 2.367188 98.688021 0.000000 11.255359 0.013399 
218 16.289062 0.000000 -1.183594 97.848092 0.033626 8.193520 0.035862 
219 16.289062 0.000000 -2.367188 97.961223 0.000000 10.270268 0.029812 
1 1 12 10 11 
2 12 7 13 10 
3 7 16 15 13 
4 16 2 17 15 
5 19 21 9 22 
6 20 19 22 4 
7 10 25 23 24 
8 25 13 26 23 
9 28 29 3 30 
10 21 28 30 9 
11 13 32 31 26 
12 32 15 33 31 
13 35 37 21 38 
14 36 35 38 19 
15 23 41 39 40 
16 41 26 42 39 
17 44 45 28 46 
18 37 44 46 21 
19 26 48 47 42 
20 48 31 49 47 
21 51 53 37 54 
22 52 51 54 35 
23 39 57 55 56 
24 57 42 58 55 
25 60 61 44 62 
26 53 60 62 37 
27 42 64 63 58 
28 64 47 65 63 
29 67 69 53 70 
30 68 67 70 51 
31 55 73 71 72 
32 73 58 74 71 
33 76 77 60 78 
34 69 76 78 53 
35 58 80 79 74 
36 80 63 81 79 
37 83 85 69 86 
38 84 83 86 67 
39 71 89 87 88 
40 89 74 90 87 
41 11 94 92 93 
42 94 10 24 92 
43 92 24 14 95 
44 93 92 95 6 
45 24 98 96 97 
46 98 23 40 96 
47 96 40 27 99 
48 97 96 99 14 
49 40 102 100 101 
50 102 39 56 100 
51 100 56 43 103 
52 101 100 103 27 
53 56 106 104 105 
54 106 55 72 104 
55 104 72 59 107 
56 105 104 107 43 
57 72 110 108 109 
58 110 71 88 108 
59 109 108 111 59 
60 6 95 112 113 
61 95 14 36 112 
62 112 36 19 114 
63 113 112 114 20 
64 14 99 115 116 
65 99 27 52 115 
66 115 52 35 117 
67 116 115 117 36 
68 27 103 118 119 
69 103 43 68 118 
70 118 68 51 120 
71 119 118 120 52 
72 43 107 121 122 
73 107 59 84 121 
74 121 84 67 123 
75 122 121 123 68 
76 59 111 124 125 
77 124 126 83 127 
78 125 124 127 84 
79 108 130 128 129 
80 130 88 131 128 
81 128 131 75 132 
82 129 128 132 111 
83 133 134 76 135 
84 85 133 135 69 
85 136 137 85 138 
86 126 136 138 83 
87 111 132 139 140 
88 132 75 141 139 
89 139 141 126 142 
90 140 139 142 124 
91 88 144 143 131 
92 144 87 145 143 
93 143 145 91 146 
94 131 143 146 75 
95 75 146 147 141 
96 146 91 148 147 
97 147 148 136 149 
98 141 147 149 126 
99 74 151 150 90 
100 151 79 152 150 
101 87 155 154 145 
102 155 90 156 154 
103 154 156 5 157 
104 145 154 157 91 
105 158 159 133 160 
106 137 158 160 85 
107 5 163 161 162 
108 163 153 164 161 
109 161 164 158 165 
110 162 161 165 137 
111 15 167 166 33 
112 167 17 168 166 
113 166 168 8 169 
114 33 166 169 18 
115 31 171 170 49 
116 171 33 172 170 
117 170 172 18 173 
118 49 170 173 34 
119 47 175 174 65 
120 175 49 176 174 
121 174 176 34 177 
122 65 174 177 50 
123 63 179 178 81 
124 179 65 180 178 
125 178 180 50 181 
126 81 178 181 66 
127 79 183 182 152 
128 183 81 184 182 
129 182 184 66 185 
130 150 188 186 187 
131 188 152 189 186 
132 186 189 82 190 
133 187 186 190 153 
134 18 169 191 45 
135 169 8 192 191 
136 191 192 29 193 
137 45 191 193 28 
138 34 173 194 61 
139 173 18 195 194 
140 194 195 45 196 
141 61 194 196 44 
142 50 177 197 77 
143 177 34 198 197 
144 197 198 61 199 
145 77 197 199 60 
146 66 181 200 134 
147 181 50 201 200 
148 200 201 77 202 
149 134 200 202 76 
150 185 66 204 203 
151 203 204 134 205 
152 159 203 205 133 
153 153 190 206 164 
154 190 82 207 206 
155 206 207 159 208 
156 164 206 208 158 
157 152 210 209 189 
158 210 182 211 209 
159 209 211 185 212 
160 189 209 212 82 
161 82 212 213 207 
162 212 185 214 213 
163 213 214 203 215 
164 207 213 215 159 
165 91 157 216 148 
166 157 5 162 216 
167 216 162 137 217 
168 148 216 217 136 
169 90 219 218 156 
170 219 150 187 218 
171 218 187 153 163 
172 156 218 163 5 
