2 0.000000 100.000000 5791.461216
219 172 
1 -150.000000 0.000000 -151.500000 99.618800 -0.002644 8.715695 0.000013 
2 180.000000 0.000000 -151.500000 99.619085 -0.011002 8.711270 0.000015 
3 180.000000 0.000000 151.500000 99.620642 0.013715 8.709303 -0.000012 
4 -150.000000 0.000000 151.500000 99.620254 0.003070 8.715652 -0.000016 
5 15.000000 0.000000 0.000000 99.499383 0.077503 1.450479 0.009776 
6 -150.000000 0.000000 0.000000 99.619559 0.000254 8.716465 -0.000003 
7 15.000000 0.000000 -151.500000 99.617391 -0.009661 8.713183 0.000046 
8 180.000000 0.000000 0.000000 99.656272 -0.110964 8.293265 -0.000016 
9 15.000000 0.000000 151.500000 99.621988 0.010709 8.712758 -0.000045 
10 -67.500000 0.000000 -75.750000 99.616711 -0.007643 8.716011 0.000054 
11 -150.000000 0.000000 -75.750000 99.618855 -0.002029 8.716124 0.000011 
12 -67.500000 0.000000 -151.500000 99.617998 -0.005580 8.715126 0.000030 
13 15.000000 0.000000 -75.750000 99.611260 -0.026667 8.705720 0.000181 
14 -67.500000 0.000000 0.000000 99.619815 0.000510 8.719250 -0.000013 
15 97.500000 0.000000 -75.750000 99.617964 -0.024467 8.698429 0.000060 
16 97.500000 0.000000 -151.500000 99.618231 -0.011182 8.711473 0.000032 
17 180.000000 0.000000 -75.750000 99.619983 -0.021239 8.700866 0.000015 
18 97.500000 0.000000 0.000000 99.700927 -0.142854 7.776670 -0.000077 
19 -67.500000 0.000000 75.750000 99.622675 0.008491 8.715848 -0.000064 
20 -150.000000 0.000000 75.750000 99.620240 0.002510 8.716092 -0.000016 
21 15.000000 0.000000 75.750000 99.629411 0.028693 8.704099 -0.000178 
22 -67.500000 0.000000 151.500000 99.621168 0.006220 8.714997 -0.000033 
23 -26.250000 0.000000 -37.875000 99.607752 -0.025075 8.716902 0.000231 
24 -67.500000 0.000000 -37.875000 99.616879 -0.006336 8.717784 0.000048 
25 -26.250000 0.000000 -75.750000 99.613475 -0.016211 8.713576 0.000123 
26 15.000000 0.000000 -37.875000 99.585055 -0.085159 8.674100 0.000757 
27 -26.250000 0.000000 0.000000 99.620705 0.000441 8.734150 -0.000057 
28 97.500000 0.000000 75.750000 99.624080 0.029462 8.690808 -0.000049 
29 180.000000 0.000000 75.750000 99.622659 0.030694 8.684980 -0.000010 
30 97.500000 0.000000 151.500000 99.621365 0.012930 8.710396 -0.000029 
31 56.250000 0.000000 -37.875000 99.613606 -0.059134 8.648821 0.000232 
32 56.250000 0.000000 -75.750000 99.614649 -0.027633 8.699168 0.000125 
33 97.500000 0.000000 -37.875000 99.621422 -0.044414 8.657962 0.000061 
34 56.250000 0.000000 0.000000 99.710447 -0.052882 7.645253 -0.000063 
35 -26.250000 0.000000 37.875000 99.632900 0.026779 8.716292 -0.000269 
36 -67.500000 0.000000 37.875000 99.622666 0.007300 8.717661 -0.000067 
37 15.000000 0.000000 37.875000 99.658351 0.080183 8.667540 -0.000692 
38 -26.250000 0.000000 75.750000 99.626353 0.017477 8.713083 -0.000133 
39 -5.625000 0.000000 -18.937500 99.563520 -0.096410 8.719241 0.001107 
40 -26.250000 0.000000 -18.937500 99.607795 -0.023424 8.724539 0.000217 
41 -5.625000 0.000000 -37.875000 99.593124 -0.051265 8.707270 0.000539 
42 15.000000 0.000000 -18.937500 99.486468 -0.225562 8.539372 0.002947 
43 -5.625000 0.000000 0.000000 99.623718 -0.002548 8.835375 -0.000295 
44 56.250000 0.000000 37.875000 99.635121 0.065750 8.622405 -0.000151 
45 97.500000 0.000000 37.875000 99.631547 0.059423 8.600482 -0.000042 
46 56.250000 0.000000 75.750000 99.626888 0.030878 8.695011 -0.000112 
47 35.625000 0.000000 -18.937500 99.605451 -0.160548 8.470416 0.000698 
48 35.625000 0.000000 -37.875000 99.600684 -0.074269 8.649148 0.000489 
49 56.250000 0.000000 -18.937500 99.627341 -0.094825 8.504161 0.000206 
50 35.625000 0.000000 0.000000 99.619340 0.420034 8.620910 0.000149 
51 -5.625000 0.000000 18.937500 99.680610 0.097640 8.715589 -0.001219 
52 -26.250000 0.000000 18.937500 99.633440 0.025374 8.724083 -0.000293 
53 15.000000 0.000000 18.937500 99.773338 0.229328 8.522783 -0.002741 
54 -5.625000 0.000000 37.875000 99.649069 0.053023 8.705505 -0.000573 
55 4.687500 0.000000 -9.468750 99.366071 -0.449265 8.658156 0.005122 
56 -5.625000 0.000000 -9.468750 99.546100 -0.138708 8.761382 0.001379 
57 4.687500 0.000000 -18.937500 99.501155 -0.176662 8.667191 0.002437 
58 15.000000 0.000000 -9.468750 99.271481 -0.613603 8.118951 0.007888 
59 4.687500 0.000000 0.000000 99.651587 0.000041 1.988161 0.006561 
60 35.625000 0.000000 18.937500 99.672578 0.162960 8.392837 -0.000509 
61 56.250000 0.000000 18.937500 99.658437 0.102319 8.341230 -0.000139 
62 35.625000 0.000000 37.875000 99.647322 0.079162 8.634056 -0.000414 
63 25.312500 0.000000 -9.468750 99.580609 -0.576083 7.955495 0.002008 
64 25.312500 0.000000 -18.937500 99.561031 -0.220991 8.468109 0.001584 
65 35.625000 0.000000 -9.468750 99.653012 -0.253651 8.095475 0.000368 
66 25.312500 0.000000 0.000000 99.425011 0.018450 2.263899 0.010954 
67 4.687500 0.000000 9.468750 99.890726 0.458566 8.652965 -0.005324 
68 -5.625000 0.000000 9.468750 99.700526 0.140292 8.759958 -0.001695 
69 15.000000 0.000000 9.468750 100.015365 0.612184 8.094508 -0.006897 
70 4.687500 0.000000 18.937500 99.749004 0.179199 8.661596 -0.002492 
71 9.843750 0.000000 -4.734375 98.796462 -1.021482 8.187797 0.017118 
72 4.687500 0.000000 -4.734375 99.262275 -1.126897 8.561465 0.007243 
73 9.843750 0.000000 -9.468750 99.247154 -0.525510 8.441975 0.007846 
74 15.000000 0.000000 -4.734375 98.990059 -1.260596 7.267044 0.014657 
75 9.843750 0.000000 0.000000 99.610160 -0.001129 1.028778 0.007676 
76 25.312500 0.000000 9.468750 99.750657 0.535162 7.850153 -0.001210 
77 35.625000 0.000000 9.468750 99.694587 0.180956 7.869346 -0.000097 
78 25.312500 0.000000 18.937500 99.709810 0.221366 8.426457 -0.001310 
79 20.156250 0.000000 -4.734375 99.460042 -1.574186 7.139725 0.005425 
80 20.156250 0.000000 -9.468750 99.433529 -0.663035 7.942111 0.004946 
81 25.312500 0.000000 -4.734375 99.713003 -1.289496 7.247745 0.000312 
82 20.156250 0.000000 0.000000 99.293638 0.152187 1.576369 0.013827 
83 9.843750 0.000000 4.734375 100.476352 1.016784 8.182770 -0.016349 
84 4.687500 0.000000 4.734375 99.997437 1.128417 8.558370 -0.007401 
85 15.000000 0.000000 4.734375 100.293672 1.238008 7.292698 -0.011354 
86 9.843750 0.000000 9.468750 100.020957 0.525652 8.430901 -0.007555 
87 12.421875 0.000000 -2.367188 98.653613 0.000000 4.845422 0.024399 
88 9.843750 0.000000 -2.367188 98.015367 0.000000 6.386859 0.035220 
89 12.421875 0.000000 -4.734375 98.720290 -0.966653 7.637853 0.019503 
90 15.000000 0.000000 -2.367188 99.498964 0.000000 5.687745 0.006761 
91 12.421875 0.000000 0.000000 99.590675 -0.007669 0.782393 0.008109 
92 -108.750000 0.000000 -37.875000 99.618641 -0.002323 8.716859 0.000014 
93 -150.000000 0.000000 -37.875000 99.619126 -0.001080 8.716365 0.000005 
94 -108.750000 0.000000 -75.750000 99.618229 -0.003736 8.716247 0.000024 
95 -108.750000 0.000000 0.000000 99.619627 0.000339 8.717173 -0.000006 
96 -46.875000 0.000000 -18.937500 99.615844 -0.008009 8.720863 0.000063 
97 -67.500000 0.000000 -18.937500 99.617991 -0.003594 8.718813 0.000024 
98 -46.875000 0.000000 -37.875000 99.614203 -0.011993 8.718213 0.000100 
99 -46.875000 0.000000 0.000000 99.620072 0.000683 8.722277 -0.000024 
100 -15.937500 0.000000 -9.468750 99.600020 -0.037105 8.741555 0.000342 
101 -26.250000 0.000000 -9.468750 99.611972 -0.014835 8.731756 0.000121 
102 -15.937500 0.000000 -18.937500 99.594047 -0.046734 8.727110 0.000486 
103 -15.937500 0.000000 0.000000 99.621521 0.000360 8.751200 -0.000103 
104 -0.468750 0.000000 -4.734375 99.422105 -0.499653 8.785627 0.003781 
105 -5.625000 0.000000 -4.734375 99.560269 -0.131448 8.798033 0.001033 
106 -0.468750 0.000000 -9.468750 99.470272 -0.284845 8.749637 0.002903 
107 -0.468750 0.000000 0.000000 99.674017 0.001319 2.492582 0.005888 
108 7.265625 0.000000 -2.367188 99.070216 0.000000 6.313766 0.014523 
109 4.687500 0.000000 -2.367188 99.143007 0.000000 5.997040 0.013470 
110 7.265625 0.000000 -4.734375 99.091533 -1.187305 8.470555 0.010771 
111 7.265625 0.000000 0.000000 99.644051 -0.000359 1.739799 0.006804 
112 -108.750000 0.000000 37.875000 99.620593 0.002983 8.716818 -0.000025 
113 -150.000000 0.000000 37.875000 99.619986 0.001580 8.716346 -0.000012 
114 -108.750000 0.000000 75.750000 99.620961 0.004354 8.716180 -0.000031 
115 -46.875000 0.000000 18.937500 99.624230 0.009339 8.720707 -0.000104 
116 -67.500000 0.000000 18.937500 99.621616 0.004598 8.718743 -0.000048 
117 -46.875000 0.000000 37.875000 99.625704 0.013233 8.717962 -0.000128 
118 -15.937500 0.000000 9.468750 99.642921 0.038342 8.741023 -0.000512 
119 -26.250000 0.000000 9.468750 99.629362 0.015751 8.731509 -0.000225 
120 -15.937500 0.000000 18.937500 99.648452 0.048221 8.726221 -0.000596 
121 -0.468750 0.000000 4.734375 99.829530 0.503608 8.784131 -0.004335 
122 -5.625000 0.000000 4.734375 99.686949 0.127751 8.797249 -0.001490 
123 -0.468750 0.000000 9.468750 99.780080 0.281723 8.747029 -0.003265 
124 7.265625 0.000000 2.367188 100.196325 0.000000 6.313188 -0.007916 
125 4.687500 0.000000 2.367188 100.117097 0.000000 5.996104 -0.005939 
126 9.843750 0.000000 2.367188 101.254510 0.000000 6.390590 -0.029332 
127 7.265625 0.000000 4.734375 100.174283 1.186975 8.466194 -0.010797 
128 8.554688 0.000000 -1.183594 98.921909 -0.000027 4.933931 0.019011 
129 7.265625 0.000000 -1.183594 99.192676 -0.000150 4.647811 0.013921 
130 8.554688 0.000000 -2.367188 98.733681 0.000000 6.396148 0.021075 
131 9.843750 0.000000 -1.183594 98.417889 -0.000580 4.404939 0.029452 
132 8.554688 0.000000 0.000000 99.642637 -0.000210 1.825607 0.006801 
133 20.156250 0.000000 4.734375 99.874111 1.483145 7.248273 -0.002958 
134 25.312500 0.000000 4.734375 99.665043 1.068653 7.386815 0.001117 
135 20.156250 0.000000 9.468750 99.877974 0.651505 7.887507 -0.003825 
136 12.421875 0.000000 2.367188 100.564052 0.000000 4.870155 -0.013685 
137 15.000000 0.000000 2.367188 99.490591 0.000000 6.024766 0.006532 
138 12.421875 0.000000 4.734375 100.558057 0.953657 7.638106 -0.017117 
139 8.554688 0.000000 1.183594 100.364670 -0.000027 4.932630 -0.009740 
140 7.265625 0.000000 1.183594 100.082218 -0.000150 4.647011 -0.003805 
141 9.843750 0.000000 1.183594 100.849479 -0.000580 4.407995 -0.019005 
142 8.554688 0.000000 2.367188 100.534102 0.000000 6.395073 -0.014800 
143 11.132812 0.000000 -1.183594 98.040985 -0.001573 2.976698 0.037910 
144 11.132812 0.000000 -2.367188 97.137612 0.000000 5.121852 0.053805 
145 12.421875 0.000000 -1.183594 99.054350 -0.004086 2.516743 0.018190 
146 11.132812 0.000000 0.000000 99.626321 -0.002898 0.186743 0.007456 
147 11.132812 0.000000 1.183594 101.215471 -0.001573 2.977345 -0.025344 
148 12.421875 0.000000 1.183594 100.157744 -0.004086 2.529311 -0.003797 
149 11.132812 0.000000 2.367188 102.118413 0.000000 5.123019 -0.045442 
150 17.578125 0.000000 -2.367188 99.388830 0.000000 5.215525 0.009466 
151 17.578125 0.000000 -4.734375 99.258932 -1.520532 7.145726 0.009429 
152 20.156250 0.000000 -2.367188 99.510991 0.000000 5.054505 0.007201 
153 17.578125 0.000000 0.000000 99.210198 0.271131 1.640723 0.015457 
154 13.710938 0.000000 -1.183594 99.363713 -0.009354 3.237025 0.011637 
155 13.710938 0.000000 -2.367188 99.360564 0.000000 5.470531 0.009755 
156 15.000000 0.000000 -1.183594 99.468603 0.000313 4.691635 0.008399 
157 13.710938 0.000000 0.000000 99.531136 0.009388 2.038970 0.008940 
158 17.578125 0.000000 2.367188 99.450505 0.000000 6.355631 0.006920 
159 20.156250 0.000000 2.367188 99.374460 0.000000 7.146026 0.007365 
160 17.578125 0.000000 4.734375 100.043863 1.474101 7.216668 -0.006303 
161 16.289062 0.000000 1.183594 99.351449 0.008605 4.926211 0.010502 
162 15.000000 0.000000 1.183594 99.439381 0.000313 4.988334 0.008693 
163 16.289062 0.000000 0.000000 99.207663 0.183961 1.436045 0.015574 
164 17.578125 0.000000 1.183594 99.355452 0.026115 4.944324 0.010405 
165 16.289062 0.000000 2.367188 99.464961 0.000000 6.045411 0.007017 
166 138.750000 0.000000 -37.875000 99.622606 -0.039577 8.666541 0.000023 
167 138.750000 0.000000 -75.750000 99.619420 -0.022453 8.699558 0.000029 
168 180.000000 0.000000 -37.875000 99.622621 -0.036589 8.673234 0.000011 
169 138.750000 0.000000 0.000000 99.673978 -0.129879 8.089396 -0.000036 
170 76.875000 0.000000 -18.937500 99.630583 -0.078825 8.533766 0.000092 
171 76.875000 0.000000 -37.875000 99.619177 -0.049273 8.652978 0.000114 
172 97.500000 0.000000 -18.937500 99.631078 -0.071435 8.557103 0.000042 
173 76.875000 0.000000 0.000000 99.714267 -0.131292 7.621171 -0.000103 
174 45.937500 0.000000 -9.468750 99.655010 -0.151983 8.163755 0.000221 
175 45.937500 0.000000 -18.937500 99.621653 -0.115574 8.488382 0.000346 
176 56.250000 0.000000 -9.468750 99.655839 -0.127963 8.219046 0.000114 
177 45.937500 0.000000 0.000000 99.684406 0.080693 7.911717 0.000042 
178 30.468750 0.000000 -4.734375 99.771162 -0.618843 7.578568 -0.001210 
179 30.468750 0.000000 -9.468750 99.641297 -0.396877 8.031134 0.000696 
180 35.625000 0.000000 -4.734375 99.702033 -0.262666 7.689888 0.000030 
181 30.468750 0.000000 0.000000 99.474992 0.177669 2.639321 0.009773 
182 22.734375 0.000000 -2.367188 99.682128 -0.000000 5.065265 0.003782 
183 22.734375 0.000000 -4.734375 99.589211 -1.488603 7.146618 0.002870 
184 25.312500 0.000000 -2.367188 99.955332 -0.000000 4.896044 -0.001504 
185 22.734375 0.000000 0.000000 99.378765 0.104459 1.880125 0.012032 
186 18.867188 0.000000 -1.183594 99.399602 0.071400 3.912039 0.010441 
187 17.578125 0.000000 -1.183594 99.359893 0.026115 3.986185 0.011172 
188 18.867188 0.000000 -2.367188 99.433714 0.000000 5.083676 0.008709 
189 20.156250 0.000000 -1.183594 99.455872 0.064162 3.924434 0.009312 
190 18.867188 0.000000 0.000000 99.259811 0.226647 1.534081 0.014509 
191 138.750000 0.000000 37.875000 99.632582 0.063011 8.572592 -0.000014 
192 180.000000 0.000000 37.875000 99.635744 0.069185 8.532133 -0.000008 
193 138.750000 0.000000 75.750000 99.622947 0.029569 8.688005 -0.000021 
194 76.875000 0.000000 18.937500 99.660564 0.092177 8.273189 -0.000068 
195 97.500000 0.000000 18.937500 99.666820 0.087323 8.184432 -0.000047 
196 76.875000 0.000000 37.875000 99.632790 0.060460 8.611130 -0.000085 
197 45.937500 0.000000 9.468750 99.701708 0.054164 7.815323 -0.000151 
198 56.250000 0.000000 9.468750 99.705138 -0.005886 7.758034 -0.000130 
199 45.937500 0.000000 18.937500 99.660814 0.120197 8.369808 -0.000235 
200 30.468750 0.000000 4.734375 99.608277 0.229152 7.753805 0.001802 
201 35.625000 0.000000 4.734375 99.667795 -0.268741 7.970295 0.000273 
202 30.468750 0.000000 9.468750 99.700231 0.341481 7.865747 -0.000212 
203 22.734375 0.000000 2.367188 99.244420 -0.000000 7.949720 0.008735 
204 25.312500 0.000000 2.367188 98.958001 -0.000000 8.352722 0.013755 
205 22.734375 0.000000 4.734375 99.772297 1.342985 7.275341 -0.000925 
206 18.867188 0.000000 1.183594 99.349374 0.071400 5.243274 0.010220 
207 20.156250 0.000000 1.183594 99.331963 0.064162 5.566928 0.010217 
208 18.867188 0.000000 2.367188 99.424343 0.000000 6.666297 0.007036 
209 21.445312 0.000000 -1.183594 99.527367 0.028901 3.906338 0.007904 
210 21.445312 0.000000 -2.367188 99.584018 0.000000 5.078851 0.005723 
211 22.734375 0.000000 -1.183594 99.611032 0.035299 3.747543 0.006360 
212 21.445312 0.000000 0.000000 99.332239 0.151642 1.790285 0.012988 
213 21.445312 0.000000 1.183594 99.293994 0.028901 5.883025 0.010609 
214 22.734375 0.000000 1.183594 99.235522 0.035299 6.002346 0.011628 
215 21.445312 0.000000 2.367188 99.326726 0.000000 7.563422 0.007700 
216 13.710938 0.000000 1.183594 99.703285 -0.009354 3.297499 0.004838 
217 13.710938 0.000000 2.367188 99.749876 0.000000 5.579162 0.001884 
218 16.289062 0.000000 -1.183594 99.398962 0.008605 4.271263 0.010160 
219 16.289062 0.000000 -2.367188 99.405511 0.000000 5.335536 0.009008 
1 1 12 10 11 
2 12 7 13 10 
3 7 16 15 13 
4 16 2 17 15 
5 19 21 9 22 
6 20 19 22 4 
7 10 25 23 24 
8 25 13 26 23 
9 28 29 3 30 
10 21 28 30 9 
11 13 32 31 26 
12 32 15 33 31 
13 35 37 21 38 
14 36 35 38 19 
15 23 41 39 40 
16 41 26 42 39 
17 44 45 28 46 
18 37 44 46 21 
19 26 48 47 42 
20 48 31 49 47 
21 51 53 37 54 
22 52 51 54 35 
23 39 57 55 56 
24 57 42 58 55 
25 60 61 44 62 
26 53 60 62 37 
27 42 64 63 58 
28 64 47 65 63 
29 67 69 53 70 
30 68 67 70 51 
31 55 73 71 72 
32 73 58 74 71 
33 76 77 60 78 
34 69 76 78 53 
35 58 80 79 74 
36 80 63 81 79 
37 83 85 69 86 
38 84 83 86 67 
39 71 89 87 88 
40 89 74 90 87 
41 11 94 92 93 
42 94 10 24 92 
43 92 24 14 95 
44 93 92 95 6 
45 24 98 96 97 
46 98 23 40 96 
47 96 40 27 99 
48 97 96 99 14 
49 40 102 100 101 
50 102 39 56 100 
51 100 56 43 103 
52 101 100 103 27 
53 56 106 104 105 
54 106 55 72 104 
55 104 72 59 107 
56 105 104 107 43 
57 72 110 108 109 
58 110 71 88 108 
59 109 108 111 59 
60 6 95 112 113 
61 95 14 36 112 
62 112 36 19 114 
63 113 112 114 20 
64 14 99 115 116 
65 99 27 52 115 
66 115 52 35 117 
67 116 115 117 36 
68 27 103 118 119 
69 103 43 68 118 
70 118 68 51 120 
71 119 118 120 52 
72 43 107 121 122 
73 107 59 84 121 
74 121 84 67 123 
75 122 121 123 68 
76 59 111 124 125 
77 124 126 83 127 
78 125 124 127 84 
79 108 130 128 129 
80 130 88 131 128 
81 128 131 75 132 
82 129 128 132 111 
83 133 134 76 135 
84 85 133 135 69 
85 136 137 85 138 
86 126 136 138 83 
87 111 132 139 140 
88 132 75 141 139 
89 139 141 126 142 
90 140 139 142 124 
91 88 144 143 131 
92 144 87 145 143 
93 143 145 91 146 
94 131 143 146 75 
95 75 146 147 141 
96 146 91 148 147 
97 147 148 136 149 
98 141 147 149 126 
99 74 151 150 90 
100 151 79 152 150 
101 87 155 154 145 
102 155 90 156 154 
103 154 156 5 157 
104 145 154 157 91 
105 158 159 133 160 
106 137 158 160 85 
107 5 163 161 162 
108 163 153 164 161 
109 161 164 158 165 
110 162 161 165 137 
111 15 167 166 33 
112 167 17 168 166 
113 166 168 8 169 
114 33 166 169 18 
115 31 171 170 49 
116 171 33 172 170 
117 170 172 18 173 
118 49 170 173 34 
119 47 175 174 65 
120 175 49 176 174 
121 174 176 34 177 
122 65 174 177 50 
123 63 179 178 81 
124 179 65 180 178 
125 178 180 50 181 
126 81 178 181 66 
127 79 183 182 152 
128 183 81 184 182 
129 182 184 66 185 
130 150 188 186 187 
131 188 152 189 186 
132 186 189 82 190 
133 187 186 190 153 
134 18 169 191 45 
135 169 8 192 191 
136 191 192 29 193 
137 45 191 193 28 
138 34 173 194 61 
139 173 18 195 194 
140 194 195 45 196 
141 61 194 196 44 
142 50 177 197 77 
143 177 34 198 197 
144 197 198 61 199 
145 77 197 199 60 
146 66 181 200 134 
147 181 50 201 200 
148 200 201 77 202 
149 134 200 202 76 
150 185 66 204 203 
151 203 204 134 205 
152 159 203 205 133 
153 153 190 206 164 
154 190 82 207 206 
155 206 207 159 208 
156 164 206 208 158 
157 152 210 209 189 
158 210 182 211 209 
159 209 211 185 212 
160 189 209 212 82 
161 82 212 213 207 
162 212 185 214 213 
163 213 214 203 215 
164 207 213 215 159 
165 91 157 216 148 
166 157 5 162 216 
167 216 162 137 217 
168 148 216 217 136 
169 90 219 218 156 
170 219 150 187 218 
171 218 187 153 163 
172 156 218 163 5 
