2 0.000000 1989.093400 115197.572811
558 472 
1 -165.125896 0.000000 -182.734516 1988.772630 -0.347133 34.718356 0.000018 
2 230.704331 0.000000 -182.734516 1988.775469 -0.346861 34.604428 0.000017 
3 230.704331 0.000000 191.138357 1988.808227 -0.347349 34.606718 -0.000016 
4 -165.125896 0.000000 191.138357 1988.808334 -0.347176 34.717497 -0.000018 
5 32.789217 0.000000 4.201920 1993.014931 -0.604365 6.252350 -0.003957 
6 -165.125896 0.000000 4.201920 1988.791866 -0.347153 34.739372 -0.000002 
7 32.789217 0.000000 -182.734516 1988.736381 -0.346989 34.657263 0.000055 
8 230.704331 0.000000 4.201920 1989.155335 0.595458 13.966877 -0.000112 
9 32.789217 0.000000 191.138357 1988.841588 -0.347285 34.660552 -0.000050 
10 131.746774 0.000000 -89.266298 1988.732686 -0.345249 34.261994 0.000066 
11 32.789217 0.000000 -89.266298 1988.568231 -0.328816 34.469156 0.000228 
12 131.746774 0.000000 -182.734516 1988.755616 -0.346897 34.614080 0.000037 
13 230.704331 0.000000 -89.266298 1988.782246 -0.345058 34.281418 0.000016 
14 131.746774 0.000000 4.201920 1989.117182 1.320047 16.308007 -0.000092 
15 -66.168339 0.000000 -89.266298 1988.714531 -0.346936 34.731506 0.000076 
16 -165.125896 0.000000 -89.266298 1988.773483 -0.347133 34.730212 0.000017 
17 -66.168339 0.000000 -182.734516 1988.752022 -0.347089 34.704631 0.000039 
18 -66.168339 0.000000 4.201920 1988.801308 -0.347470 34.819347 -0.000013 
19 131.746774 0.000000 97.670139 1988.858247 -0.348628 34.310081 -0.000061 
20 32.789217 0.000000 97.670139 1988.985550 -0.314710 34.501293 -0.000192 
21 230.704331 0.000000 97.670139 1988.812833 -0.348701 34.296888 -0.000015 
22 131.746774 0.000000 191.138357 1988.825832 -0.347336 34.619586 -0.000034 
23 82.267996 0.000000 -42.532189 1988.612032 -0.400286 32.915627 0.000210 
24 32.789217 0.000000 -42.532189 1987.798803 -0.364398 33.642841 0.001015 
25 82.267996 0.000000 -89.266298 1988.652011 -0.376593 34.295005 0.000146 
26 131.746774 0.000000 -42.532189 1988.763584 -0.315269 32.978092 0.000057 
27 82.267996 0.000000 4.201920 1989.142490 1.088547 16.647694 -0.000120 
28 -66.168339 0.000000 97.670139 1988.864872 -0.347199 34.725171 -0.000075 
29 -165.125896 0.000000 97.670139 1988.808683 -0.347174 34.728788 -0.000019 
30 -66.168339 0.000000 191.138357 1988.827437 -0.347210 34.703822 -0.000037 
31 -16.689561 0.000000 -42.532189 1988.487435 -0.346351 34.747399 0.000304 
32 -66.168339 0.000000 -42.532189 1988.717586 -0.346695 34.784413 0.000072 
33 -16.689561 0.000000 -89.266298 1988.627311 -0.341559 34.667539 0.000165 
34 -16.689561 0.000000 4.201920 1988.889172 -0.353735 35.215944 -0.000108 
35 82.267996 0.000000 50.936029 1989.003606 -0.367696 33.356778 -0.000191 
36 32.789217 0.000000 50.936029 1989.448002 -0.414113 33.943324 -0.000648 
37 131.746774 0.000000 50.936029 1988.872074 -0.374198 33.291196 -0.000058 
38 82.267996 0.000000 97.670139 1988.921835 -0.349579 34.354827 -0.000126 
39 57.528607 0.000000 -19.165134 1987.882490 -0.293958 28.145644 0.001017 
40 32.789217 0.000000 -19.165134 1985.596912 -0.290090 29.999843 0.003285 
41 57.528607 0.000000 -42.532189 1988.238463 -0.309405 33.061969 0.000583 
42 82.267996 0.000000 -19.165134 1988.679802 -0.288198 28.633250 0.000209 
43 57.528607 0.000000 4.201920 1989.578186 0.915998 15.485355 -0.000548 
44 -16.689561 0.000000 50.936029 1989.070284 -0.359419 34.716797 -0.000281 
45 -66.168339 0.000000 50.936029 1988.871158 -0.346940 34.772508 -0.000082 
46 -16.689561 0.000000 97.670139 1988.940033 -0.347252 34.666586 -0.000150 
47 8.049828 0.000000 -19.165134 1986.784692 -0.378930 35.027892 0.002010 
48 -16.689561 0.000000 -19.165134 1988.450389 -0.348287 35.051815 0.000336 
49 8.049828 0.000000 -42.532189 1988.050204 -0.354606 34.470330 0.000748 
50 8.049828 0.000000 4.201920 1990.632666 -0.360539 37.762910 -0.001909 
51 57.528607 0.000000 27.568975 1989.709208 -0.403028 30.728518 -0.000858 
52 32.789217 0.000000 27.568975 1990.837918 -0.378617 32.113399 -0.002016 
53 82.267996 0.000000 27.568975 1989.100191 -0.401240 30.738255 -0.000246 
54 57.528607 0.000000 50.936029 1989.256523 -0.388692 33.471805 -0.000447 
55 45.158912 0.000000 -7.481607 1986.316568 -0.186590 17.980078 0.002708 
56 32.789217 0.000000 -7.481607 1983.280927 -0.095818 16.886437 0.005764 
57 45.158912 0.000000 -19.165134 1986.856841 -0.267599 28.524355 0.002042 
58 57.528607 0.000000 -7.481607 1988.201922 -0.581173 18.701803 0.000808 
59 45.158912 0.000000 4.201920 1991.193155 0.000000 12.651093 -0.002153 
60 8.049828 0.000000 27.568975 1990.178605 -0.385688 34.647493 -0.001395 
61 -16.689561 0.000000 27.568975 1989.167293 -0.343889 34.942315 -0.000383 
62 8.049828 0.000000 50.936029 1989.360071 -0.359304 34.488610 -0.000569 
63 20.419523 0.000000 -7.481607 1978.660453 -0.300180 28.504841 0.010257 
64 8.049828 0.000000 -7.481607 1986.396316 -0.344227 36.583190 0.002372 
65 20.419523 0.000000 -19.165134 1985.521112 -0.320797 32.927587 0.003315 
66 20.419523 0.000000 4.201920 2005.095448 -0.429669 19.528362 -0.016251 
67 45.158912 0.000000 15.885447 1991.028902 -0.562935 26.832233 -0.002129 
68 32.789217 0.000000 15.885447 1992.883176 -0.467000 28.133945 -0.004014 
69 57.528607 0.000000 15.885447 1989.886804 -0.522035 26.323199 -0.000973 
70 45.158912 0.000000 27.568975 1990.343153 -0.397644 31.127535 -0.001502 
71 38.974065 0.000000 -1.639843 1987.749058 0.920796 15.596591 0.001290 
72 32.789217 0.000000 -1.639843 1982.455876 0.404026 -24.672456 0.006509 
73 38.974065 0.000000 -7.481607 1985.832469 -0.042956 17.589502 0.003198 
74 45.158912 0.000000 -1.639843 1987.796573 1.342025 15.510182 0.001242 
75 38.974065 0.000000 4.201920 1990.659746 0.000000 11.236425 -0.001607 
76 20.419523 0.000000 15.885447 1993.305221 -0.391594 32.350323 -0.004504 
77 8.049828 0.000000 15.885447 1990.989972 -0.362892 35.339733 -0.002224 
78 20.419523 0.000000 27.568975 1990.923051 -0.366860 33.640885 -0.002127 
79 26.604370 0.000000 -1.639843 1986.805147 -0.464954 -47.912590 0.001719 
80 20.419523 0.000000 -1.639843 1956.526100 -0.241075 -4.837083 0.032472 
81 26.604370 0.000000 -7.481607 1979.889912 -0.226486 21.355198 0.009117 
82 26.604370 0.000000 4.201920 2001.136213 -0.540693 8.884888 -0.012166 
83 38.974065 0.000000 10.043684 1992.345847 -0.718831 22.221834 -0.003398 
84 32.789217 0.000000 10.043684 1993.771199 -0.549014 22.858653 -0.004841 
85 45.158912 0.000000 10.043684 1991.450087 0.000000 20.540675 -0.002478 
86 38.974065 0.000000 15.885447 1991.875836 -0.513923 27.284162 -0.002988 
87 35.881641 0.000000 1.281038 1984.822454 0.000000 -10.043393 0.004264 
88 32.789217 0.000000 1.281038 1990.229060 -1.216289 -19.583361 -0.001240 
89 35.881641 0.000000 -1.639843 1987.091165 0.515654 15.621337 0.001950 
90 38.974065 0.000000 1.281038 1987.346160 -0.000000 -1.133935 0.001756 
91 35.881641 0.000000 4.201920 1989.161522 0.000000 4.527558 -0.000074 
92 26.604370 0.000000 10.043684 1995.671472 -0.479153 25.568565 -0.006790 
93 20.419523 0.000000 10.043684 1995.837044 -0.405537 30.392533 -0.007026 
94 26.604370 0.000000 15.885447 1993.398838 -0.418016 29.923330 -0.004560 
95 29.696794 0.000000 1.281038 1986.305000 -0.927134 -48.166370 0.002215 
96 26.604370 0.000000 1.281038 1987.242146 -0.403451 -47.874611 0.001281 
97 29.696794 0.000000 -1.639843 1986.305000 -0.927134 -48.166370 0.002215 
98 29.696794 0.000000 4.201920 1997.342093 -0.565104 6.641067 -0.008322 
99 82.267996 0.000000 -136.000407 1988.712710 -0.346652 34.550598 0.000081 
100 32.789217 0.000000 -136.000407 1988.692415 -0.346771 34.610066 0.000100 
101 82.267996 0.000000 -182.734516 1988.743163 -0.346935 34.630858 0.000049 
102 131.746774 0.000000 -136.000407 1988.743234 -0.346553 34.523221 0.000051 
103 57.528607 0.000000 -65.899244 1988.532179 -0.304503 34.042509 0.000271 
104 32.789217 0.000000 -65.899244 1988.438183 -0.344493 34.260563 0.000362 
105 57.528607 0.000000 -89.266298 1988.600992 -0.328460 34.362877 0.000197 
106 82.267996 0.000000 -65.899244 1988.612357 -0.318820 33.928014 0.000193 
107 45.158912 0.000000 -30.848662 1987.498842 -0.309507 31.869461 0.001346 
108 32.789217 0.000000 -30.848662 1987.037563 -0.320368 32.685982 0.001796 
109 45.158912 0.000000 -42.532189 1988.006614 -0.368501 33.289121 0.000812 
110 57.528607 0.000000 -30.848662 1988.024320 -0.311807 31.540309 0.000823 
111 38.974065 0.000000 -13.323371 1985.484270 -0.215102 25.243363 0.003465 
112 32.789217 0.000000 -13.323371 1984.215023 -0.238613 26.101427 0.004727 
113 38.974065 0.000000 -19.165134 1986.269825 -0.265872 29.213346 0.002621 
114 45.158912 0.000000 -13.323371 1986.562067 -0.220840 24.998587 0.002386 
115 35.881641 0.000000 -4.560725 1987.137391 0.155993 6.593455 0.001955 
116 32.789217 0.000000 -4.560725 1982.942254 0.061356 4.685722 0.006170 
117 35.881641 0.000000 -7.481607 1984.999012 -0.051760 16.674101 0.004042 
118 38.974065 0.000000 -4.560725 1987.351543 0.217588 10.469489 0.001723 
119 34.335429 0.000000 -0.179403 1983.032970 -0.697263 -39.184760 0.005696 
120 32.789217 0.000000 -0.179403 1984.750800 6.678654 -45.776708 0.003821 
121 34.335429 0.000000 -1.639843 1987.384166 0.532249 -26.121273 0.001545 
122 35.881641 0.000000 -0.179403 1983.174636 0.271895 1.456546 0.005942 
123 34.335429 0.000000 1.281038 1986.662544 0.000000 -16.727338 0.002372 
124 181.225553 0.000000 50.936029 1988.836577 -0.357515 33.264566 -0.000021 
125 181.225553 0.000000 4.201920 1989.127861 1.583024 15.549671 -0.000096 
126 230.704331 0.000000 50.936029 1988.825851 -0.358518 33.229112 -0.000010 
127 181.225553 0.000000 97.670139 1988.826544 -0.348612 34.300731 -0.000029 
128 107.007385 0.000000 27.568975 1988.939109 -0.391545 30.704820 -0.000083 
129 107.007385 0.000000 4.201920 1989.114089 2.304198 16.628070 -0.000092 
130 131.746774 0.000000 27.568975 1988.898951 -0.379861 30.652168 -0.000042 
131 107.007385 0.000000 50.936029 1988.919908 -0.364377 33.306454 -0.000106 
132 69.898301 0.000000 15.885447 1989.301080 -0.497743 26.494402 -0.000386 
133 69.898301 0.000000 4.201920 1989.200049 1.241117 16.462684 -0.000176 
134 82.267996 0.000000 15.885447 1989.097780 -0.500219 26.609659 -0.000183 
135 69.898301 0.000000 27.568975 1989.286708 -0.408064 30.745723 -0.000433 
136 51.343759 0.000000 10.043684 1990.541575 -2.514260 22.040173 -0.001581 
137 51.343759 0.000000 4.201920 1990.068992 0.173319 14.488556 -0.001034 
138 57.528607 0.000000 10.043684 1989.822241 -2.652379 22.119708 -0.000858 
139 51.343759 0.000000 15.885447 1990.323318 -0.545275 26.509281 -0.001415 
140 181.225553 0.000000 -42.532189 1988.798609 -0.333586 33.058131 0.000020 
141 181.225553 0.000000 -89.266298 1988.767873 -0.345097 34.269409 0.000030 
142 230.704331 0.000000 -42.532189 1988.808599 -0.333659 33.125113 0.000009 
143 107.007385 0.000000 -19.165134 1988.824389 -0.342944 28.881297 0.000060 
144 107.007385 0.000000 -42.532189 1988.712796 -0.315572 32.933128 0.000108 
145 131.746774 0.000000 -19.165134 1988.856112 -0.286257 29.084538 0.000025 
146 69.898301 0.000000 -7.481607 1988.789418 -0.624977 19.660946 0.000208 
147 69.898301 0.000000 -19.165134 1988.443628 -0.300188 28.363266 0.000450 
148 82.267996 0.000000 -7.481607 1988.933097 -0.583653 20.248877 0.000057 
149 51.343759 0.000000 -1.639843 1987.486441 -0.146362 10.214297 0.001589 
150 51.343759 0.000000 -7.481607 1987.535187 -0.343879 18.456986 0.001480 
151 57.528607 0.000000 -1.639843 1987.808934 0.734019 7.164639 0.001278 
152 48.251336 0.000000 7.122802 1991.036667 0.000000 19.614605 -0.002052 
153 45.158912 0.000000 7.122802 1991.413575 0.000000 19.005807 -0.002426 
154 48.251336 0.000000 4.201920 1990.599911 0.109577 13.808226 -0.001564 
155 51.343759 0.000000 7.122802 1990.435561 0.236096 18.831072 -0.001440 
156 48.251336 0.000000 10.043684 1990.942478 0.000000 20.720145 -0.001969 
157 42.066488 0.000000 7.122802 1991.709644 0.000000 18.355604 -0.002717 
158 38.974065 0.000000 7.122802 1991.574842 0.000000 15.472361 -0.002557 
159 42.066488 0.000000 4.201920 1991.299718 -0.000000 12.566507 -0.002260 
160 42.066488 0.000000 10.043684 1991.598184 0.000000 20.534117 -0.002627 
161 82.267996 0.000000 144.404248 1988.864387 -0.347537 34.566034 -0.000072 
162 32.789217 0.000000 144.404248 1988.880521 -0.347432 34.619073 -0.000089 
163 131.746774 0.000000 144.404248 1988.839875 -0.347578 34.537573 -0.000047 
164 82.267996 0.000000 191.138357 1988.836265 -0.347318 34.636228 -0.000045 
165 57.528607 0.000000 74.303084 1989.055716 -0.344748 34.163125 -0.000257 
166 32.789217 0.000000 74.303084 1989.120216 -0.345832 34.342251 -0.000325 
167 82.267996 0.000000 74.303084 1988.970407 -0.368277 34.070541 -0.000170 
168 57.528607 0.000000 97.670139 1988.963037 -0.315704 34.413977 -0.000168 
169 45.158912 0.000000 39.252502 1989.758361 -0.377144 32.942360 -0.000943 
170 32.789217 0.000000 39.252502 1989.989458 -0.365386 33.429634 -0.001184 
171 57.528607 0.000000 39.252502 1989.445103 -0.406744 32.700242 -0.000624 
172 45.158912 0.000000 50.936029 1989.359710 -0.273124 33.661448 -0.000554 
173 51.343759 0.000000 21.727211 1990.103122 -0.426011 29.229881 -0.001232 
174 45.158912 0.000000 21.727211 1990.561846 -0.430803 29.545338 -0.001698 
175 57.528607 0.000000 21.727211 1989.812741 -0.431860 29.026359 -0.000936 
176 51.343759 0.000000 27.568975 1989.998421 -0.404980 30.883667 -0.001151 
177 48.251336 0.000000 12.964566 1990.839406 -0.707729 24.671105 -0.001910 
178 45.158912 0.000000 12.964566 1991.228694 -0.693619 24.901229 -0.002305 
179 51.343759 0.000000 12.964566 1990.444139 -0.714819 24.555295 -0.001511 
180 48.251336 0.000000 15.885447 1990.710673 -0.563014 26.564689 -0.001805 
181 46.705124 0.000000 8.583243 1991.153682 0.000000 20.163587 -0.002175 
182 45.158912 0.000000 8.583243 1991.388970 0.000000 20.344405 -0.002414 
183 46.705124 0.000000 7.122802 1991.182667 -0.000000 18.704724 -0.002190 
184 48.251336 0.000000 8.583243 1990.886104 0.000000 20.775083 -0.001912 
185 46.705124 0.000000 10.043684 1991.183682 -0.000000 20.561010 -0.002210 
186 63.713454 0.000000 10.043684 1989.456929 -2.929245 22.261109 -0.000493 
187 63.713454 0.000000 4.201920 1989.253708 1.250822 16.269874 -0.000228 
188 69.898301 0.000000 10.043684 1989.257888 -3.808889 22.648764 -0.000299 
189 63.713454 0.000000 15.885447 1989.523668 -0.496413 26.380251 -0.000609 
190 54.436183 0.000000 7.122802 1990.057386 0.348236 18.936647 -0.001060 
191 54.436183 0.000000 4.201920 1989.775070 0.480960 15.215027 -0.000744 
192 57.528607 0.000000 7.122802 1989.790298 0.474744 18.929678 -0.000791 
193 54.436183 0.000000 10.043684 1990.147239 -2.578815 22.045291 -0.001184 
194 49.797547 0.000000 8.583243 1990.867518 0.000000 20.795953 -0.001894 
195 49.797547 0.000000 7.122802 1990.643179 0.213627 18.838829 -0.001649 
196 51.343759 0.000000 8.583243 1990.470482 0.269694 20.554164 -0.001492 
197 49.797547 0.000000 10.043684 1990.686008 -2.478286 22.063932 -0.001727 
198 38.974065 0.000000 21.727211 1991.076834 -0.433639 30.105768 -0.002224 
199 32.789217 0.000000 21.727211 1991.629367 -0.448124 30.926134 -0.002793 
200 38.974065 0.000000 27.568975 1990.519904 -0.406178 31.567563 -0.001687 
201 42.066488 0.000000 12.964566 1991.709754 -0.620106 24.955940 -0.002790 
202 38.974065 0.000000 12.964566 1992.267157 -0.569279 25.126187 -0.003353 
203 42.066488 0.000000 15.885447 1991.466693 -0.536801 26.950325 -0.002571 
204 46.705124 0.000000 11.504125 1991.111310 -0.913497 23.619512 -0.002171 
205 45.158912 0.000000 11.504125 1991.365687 -0.855411 23.544657 -0.002426 
206 48.251336 0.000000 11.504125 1990.894058 -0.960694 23.523257 -0.001951 
207 46.705124 0.000000 12.964566 1991.042446 -0.707724 24.763592 -0.002116 
208 47.478230 0.000000 9.313463 1991.022395 0.000000 21.460883 -0.002057 
209 46.705124 0.000000 9.313463 1991.147655 0.000000 21.150298 -0.002180 
210 47.478230 0.000000 8.583243 1991.044536 0.000000 20.390743 -0.002068 
211 48.251336 0.000000 9.313463 1990.905720 -0.000000 21.283073 -0.001938 
212 47.478230 0.000000 10.043684 1991.022691 0.000000 20.642550 -0.002049 
213 43.612700 0.000000 8.583243 1991.577330 0.000000 20.343841 -0.002604 
214 42.066488 0.000000 8.583243 1991.660748 0.000000 19.434907 -0.002679 
215 43.612700 0.000000 7.122802 1991.574983 0.000000 18.647960 -0.002585 
216 43.612700 0.000000 10.043684 1991.554982 0.000000 20.516918 -0.002583 
217 45.932018 0.000000 9.313463 1991.306007 -0.000000 21.195744 -0.002340 
218 45.158912 0.000000 9.313463 1991.384992 0.000000 21.335422 -0.002421 
219 45.932018 0.000000 8.583243 1991.290482 -0.000000 20.157779 -0.002313 
220 45.932018 0.000000 10.043684 1991.299324 -0.000000 20.536412 -0.002326 
221 54.436183 0.000000 12.964566 1990.131239 -0.680730 24.457217 -0.001195 
222 57.528607 0.000000 12.964566 1989.819851 -0.663319 24.517050 -0.000883 
223 54.436183 0.000000 15.885447 1990.041142 -0.532821 26.432692 -0.001130 
224 49.797547 0.000000 11.504125 1990.743966 -0.953594 23.337297 -0.001798 
225 51.343759 0.000000 11.504125 1990.544896 -0.947534 23.280940 -0.001597 
226 49.797547 0.000000 12.964566 1990.664963 -0.714888 24.527546 -0.001733 
227 47.478230 0.000000 10.773904 1990.939331 -1.218249 22.977641 -0.001991 
228 46.705124 0.000000 10.773904 1991.047256 -1.180209 23.009055 -0.002100 
229 48.251336 0.000000 10.773904 1990.927578 -1.252342 22.879491 -0.001978 
230 47.478230 0.000000 11.504125 1991.000275 -0.929586 23.572130 -0.002059 
231 47.091677 0.000000 9.678574 1991.012150 -0.000000 21.661665 -0.002049 
232 46.705124 0.000000 9.678574 1991.106856 -0.000000 21.527425 -0.002143 
233 47.091677 0.000000 9.313463 1991.071799 0.000000 21.400026 -0.002106 
234 47.478230 0.000000 9.678574 1990.973432 0.000000 21.602183 -0.002009 
235 47.091677 0.000000 10.043684 1991.100143 -0.000000 20.591374 -0.002126 
236 48.251336 0.000000 1.281038 1989.091293 1.808146 6.032999 -0.000008 
237 45.158912 0.000000 1.281038 1990.012985 1.881976 3.425253 -0.000929 
238 48.251336 0.000000 -1.639843 1987.641531 0.171488 11.115639 0.001428 
239 51.343759 0.000000 1.281038 1988.564337 1.992253 8.326860 0.000513 
240 46.705124 0.000000 5.662361 1991.231102 0.000000 17.211863 -0.002225 
241 45.158912 0.000000 5.662361 1991.383596 0.000000 16.059908 -0.002369 
242 46.705124 0.000000 4.201920 1991.183930 0.000000 12.590222 -0.002143 
243 48.251336 0.000000 5.662361 1991.066797 0.000000 18.409369 -0.002071 
244 47.478230 0.000000 7.853022 1991.045593 0.000000 19.662316 -0.002062 
245 46.705124 0.000000 7.853022 1991.162773 0.000000 19.584971 -0.002179 
246 47.478230 0.000000 7.122802 1991.099684 0.000000 19.047476 -0.002110 
247 48.251336 0.000000 7.853022 1991.000027 0.000000 20.119479 -0.002020 
248 47.091677 0.000000 8.948353 1991.088832 0.000000 20.726558 -0.002116 
249 46.705124 0.000000 8.948353 1991.139262 0.000000 20.700009 -0.002166 
250 47.091677 0.000000 8.583243 1991.100547 0.000000 20.359056 -0.002124 
251 47.478230 0.000000 8.948353 1991.048374 0.000000 20.655958 -0.002074 
252 49.024441 0.000000 9.313463 1990.910759 0.000000 20.742953 -0.001937 
253 49.024441 0.000000 8.583243 1990.923980 0.000000 20.737328 -0.001950 
254 49.797547 0.000000 9.313463 1990.856933 0.000000 20.803315 -0.001883 
255 49.024441 0.000000 10.043684 1990.855979 0.000000 20.807325 -0.001882 
256 47.864783 0.000000 9.678574 1990.972281 0.000000 21.468626 -0.002007 
257 47.864783 0.000000 9.313463 1990.971428 0.000000 21.507299 -0.002006 
258 48.251336 0.000000 9.678574 1990.978221 0.000000 20.677636 -0.002004 
259 47.864783 0.000000 10.043684 1990.991052 0.000000 20.664433 -0.002017 
260 47.284953 0.000000 9.496019 1991.010808 -0.000000 21.698448 -0.002048 
261 47.091677 0.000000 9.496019 1991.038221 -0.000000 21.721258 -0.002076 
262 47.284953 0.000000 9.313463 1991.043417 0.000000 21.403777 -0.002077 
263 47.478230 0.000000 9.496019 1990.993702 0.000000 21.693671 -0.002031 
264 47.284953 0.000000 9.678574 1990.989627 0.000000 21.647638 -0.002026 
265 42.066488 0.000000 1.281038 1990.056920 0.000000 1.445072 -0.000970 
266 42.066488 0.000000 -1.639843 1987.888709 1.136114 15.525873 0.001150 
267 42.066488 0.000000 -4.560725 1986.446800 0.021731 12.079645 0.002622 
268 42.066488 0.000000 -7.481607 1986.025436 -0.104645 18.004163 0.003000 
269 45.158912 0.000000 -4.560725 1986.637036 -0.157290 12.768538 0.002427 
270 43.612700 0.000000 -0.179403 1988.637104 0.448003 8.293180 0.000441 
271 42.066488 0.000000 -0.179403 1988.849992 0.196565 4.040858 0.000241 
272 43.612700 0.000000 -1.639843 1987.829343 1.257198 15.511295 0.001209 
273 45.158912 0.000000 -0.179403 1988.339994 -18.564817 15.236586 0.000612 
274 43.612700 0.000000 1.281038 1990.018968 0.000000 2.307781 -0.000932 
275 -16.689561 0.000000 -136.000407 1988.705353 -0.346906 34.674830 0.000086 
276 -66.168339 0.000000 -136.000407 1988.735481 -0.347061 34.709919 0.000055 
277 -16.689561 0.000000 -182.734516 1988.740532 -0.347046 34.685068 0.000051 
278 8.049828 0.000000 -65.899244 1988.462260 -0.349185 34.529495 0.000333 
279 -16.689561 0.000000 -65.899244 1988.551768 -0.333769 34.692496 0.000240 
280 8.049828 0.000000 -89.266298 1988.580614 -0.384556 34.584238 0.000213 
281 20.419523 0.000000 -30.848662 1987.061222 -0.341013 33.791873 0.001754 
282 8.049828 0.000000 -30.848662 1987.575304 -0.316842 34.582930 0.001224 
283 20.419523 0.000000 -42.532189 1987.841962 -0.307309 34.110220 0.000964 
284 26.604370 0.000000 -13.323371 1983.248053 -0.276886 28.460581 0.005664 
285 20.419523 0.000000 -13.323371 1983.458328 -0.315659 31.675318 0.005404 
286 26.604370 0.000000 -19.165134 1985.274351 -0.303551 31.394790 0.003587 
287 29.696794 0.000000 -4.560725 1978.815013 -0.049655 6.293618 0.010298 
288 26.604370 0.000000 -4.560725 1976.136892 -0.152459 10.414854 0.012958 
289 29.696794 0.000000 -7.481607 1981.224238 -0.156949 18.370673 0.007811 
290 34.335429 0.000000 -3.100284 1986.647528 0.258512 -6.258379 0.002448 
291 32.789217 0.000000 -3.100284 1982.825793 0.187644 -6.993007 0.006280 
292 34.335429 0.000000 -4.560725 1985.227122 0.110861 5.130667 0.003877 
293 35.881641 0.000000 -3.100284 1990.843199 0.314639 -2.358847 -0.001762 
294 37.427853 0.000000 -0.179403 1982.592711 0.107182 -2.615647 0.006524 
295 37.427853 0.000000 -1.639843 1987.508204 0.626264 15.628709 0.001531 
296 38.974065 0.000000 -0.179403 1986.140498 0.280271 2.734629 0.002965 
297 37.427853 0.000000 1.281038 1985.480357 0.000000 -4.397198 0.003625 
298 35.108535 0.000000 -0.909623 1986.126270 0.093452 3.997050 0.002977 
299 34.335429 0.000000 -0.909623 1982.920150 -0.821374 -47.578751 0.005625 
300 35.108535 0.000000 -1.639843 1986.992373 0.511885 15.615577 0.002050 
301 35.881641 0.000000 -0.909623 1986.762175 0.493613 14.353983 0.002290 
302 35.108535 0.000000 -0.179403 1981.927179 -0.349073 -23.423319 0.007054 
303 -115.647118 0.000000 -42.532189 1988.767262 -0.347108 34.751886 0.000023 
304 -165.125896 0.000000 -42.532189 1988.780505 -0.347140 34.736854 0.000010 
305 -115.647118 0.000000 -89.266298 1988.756553 -0.347107 34.734493 0.000034 
306 -115.647118 0.000000 4.201920 1988.793705 -0.347070 34.760786 -0.000004 
307 -41.428950 0.000000 -19.165134 1988.693279 -0.343257 34.884154 0.000095 
308 -66.168339 0.000000 -19.165134 1988.750373 -0.346946 34.810841 0.000039 
309 -41.428950 0.000000 -42.532189 1988.642896 -0.339403 34.803557 0.000147 
310 -41.428950 0.000000 4.201920 1988.815070 -0.348559 34.892480 -0.000028 
311 -4.319866 0.000000 -7.481607 1988.281248 -0.353638 35.689886 0.000494 
312 -16.689561 0.000000 -7.481607 1988.620070 -0.352719 35.190708 0.000163 
313 -4.319866 0.000000 -19.165134 1987.987649 -0.333611 35.208497 0.000798 
314 -4.319866 0.000000 4.201920 1989.088692 -0.362920 35.811876 -0.000319 
315 14.234675 0.000000 -1.639843 1979.680946 -0.345412 44.746837 0.008936 
316 8.049828 0.000000 -1.639843 1987.837785 -0.352470 38.227986 0.000893 
317 14.234675 0.000000 -7.481607 1982.649418 -0.333322 35.203380 0.006156 
318 14.234675 0.000000 4.201920 1998.210794 -0.369824 38.527968 -0.009564 
319 -115.647118 0.000000 50.936029 1988.817939 -0.347187 34.748626 -0.000028 
320 -165.125896 0.000000 50.936029 1988.802698 -0.347166 34.735781 -0.000013 
321 -115.647118 0.000000 97.670139 1988.825653 -0.347196 34.731426 -0.000036 
322 -41.428950 0.000000 27.568975 1988.920384 -0.353385 34.856258 -0.000133 
323 -66.168339 0.000000 27.568975 1988.847435 -0.347573 34.801622 -0.000059 
324 -41.428950 0.000000 50.936029 1988.944508 -0.329661 34.778289 -0.000156 
325 -4.319866 0.000000 15.885447 1989.568461 -0.364046 35.348946 -0.000794 
326 -16.689561 0.000000 15.885447 1989.100014 -0.353954 35.092736 -0.000318 
327 -4.319866 0.000000 27.568975 1989.525699 -0.355748 34.918899 -0.000743 
328 14.234675 0.000000 10.043684 1993.856136 -0.374426 34.628720 -0.005098 
329 8.049828 0.000000 10.043684 1991.267788 -0.362464 36.040964 -0.002516 
330 14.234675 0.000000 15.885447 1992.100627 -0.373003 34.250130 -0.003323 
331 17.327099 0.000000 1.281038 2032.435907 -0.429941 21.538148 -0.044172 
332 14.234675 0.000000 1.281038 1996.017167 -0.361430 48.824289 -0.007576 
333 17.327099 0.000000 -1.639843 1958.402159 -0.311648 30.246426 0.030390 
334 20.419523 0.000000 1.281038 2034.941000 -0.108380 -49.556726 -0.047251 
335 17.327099 0.000000 4.201920 2005.816412 -0.390158 30.537999 -0.017121 
336 14.234675 0.000000 -13.323371 1984.882449 -0.335231 34.380559 0.003931 
337 8.049828 0.000000 -13.323371 1986.470470 -0.342398 35.597184 0.002315 
338 14.234675 0.000000 -19.165134 1986.004137 -0.327528 34.351026 0.002806 
339 17.327099 0.000000 -4.560725 1974.928818 -0.324667 31.746164 0.013937 
340 14.234675 0.000000 -4.560725 1980.834223 -0.337733 36.900817 0.007943 
341 17.327099 0.000000 -7.481607 1980.312655 -0.322755 32.446843 0.008543 
342 20.419523 0.000000 -4.560725 1972.699361 -0.292760 21.652029 0.016297 
343 23.511946 0.000000 1.281038 1988.310049 -0.312981 -47.829021 0.000209 
344 23.511946 0.000000 -1.639843 1969.758829 -0.151729 -14.779091 0.019291 
345 23.511946 0.000000 4.201920 2002.274247 -0.486604 13.912587 -0.013346 
346 18.873311 0.000000 -0.179403 2138.822619 0.217796 -53.614394 -0.156943 
347 17.327099 0.000000 -0.179403 1941.715091 -0.244324 13.007072 0.047028 
348 18.873311 0.000000 -1.639843 1953.419847 -0.274426 14.228857 0.035496 
349 20.419523 0.000000 -0.179403 2038.353963 -0.110198 -49.626841 -0.050766 
350 18.873311 0.000000 1.281038 2177.256103 0.313465 -55.167277 -0.198912 
351 47.864783 0.000000 8.948353 1990.981669 0.000000 20.677942 -0.002008 
352 47.864783 0.000000 8.583243 1990.967403 -0.000000 20.592434 -0.001992 
353 48.251336 0.000000 8.948353 1990.945230 0.000000 20.711603 -0.001971 
354 47.671506 0.000000 9.496019 1990.975700 0.000000 21.702697 -0.002013 
355 47.671506 0.000000 9.313463 1990.993115 0.000000 21.426278 -0.002027 
356 47.864783 0.000000 9.496019 1990.964482 0.000000 21.698685 -0.002001 
357 47.671506 0.000000 9.678574 1990.972589 0.000000 21.546048 -0.002008 
358 43.612700 0.000000 11.504125 1991.610679 -0.795047 23.628431 -0.002674 
359 42.066488 0.000000 11.504125 1991.864202 -0.733520 23.653119 -0.002929 
360 43.612700 0.000000 12.964566 1991.480581 -0.644365 24.840206 -0.002558 
361 45.932018 0.000000 10.773904 1991.127596 -1.124649 23.036925 -0.002181 
362 45.158912 0.000000 10.773904 1991.336304 -1.071120 22.877141 -0.002389 
363 45.932018 0.000000 11.504125 1991.163916 -0.884912 23.745612 -0.002226 
364 47.091677 0.000000 10.408794 1991.125347 0.000000 20.534435 -0.002151 
365 46.705124 0.000000 10.408794 1991.179386 0.000000 20.492757 -0.002205 
366 47.478230 0.000000 10.408794 1990.953432 -1.527269 22.637352 -0.002001 
367 47.091677 0.000000 10.773904 1990.992576 -1.201080 22.988035 -0.002044 
368 47.284953 0.000000 9.861129 1991.049520 0.000000 20.633900 -0.002075 
369 47.091677 0.000000 9.861129 1991.057088 0.000000 20.628593 -0.002083 
370 47.478230 0.000000 9.861129 1991.022319 0.000000 20.642645 -0.002048 
371 47.284953 0.000000 10.043684 1991.047254 0.000000 20.619167 -0.002073 
372 47.381591 0.000000 9.587296 1990.981527 0.000000 21.692667 -0.002018 
373 47.284953 0.000000 9.587296 1990.973593 -0.000000 21.699834 -0.002010 
374 47.381591 0.000000 9.496019 1991.004323 -0.000000 21.705950 -0.002041 
375 47.478230 0.000000 9.587296 1990.975658 0.000000 21.705482 -0.002013 
376 47.381591 0.000000 9.678574 1990.988034 0.000000 21.598318 -0.002024 
377 181.225553 0.000000 -136.000407 1988.764225 -0.346509 34.516760 0.000030 
378 181.225553 0.000000 -182.734516 1988.767155 -0.346874 34.606583 0.000025 
379 230.704331 0.000000 -136.000407 1988.776189 -0.346486 34.517938 0.000018 
380 -115.647118 0.000000 -136.000407 1988.758229 -0.347108 34.721446 0.000032 
381 -165.125896 0.000000 -136.000407 1988.771532 -0.347131 34.723377 0.000019 
382 -115.647118 0.000000 -182.734516 1988.763800 -0.347117 34.714523 0.000027 
383 181.225553 0.000000 144.404248 1988.821494 -0.347594 34.526775 -0.000028 
384 230.704331 0.000000 144.404248 1988.810512 -0.347611 34.523068 -0.000017 
385 181.225553 0.000000 191.138357 1988.815750 -0.347343 34.610767 -0.000024 
386 107.007385 0.000000 -65.899244 1988.692144 -0.328643 33.904342 0.000113 
387 107.007385 0.000000 -89.266298 1988.698900 -0.345497 34.267119 0.000100 
388 131.746774 0.000000 -65.899244 1988.736611 -0.342978 33.908168 0.000068 
389 -16.689561 0.000000 144.404248 1988.868635 -0.347311 34.675088 -0.000078 
390 -66.168339 0.000000 144.404248 1988.843277 -0.347235 34.707663 -0.000053 
391 -16.689561 0.000000 191.138357 1988.837685 -0.347244 34.685708 -0.000047 
392 -115.647118 0.000000 144.404248 1988.822572 -0.347194 34.719513 -0.000032 
393 -165.125896 0.000000 144.404248 1988.809836 -0.347177 34.722166 -0.000020 
394 -115.647118 0.000000 191.138357 1988.816670 -0.347189 34.713460 -0.000026 
395 -41.428950 0.000000 -65.899244 1988.651615 -0.343002 34.741619 0.000139 
396 -66.168339 0.000000 -65.899244 1988.708834 -0.346752 34.753747 0.000081 
397 -41.428950 0.000000 -89.266298 1988.675347 -0.346699 34.714342 0.000116 
398 107.007385 0.000000 74.303084 1988.906807 -0.324806 34.028426 -0.000105 
399 131.746774 0.000000 74.303084 1988.866852 -0.350614 34.015144 -0.000065 
400 107.007385 0.000000 97.670139 1988.886822 -0.348700 34.323181 -0.000090 
401 69.898301 0.000000 -30.848662 1988.396018 -0.306169 31.579238 0.000449 
402 69.898301 0.000000 -42.532189 1988.422032 -0.307615 32.933292 0.000401 
403 82.267996 0.000000 -30.848662 1988.587333 -0.320182 31.610893 0.000256 
404 8.049828 0.000000 74.303084 1989.091820 -0.368010 34.547860 -0.000300 
405 -16.689561 0.000000 74.303084 1989.004513 -0.361578 34.676944 -0.000215 
406 8.049828 0.000000 97.670139 1988.972893 -0.382146 34.596010 -0.000181 
407 -41.428950 0.000000 74.303084 1988.924416 -0.348202 34.727890 -0.000135 
408 -66.168339 0.000000 74.303084 1988.873434 -0.347018 34.744185 -0.000084 
409 -41.428950 0.000000 97.670139 1988.898857 -0.347123 34.707139 -0.000109 
410 -4.319866 0.000000 -30.848662 1988.128430 -0.354769 34.824750 0.000663 
411 -16.689561 0.000000 -30.848662 1988.412648 -0.349192 34.906945 0.000376 
412 -4.319866 0.000000 -42.532189 1988.276926 -0.343382 34.712930 0.000516 
413 69.898301 0.000000 39.252502 1989.224686 -0.374020 32.575591 -0.000400 
414 82.267996 0.000000 39.252502 1989.042707 -0.365569 32.519442 -0.000216 
415 69.898301 0.000000 50.936029 1989.078131 -0.340180 33.400141 -0.000267 
416 51.343759 0.000000 -13.323371 1987.272593 -0.260279 24.611500 0.001677 
417 51.343759 0.000000 -19.165134 1987.510521 -0.286817 28.271983 0.001389 
418 57.528607 0.000000 -13.323371 1988.004059 -0.295654 24.783016 0.000940 
419 20.419523 0.000000 39.252502 1989.914745 -0.302175 33.994828 -0.001118 
420 8.049828 0.000000 39.252502 1989.661664 -0.391144 34.488718 -0.000872 
421 20.419523 0.000000 50.936029 1989.445249 -0.351031 34.229717 -0.000650 
422 -4.319866 0.000000 39.252502 1989.350717 -0.385606 34.721087 -0.000563 
423 -16.689561 0.000000 39.252502 1989.121842 -0.354146 34.778522 -0.000334 
424 -4.319866 0.000000 50.936029 1989.189550 -0.355002 34.631650 -0.000400 
425 26.604370 0.000000 21.727211 1991.828798 -0.408935 32.003667 -0.003011 
426 20.419523 0.000000 21.727211 1991.746583 -0.391976 33.199833 -0.002948 
427 26.604370 0.000000 27.568975 1991.140939 -0.380923 32.893385 -0.002333 
428 14.234675 0.000000 21.727211 1991.309446 -0.373315 34.353738 -0.002528 
429 8.049828 0.000000 21.727211 1990.549405 -0.323239 34.801090 -0.001771 
430 14.234675 0.000000 27.568975 1990.552509 -0.350463 34.212409 -0.001764 
431 23.511946 0.000000 -4.560725 1974.497726 -0.236242 15.024214 0.014565 
432 23.511946 0.000000 -7.481607 1978.768906 -0.263985 24.226205 0.010206 
433 35.881641 0.000000 7.122802 1992.585287 -0.711968 17.737669 -0.003594 
434 32.789217 0.000000 7.122802 1993.809512 -0.575379 17.479248 -0.004825 
435 35.881641 0.000000 10.043684 1992.958203 -0.614720 22.248305 -0.004015 
436 35.881641 0.000000 12.964566 1992.830136 -0.530716 25.335237 -0.003923 
437 32.789217 0.000000 12.964566 1993.441097 -0.492047 25.869008 -0.004546 
438 35.881641 0.000000 15.885447 1992.266353 -0.482860 27.705314 -0.003387 
439 29.696794 0.000000 7.122802 1996.048856 -0.539290 17.882203 -0.007087 
440 26.604370 0.000000 7.122802 1997.613576 -0.500460 20.599507 -0.008693 
441 29.696794 0.000000 10.043684 1994.844260 -0.501055 23.674072 -0.005932 
442 29.696794 0.000000 12.964566 1993.975325 -0.474429 26.815481 -0.005097 
443 26.604370 0.000000 12.964566 1994.513222 -0.447055 28.157556 -0.005657 
444 29.696794 0.000000 15.885447 1993.340745 -0.432736 28.852404 -0.004486 
445 37.427853 0.000000 -3.100284 1991.095235 0.405040 3.979712 -0.002018 
446 37.427853 0.000000 -4.560725 1987.774928 0.198403 8.754694 0.001306 
447 38.974065 0.000000 -3.100284 1989.053416 0.513131 6.844220 0.000028 
448 63.713454 0.000000 21.727211 1989.509304 -0.428814 29.037112 -0.000631 
449 69.898301 0.000000 21.727211 1989.305359 -0.430221 29.092821 -0.000427 
450 63.713454 0.000000 27.568975 1989.458159 -0.402394 30.727192 -0.000605 
451 63.713454 0.000000 -1.639843 1989.412429 -0.425344 7.193180 -0.000334 
452 63.713454 0.000000 -7.481607 1988.608649 -0.648835 19.198544 0.000394 
453 69.898301 0.000000 -1.639843 1989.174586 -0.807572 7.503320 -0.000096 
454 48.251336 0.000000 -4.560725 1987.340356 -0.260160 13.730357 0.001714 
455 48.251336 0.000000 -7.481607 1987.012166 -0.248478 18.399960 0.002006 
456 51.343759 0.000000 -4.560725 1987.806932 -0.547922 13.939154 0.001244 
457 54.436183 0.000000 1.281038 1988.481304 2.785312 10.133985 0.000587 
458 54.436183 0.000000 -1.639843 1987.251329 0.205187 8.777212 0.001832 
459 57.528607 0.000000 1.281038 1988.647187 1.113849 12.827913 0.000407 
460 49.797547 0.000000 5.662361 1990.528916 0.120127 16.799954 -0.001515 
461 49.797547 0.000000 4.201920 1990.294360 0.106235 14.247708 -0.001259 
462 51.343759 0.000000 5.662361 1990.331612 0.163028 16.797747 -0.001317 
463 43.612700 0.000000 5.662361 1991.516101 -0.000000 16.058108 -0.002503 
464 42.066488 0.000000 5.662361 1991.589052 0.000000 16.033614 -0.002576 
465 43.612700 0.000000 4.201920 1991.346986 0.000000 12.958271 -0.002310 
466 45.932018 0.000000 7.853022 1991.302471 0.000000 19.490151 -0.002318 
467 45.158912 0.000000 7.853022 1991.396721 0.000000 19.619473 -0.002415 
468 45.932018 0.000000 7.122802 1991.284379 0.000000 18.769550 -0.002293 
469 49.024441 0.000000 7.853022 1990.910230 0.000000 20.743571 -0.001936 
470 49.024441 0.000000 7.122802 1990.916075 0.000000 20.217907 -0.001937 
471 49.797547 0.000000 7.853022 1990.856933 0.000000 20.803315 -0.001883 
472 49.024441 0.000000 10.773904 1990.820802 -1.280358 22.841397 -0.001870 
473 49.797547 0.000000 10.773904 1990.739880 -1.285925 22.728011 -0.001787 
474 49.024441 0.000000 11.504125 1990.802931 -0.964530 23.478548 -0.001859 
475 47.864783 0.000000 10.408794 1990.898491 -1.555189 22.618919 -0.001946 
476 48.251336 0.000000 10.408794 1990.861660 -1.576590 22.535073 -0.001908 
477 47.864783 0.000000 10.773904 1990.893316 -1.233142 22.939890 -0.001944 
478 47.671506 0.000000 9.861129 1991.016007 0.000000 20.648421 -0.002042 
479 47.864783 0.000000 9.861129 1990.989626 0.000000 20.665942 -0.002015 
480 47.671506 0.000000 10.043684 1990.995088 0.000000 20.660284 -0.002021 
481 40.520276 0.000000 -0.179403 1987.879876 0.111733 1.052402 0.001220 
482 40.520276 0.000000 -1.639843 1987.847327 1.067932 15.559279 0.001191 
483 40.520276 0.000000 1.281038 1989.118703 -0.000000 0.718597 -0.000026 
484 43.612700 0.000000 2.741479 1991.006616 -0.000000 8.429680 -0.001943 
485 42.066488 0.000000 2.741479 1990.905966 -0.000000 8.286653 -0.001841 
486 45.158912 0.000000 2.741479 1991.174630 0.000000 11.368595 -0.002126 
487 40.520276 0.000000 2.741479 1990.460120 -0.000000 7.911486 -0.001391 
488 38.974065 0.000000 2.741479 1989.688803 0.000000 6.792332 -0.000610 
489 40.520276 0.000000 4.201920 1991.057697 0.000000 12.051952 -0.002013 
490 40.520276 0.000000 -3.100284 1987.600156 0.444324 8.452596 0.001483 
491 40.520276 0.000000 -4.560725 1986.809529 0.159608 11.702763 0.002260 
492 42.066488 0.000000 -3.100284 1986.954422 0.176454 9.048043 0.002129 
493 37.427853 0.000000 2.741479 1989.005824 0.000000 4.509093 0.000083 
494 35.881641 0.000000 2.741479 1988.641230 0.000000 1.254968 0.000454 
495 37.427853 0.000000 4.201920 1990.007478 0.000000 8.576982 -0.000938 
496 34.335429 0.000000 2.741479 1988.593119 0.000000 1.325212 0.000503 
497 32.789217 0.000000 2.741479 1991.900597 -0.747458 -3.585785 -0.002828 
498 34.335429 0.000000 4.201920 1988.629467 0.000000 1.010002 0.000466 
499 23.511946 0.000000 7.122802 1999.419812 -0.456494 22.955921 -0.010543 
500 20.419523 0.000000 7.122802 1999.871393 -0.418063 27.592521 -0.011059 
501 23.511946 0.000000 10.043684 1995.813601 -0.439943 28.067050 -0.006968 
502 23.511946 0.000000 12.964566 1994.686720 -0.417886 29.773687 -0.005856 
503 20.419523 0.000000 12.964566 1994.228156 -0.389609 31.461176 -0.005420 
504 23.511946 0.000000 15.885447 1993.387257 -0.405385 31.117209 -0.004567 
505 63.713454 0.000000 -13.323371 1988.335989 -0.316546 24.912861 0.000605 
506 63.713454 0.000000 -19.165134 1988.211177 -0.297160 28.197842 0.000686 
507 69.898301 0.000000 -13.323371 1988.567498 -0.313832 25.200183 0.000368 
508 54.436183 0.000000 -4.560725 1988.085074 -0.895025 14.064195 0.000963 
509 54.436183 0.000000 -7.481607 1987.952690 -0.471999 18.698653 0.001058 
510 57.528607 0.000000 -4.560725 1988.363410 -1.242840 13.771995 0.000686 
511 40.520276 0.000000 5.662361 1991.546152 0.000000 15.594281 -0.002529 
512 38.974065 0.000000 5.662361 1991.202740 0.000000 13.799224 -0.002170 
513 40.520276 0.000000 7.122802 1991.672204 0.000000 17.109947 -0.002669 
514 40.520276 0.000000 8.583243 1991.767184 0.000000 18.456175 -0.002776 
515 38.974065 0.000000 8.583243 1992.191268 -0.829247 20.409817 -0.003223 
516 40.520276 0.000000 10.043684 1992.028909 -0.794761 22.384753 -0.003081 
517 40.520276 0.000000 11.504125 1992.023346 -0.677020 23.767957 -0.003091 
518 38.974065 0.000000 11.504125 1992.332267 -0.639660 23.728495 -0.003402 
519 40.520276 0.000000 12.964566 1992.016147 -0.593026 24.979900 -0.003099 
520 46.705124 0.000000 2.741479 1990.498881 -1.452996 9.250898 -0.001436 
521 46.705124 0.000000 1.281038 1989.548723 1.753557 4.569793 -0.000464 
522 48.251336 0.000000 2.741479 1990.070629 -1.911422 10.376509 -0.001011 
523 43.612700 0.000000 -3.100284 1986.982088 -0.047114 9.831152 0.002097 
524 43.612700 0.000000 -4.560725 1986.439798 -0.103413 12.427480 0.002627 
525 45.158912 0.000000 -3.100284 1987.111932 -0.052609 10.505460 0.001963 
526 17.327099 0.000000 7.122802 1998.886430 -0.387190 32.277940 -0.010134 
527 14.234675 0.000000 7.122802 1995.468681 -0.373739 35.298396 -0.006735 
528 17.327099 0.000000 10.043684 1995.239466 -0.387500 32.594507 -0.006458 
529 17.327099 0.000000 12.964566 1993.767312 -0.385560 33.149180 -0.004983 
530 14.234675 0.000000 12.964566 1992.928296 -0.373057 34.413811 -0.004159 
531 17.327099 0.000000 15.885447 1992.748609 -0.388145 33.433136 -0.003961 
532 37.427853 0.000000 5.662361 1990.764742 0.000000 11.970333 -0.001717 
533 35.881641 0.000000 5.662361 1991.822068 -0.799229 14.262070 -0.002797 
534 37.427853 0.000000 7.122802 1992.200086 -0.835336 17.780172 -0.003206 
535 37.427853 0.000000 8.583243 1992.521348 -0.731752 20.317316 -0.003554 
536 35.881641 0.000000 8.583243 1992.902495 -0.657222 20.059268 -0.003935 
537 37.427853 0.000000 10.043684 1992.537217 -0.658421 22.333022 -0.003592 
538 37.427853 0.000000 11.504125 1992.583598 -0.602052 23.821570 -0.003656 
539 35.881641 0.000000 11.504125 1992.802006 -0.572948 24.018366 -0.003878 
540 37.427853 0.000000 12.964566 1992.499636 -0.549509 25.196426 -0.003588 
541 46.705124 0.000000 -0.179403 1987.988293 -18.037496 17.524044 0.000951 
542 46.705124 0.000000 -1.639843 1987.662630 0.263743 10.927230 0.001408 
543 48.251336 0.000000 -0.179403 1987.639105 -17.746290 20.124928 0.001280 
544 49.797547 0.000000 2.741479 1989.741572 0.097195 11.107448 -0.000683 
545 49.797547 0.000000 1.281038 1988.771266 1.855458 7.217378 0.000310 
546 51.343759 0.000000 2.741479 1989.516399 0.167069 11.875004 -0.000461 
547 34.335429 0.000000 5.662361 1992.452429 -0.651192 13.525087 -0.003427 
548 32.789217 0.000000 5.662361 1993.635854 -0.575544 12.882745 -0.004615 
549 34.335429 0.000000 7.122802 1993.006240 -0.623940 17.542623 -0.004016 
550 34.335429 0.000000 8.583243 1993.365541 -0.604353 20.293471 -0.004404 
551 32.789217 0.000000 8.583243 1993.765039 -0.567604 20.362512 -0.004808 
552 34.335429 0.000000 10.043684 1993.406291 -0.576372 22.222179 -0.004466 
553 34.335429 0.000000 11.504125 1993.236041 -0.550103 24.092758 -0.004316 
554 32.789217 0.000000 11.504125 1993.663644 -0.519987 24.308113 -0.004750 
555 34.335429 0.000000 12.964566 1993.094451 -0.529941 25.621249 -0.004193 
556 46.705124 0.000000 -3.100284 1987.318966 -0.035008 11.022425 0.001753 
557 46.705124 0.000000 -4.560725 1986.940581 -0.190518 13.088581 0.002120 
558 48.251336 0.000000 -3.100284 1987.595683 -0.148394 11.629557 0.001471 
1 79 97 95 96 
2 97 72 88 95 
3 95 88 5 98 
4 96 95 98 82 
5 7 101 99 100 
6 101 12 102 99 
7 99 102 10 25 
8 100 99 25 11 
9 11 105 103 104 
10 105 25 106 103 
11 103 106 23 41 
12 104 103 41 24 
13 24 109 107 108 
14 109 41 110 107 
15 107 110 39 57 
16 108 107 57 40 
17 40 113 111 112 
18 113 57 114 111 
19 111 114 55 73 
20 112 111 73 56 
21 56 117 115 116 
22 117 73 118 115 
23 72 121 119 120 
24 119 122 87 123 
25 120 119 123 88 
26 14 125 124 37 
27 125 8 126 124 
28 124 126 21 127 
29 37 124 127 19 
30 27 129 128 53 
31 129 14 130 128 
32 128 130 37 131 
33 53 128 131 35 
34 133 27 134 132 
35 132 134 53 135 
36 10 141 140 26 
37 141 13 142 140 
38 140 142 8 125 
39 26 140 125 14 
40 23 144 143 42 
41 144 26 145 143 
42 143 145 14 129 
43 42 143 129 27 
44 147 42 148 146 
45 146 148 27 133 
46 20 38 161 162 
47 38 19 163 161 
48 161 163 22 164 
49 162 161 164 9 
50 36 54 165 166 
51 54 35 167 165 
52 165 167 38 168 
53 166 165 168 20 
54 52 70 169 170 
55 70 51 171 169 
56 169 171 54 172 
57 170 169 172 36 
58 67 139 173 174 
59 139 69 175 173 
60 173 175 51 176 
61 174 173 176 70 
62 177 179 139 180 
63 178 177 180 67 
64 43 187 186 138 
65 187 133 188 186 
66 186 188 132 189 
67 138 186 189 69 
68 137 191 190 155 
69 191 43 192 190 
70 190 192 138 193 
71 155 190 193 136 
72 195 155 196 194 
73 194 196 136 197 
74 68 86 198 199 
75 86 67 174 198 
76 198 174 70 200 
77 199 198 200 52 
78 201 178 67 203 
79 202 201 203 86 
80 204 206 177 207 
81 205 204 207 178 
82 157 215 213 214 
83 215 153 182 213 
84 213 182 85 216 
85 214 213 216 160 
86 182 219 217 218 
87 219 181 209 217 
88 217 209 185 220 
89 218 217 220 85 
90 136 193 221 179 
91 193 138 222 221 
92 221 222 69 223 
93 179 221 223 139 
94 197 136 225 224 
95 224 225 179 226 
96 206 224 226 177 
97 227 229 206 230 
98 228 227 230 204 
99 209 233 231 232 
100 232 231 235 185 
101 238 149 239 236 
102 59 242 240 241 
103 242 154 243 240 
104 240 243 152 183 
105 241 240 183 153 
106 183 246 244 245 
107 246 152 247 244 
108 244 247 184 210 
109 245 244 210 181 
110 181 250 248 249 
111 250 210 251 248 
112 248 251 208 233 
113 249 248 233 209 
114 184 253 252 211 
115 253 194 254 252 
116 252 254 197 255 
117 211 252 255 156 
118 257 211 258 256 
119 256 258 156 259 
120 233 262 260 261 
121 262 208 263 260 
122 261 260 264 231 
123 73 268 267 118 
124 268 55 269 267 
125 266 272 270 271 
126 272 74 273 270 
127 270 273 237 274 
128 271 270 274 265 
129 17 277 275 276 
130 277 7 100 275 
131 275 100 11 33 
132 276 275 33 15 
133 33 280 278 279 
134 280 11 104 278 
135 278 104 24 49 
136 279 278 49 31 
137 49 283 281 282 
138 283 24 108 281 
139 281 108 40 65 
140 282 281 65 47 
141 65 286 284 285 
142 286 40 112 284 
143 284 112 56 81 
144 285 284 81 63 
145 81 289 287 288 
146 289 56 116 287 
147 287 116 72 97 
148 288 287 97 79 
149 116 292 290 291 
150 292 115 293 290 
151 290 293 89 121 
152 291 290 121 72 
153 89 295 294 122 
154 295 71 296 294 
155 294 296 90 297 
156 122 294 297 87 
157 121 300 298 299 
158 300 89 301 298 
159 298 301 122 302 
160 299 298 302 119 
161 16 305 303 304 
162 305 15 32 303 
163 303 32 18 306 
164 304 303 306 6 
165 32 309 307 308 
166 309 31 48 307 
167 307 48 34 310 
168 308 307 310 18 
169 48 313 311 312 
170 313 47 64 311 
171 311 64 50 314 
172 312 311 314 34 
173 64 317 315 316 
174 316 315 318 50 
175 6 306 319 320 
176 306 18 45 319 
177 319 45 28 321 
178 320 319 321 29 
179 18 310 322 323 
180 310 34 61 322 
181 322 61 44 324 
182 323 322 324 45 
183 34 314 325 326 
184 314 50 77 325 
185 325 77 60 327 
186 326 325 327 61 
187 50 318 328 329 
188 329 328 330 77 
189 315 333 331 332 
190 331 334 66 335 
191 332 331 335 318 
192 47 338 336 337 
193 338 65 285 336 
194 336 285 63 317 
195 337 336 317 64 
196 317 341 339 340 
197 341 63 342 339 
198 339 342 80 333 
199 340 339 333 315 
200 80 344 343 334 
201 344 79 96 343 
202 343 96 82 345 
203 334 343 345 66 
204 333 348 346 347 
205 348 80 349 346 
206 346 349 334 350 
207 347 346 350 331 
208 210 352 351 251 
209 352 184 353 351 
210 351 353 211 257 
211 251 351 257 208 
212 208 355 354 263 
213 355 257 356 354 
214 354 356 256 357 
215 263 354 357 234 
216 160 216 358 359 
217 216 85 205 358 
218 358 205 178 360 
219 359 358 360 201 
220 85 220 361 362 
221 220 185 228 361 
222 361 228 204 363 
223 362 361 363 205 
224 185 235 364 365 
225 235 212 366 364 
226 364 366 227 367 
227 365 364 367 228 
228 231 264 368 369 
229 264 234 370 368 
230 368 370 212 371 
231 369 368 371 235 
232 260 374 372 373 
233 374 263 375 372 
234 372 375 234 376 
235 373 372 376 264 
236 12 378 377 102 
237 378 2 379 377 
238 377 379 13 141 
239 102 377 141 10 
240 1 382 380 381 
241 382 17 276 380 
242 380 276 15 305 
243 381 380 305 16 
244 19 127 383 163 
245 127 21 384 383 
246 383 384 3 385 
247 163 383 385 22 
248 25 387 386 106 
249 387 10 388 386 
250 386 388 26 144 
251 106 386 144 23 
252 28 46 389 390 
253 46 20 162 389 
254 389 162 9 391 
255 390 389 391 30 
256 29 321 392 393 
257 321 28 390 392 
258 392 390 30 394 
259 393 392 394 4 
260 15 397 395 396 
261 397 33 279 395 
262 395 279 31 309 
263 396 395 309 32 
264 35 131 398 167 
265 131 37 399 398 
266 398 399 19 400 
267 167 398 400 38 
268 41 402 401 110 
269 402 23 403 401 
270 401 403 42 147 
271 110 401 147 39 
272 44 62 404 405 
273 62 36 166 404 
274 404 166 20 406 
275 405 404 406 46 
276 45 324 407 408 
277 324 44 405 407 
278 407 405 46 409 
279 408 407 409 28 
280 31 412 410 411 
281 412 49 282 410 
282 410 282 47 313 
283 411 410 313 48 
284 51 135 413 171 
285 135 53 414 413 
286 413 414 35 415 
287 171 413 415 54 
288 57 417 416 114 
289 417 39 418 416 
290 416 418 58 150 
291 114 416 150 55 
292 60 78 419 420 
293 78 52 170 419 
294 419 170 36 421 
295 420 419 421 62 
296 61 327 422 423 
297 327 60 420 422 
298 422 420 62 424 
299 423 422 424 44 
300 76 94 425 426 
301 94 68 199 425 
302 425 199 52 427 
303 426 425 427 78 
304 77 330 428 429 
305 330 76 426 428 
306 428 426 78 430 
307 429 428 430 60 
308 63 432 431 342 
309 432 81 288 431 
310 431 288 79 344 
311 342 431 344 80 
312 436 202 86 438 
313 437 436 438 68 
314 82 98 439 440 
315 98 5 434 439 
316 439 434 84 441 
317 440 439 441 92 
318 92 441 442 443 
319 441 84 437 442 
320 442 437 68 444 
321 443 442 444 94 
322 115 446 445 293 
323 446 118 447 445 
324 445 447 71 295 
325 293 445 295 89 
326 69 189 448 175 
327 189 132 449 448 
328 448 449 135 450 
329 175 448 450 51 
330 58 452 451 151 
331 452 146 453 451 
332 451 453 133 187 
333 151 451 187 43 
334 55 455 454 269 
335 455 150 456 454 
336 454 456 149 238 
337 149 458 457 239 
338 458 151 459 457 
339 457 459 43 191 
340 239 457 191 137 
341 154 461 460 243 
342 461 137 462 460 
343 460 462 155 195 
344 243 460 195 152 
345 159 465 463 464 
346 465 59 241 463 
347 463 241 153 215 
348 464 463 215 157 
349 153 468 466 467 
350 468 183 245 466 
351 466 245 181 219 
352 467 466 219 182 
353 152 470 469 247 
354 470 195 471 469 
355 469 471 194 253 
356 247 469 253 184 
357 156 255 472 229 
358 255 197 473 472 
359 472 473 224 474 
360 229 472 474 206 
361 212 259 475 366 
362 259 156 476 475 
363 475 476 229 477 
364 366 475 477 227 
365 234 357 478 370 
366 357 256 479 478 
367 478 479 259 480 
368 370 478 480 212 
369 71 482 481 296 
370 482 266 271 481 
371 481 271 265 483 
372 296 481 483 90 
373 265 274 484 485 
374 274 237 486 484 
375 484 486 59 465 
376 485 484 465 159 
377 90 483 487 488 
378 483 265 485 487 
379 487 485 159 489 
380 488 487 489 75 
381 118 491 490 447 
382 491 267 492 490 
383 490 492 266 482 
384 447 490 482 71 
385 87 297 493 494 
386 297 90 488 493 
387 493 488 75 495 
388 494 493 495 91 
389 88 123 496 497 
390 123 87 494 496 
391 496 494 91 498 
392 497 496 498 5 
393 66 345 499 500 
394 345 82 440 499 
395 499 440 92 501 
396 500 499 501 93 
397 93 501 502 503 
398 501 92 443 502 
399 502 443 94 504 
400 503 502 504 76 
401 39 506 505 418 
402 506 147 507 505 
403 505 507 146 452 
404 418 505 452 58 
405 150 509 508 456 
406 509 58 510 508 
407 508 510 151 458 
408 456 508 458 149 
409 75 489 511 512 
410 489 159 464 511 
411 511 464 157 513 
412 512 511 513 158 
413 158 513 514 515 
414 513 157 214 514 
415 514 214 160 516 
416 515 514 516 83 
417 83 516 517 518 
418 516 160 359 517 
419 517 359 201 519 
420 518 517 519 202 
421 237 521 520 486 
422 521 236 522 520 
423 520 522 154 242 
424 486 520 242 59 
425 267 524 523 492 
426 524 269 525 523 
427 523 525 74 272 
428 492 523 272 266 
429 318 335 526 527 
430 335 66 500 526 
431 526 500 93 528 
432 527 526 528 328 
433 328 528 529 530 
434 528 93 503 529 
435 529 503 76 531 
436 530 529 531 330 
437 91 495 532 533 
438 495 75 512 532 
439 532 512 158 534 
440 533 532 534 433 
441 433 534 535 536 
442 534 158 515 535 
443 535 515 83 537 
444 536 535 537 435 
445 435 537 538 539 
446 537 83 518 538 
447 538 518 202 540 
448 539 538 540 436 
449 74 542 541 273 
450 542 238 543 541 
451 541 543 236 521 
452 273 541 521 237 
453 236 545 544 522 
454 545 239 546 544 
455 544 546 137 461 
456 522 544 461 154 
457 5 498 547 548 
458 498 91 533 547 
459 547 533 433 549 
460 548 547 549 434 
461 434 549 550 551 
462 549 433 536 550 
463 550 536 435 552 
464 551 550 552 84 
465 84 552 553 554 
466 552 435 539 553 
467 553 539 436 555 
468 554 553 555 437 
469 269 557 556 525 
470 557 454 558 556 
471 556 558 238 542 
472 525 556 542 74 
