2 0.000000 1989.093400 115197.572811
558 472 
1 -165.125896 0.000000 -182.734516 1988.773361 -0.000310 34.718173 0.000017 
2 230.704331 0.000000 -182.734516 1988.776241 -0.002407 34.609287 0.000016 
3 230.704331 0.000000 191.138357 1988.807430 -0.002090 34.611143 -0.000015 
4 -165.125896 0.000000 191.138357 1988.807672 -0.000273 34.717346 -0.000017 
5 32.789217 0.000000 4.201920 1993.070078 0.717033 6.851715 -0.004014 
6 -165.125896 0.000000 4.201920 1988.791851 -0.000419 34.738422 -0.000002 
7 32.789217 0.000000 -182.734516 1988.738772 -0.001245 34.659464 0.000053 
8 230.704331 0.000000 4.201920 1989.201245 2.685792 11.218603 -0.000142 
9 32.789217 0.000000 191.138357 1988.839484 -0.000955 34.662525 -0.000048 
10 131.746774 0.000000 -89.266298 1988.735819 -0.010140 34.282248 0.000062 
11 32.789217 0.000000 -89.266298 1988.579430 0.009967 34.477408 0.000216 
12 131.746774 0.000000 -182.734516 1988.757316 -0.001987 34.618368 0.000035 
13 230.704331 0.000000 -89.266298 1988.782772 -0.011366 34.301362 0.000015 
14 131.746774 0.000000 4.201920 1989.187293 -0.879643 12.187595 -0.000132 
15 -66.168339 0.000000 -89.266298 1988.717080 -0.001229 34.730868 0.000073 
16 -165.125896 0.000000 -89.266298 1988.774150 -0.000397 34.729580 0.000016 
17 -66.168339 0.000000 -182.734516 1988.753592 -0.000614 34.704929 0.000037 
18 -66.168339 0.000000 4.201920 1988.800998 -0.003794 34.815454 -0.000012 
19 131.746774 0.000000 97.670139 1988.855174 -0.006892 34.325687 -0.000058 
20 32.789217 0.000000 97.670139 1988.977483 0.030470 34.507542 -0.000184 
21 230.704331 0.000000 97.670139 1988.811811 -0.008916 34.313385 -0.000014 
22 131.746774 0.000000 191.138357 1988.824263 -0.001614 34.623371 -0.000032 
23 82.267996 0.000000 -42.532189 1988.628959 -0.106716 33.003857 0.000192 
24 32.789217 0.000000 -42.532189 1987.843365 -0.036682 33.659321 0.000970 
25 82.267996 0.000000 -89.266298 1988.659627 -0.038411 34.312137 0.000139 
26 131.746774 0.000000 -42.532189 1988.766019 -0.029568 33.063321 0.000053 
27 82.267996 0.000000 4.201920 1989.202897 -1.905869 13.109918 -0.000154 
28 -66.168339 0.000000 97.670139 1988.862477 -0.000885 34.724747 -0.000073 
29 -165.125896 0.000000 97.670139 1988.808042 -0.000358 34.728210 -0.000018 
30 -66.168339 0.000000 191.138357 1988.826022 -0.000497 34.704140 -0.000036 
31 -16.689561 0.000000 -42.532189 1988.499509 -0.007350 34.741680 0.000292 
32 -66.168339 0.000000 -42.532189 1988.720058 -0.001754 34.781507 0.000070 
33 -16.689561 0.000000 -89.266298 1988.633383 0.003375 34.668204 0.000159 
34 -16.689561 0.000000 4.201920 1988.887441 -0.014903 35.202713 -0.000106 
35 82.267996 0.000000 50.936029 1988.988109 -0.026524 33.409568 -0.000176 
36 32.789217 0.000000 50.936029 1989.423177 -0.080892 33.960141 -0.000623 
37 131.746774 0.000000 50.936029 1988.868196 -0.043642 33.341344 -0.000055 
38 82.267996 0.000000 97.670139 1988.916027 -0.002906 34.368038 -0.000120 
39 57.528607 0.000000 -19.165134 1987.994512 -0.134934 28.475683 0.000900 
40 32.789217 0.000000 -19.165134 1985.736984 -0.111227 30.019183 0.003144 
41 57.528607 0.000000 -42.532189 1988.271901 -0.035647 33.121090 0.000549 
42 82.267996 0.000000 -19.165134 1988.693124 -0.183114 28.982901 0.000190 
43 57.528607 0.000000 4.201920 1989.740938 -2.142928 12.703547 -0.000693 
44 -16.689561 0.000000 50.936029 1989.058915 -0.012900 34.712901 -0.000270 
45 -66.168339 0.000000 50.936029 1988.868418 -0.001388 34.770019 -0.000079 
46 -16.689561 0.000000 97.670139 1988.934333 -0.001542 34.667473 -0.000144 
47 8.049828 0.000000 -19.165134 1986.816487 -0.016246 35.002252 0.001978 
48 -16.689561 0.000000 -19.165134 1988.456374 -0.008807 35.043980 0.000330 
49 8.049828 0.000000 -42.532189 1988.071271 -0.014111 34.470882 0.000727 
50 8.049828 0.000000 4.201920 1990.619644 -0.022009 37.707232 -0.001895 
51 57.528607 0.000000 27.568975 1989.648051 -0.067876 30.822303 -0.000798 
52 32.789217 0.000000 27.568975 1990.767491 -0.024641 32.123185 -0.001945 
53 82.267996 0.000000 27.568975 1989.086552 -0.117078 30.830534 -0.000233 
54 57.528607 0.000000 50.936029 1989.221927 -0.093596 33.506847 -0.000413 
55 45.158912 0.000000 -7.481607 1987.082806 0.290594 18.412906 0.001935 
56 32.789217 0.000000 -7.481607 1983.371505 -0.267667 16.674341 0.005675 
57 45.158912 0.000000 -19.165134 1987.055958 -0.145026 28.710482 0.001839 
58 57.528607 0.000000 -7.481607 1988.428846 0.393074 19.875196 0.000568 
59 45.158912 0.000000 4.201920 1991.197754 0.000000 12.669881 -0.002158 
60 8.049828 0.000000 27.568975 1990.153307 -0.078956 34.630921 -0.001369 
61 -16.689561 0.000000 27.568975 1989.155067 0.020519 34.926559 -0.000370 
62 8.049828 0.000000 50.936029 1989.337271 0.051079 34.486771 -0.000546 
63 20.419523 0.000000 -7.481607 1978.758842 -0.117966 28.487954 0.010159 
64 8.049828 0.000000 -7.481607 1986.424271 -0.035800 36.539702 0.002345 
65 20.419523 0.000000 -19.165134 1985.598076 -0.071012 32.912525 0.003238 
66 20.419523 0.000000 4.201920 2004.961227 -0.005860 19.545455 -0.016115 
67 45.158912 0.000000 15.885447 1990.853175 -0.181713 26.815425 -0.001952 
68 32.789217 0.000000 15.885447 1992.817305 -0.064384 28.039585 -0.003947 
69 57.528607 0.000000 15.885447 1989.801077 -0.324750 26.373824 -0.000888 
70 45.158912 0.000000 27.568975 1990.261317 -0.056721 31.178428 -0.001420 
71 38.974065 0.000000 -1.639843 1988.393037 0.788266 15.605963 0.000642 
72 32.789217 0.000000 -1.639843 1981.974304 -0.203617 -25.204275 0.006985 
73 38.974065 0.000000 -7.481607 1986.355975 -0.104039 17.367384 0.002674 
74 45.158912 0.000000 -1.639843 1988.913764 1.477650 15.487866 0.000119 
75 38.974065 0.000000 4.201920 1990.749926 0.000000 11.617737 -0.001700 
76 20.419523 0.000000 15.885447 1993.257743 -0.004553 32.316461 -0.004456 
77 8.049828 0.000000 15.885447 1990.962012 -0.017263 35.304670 -0.002195 
78 20.419523 0.000000 27.568975 1990.875774 -0.018224 33.623701 -0.002079 
79 26.604370 0.000000 -1.639843 1986.670040 -0.338724 -47.904625 0.001855 
80 20.419523 0.000000 -1.639843 1956.799279 -0.131825 -4.784428 0.032202 
81 26.604370 0.000000 -7.481607 1979.939049 -0.227120 21.339020 0.009068 
82 26.604370 0.000000 4.201920 2001.212462 0.094027 9.074476 -0.012243 
83 38.974065 0.000000 10.043684 1992.170648 -0.456971 21.854715 -0.003217 
84 32.789217 0.000000 10.043684 1993.805507 -0.241249 22.611352 -0.004873 
85 45.158912 0.000000 10.043684 1991.215203 0.000000 20.121538 -0.002237 
86 38.974065 0.000000 15.885447 1991.727064 -0.117417 27.190630 -0.002837 
87 35.881641 0.000000 1.281038 1985.145697 0.000000 -9.569712 0.003942 
88 32.789217 0.000000 1.281038 1990.084196 2.915453 -19.305878 -0.001093 
89 35.881641 0.000000 -1.639843 1987.254790 0.346388 15.624535 0.001786 
90 38.974065 0.000000 1.281038 1987.656496 -0.000000 -0.794884 0.001444 
91 35.881641 0.000000 4.201920 1989.483091 0.000000 5.313460 -0.000399 
92 26.604370 0.000000 10.043684 1995.694917 -0.067812 25.519990 -0.006813 
93 20.419523 0.000000 10.043684 1995.794522 -0.024564 30.366024 -0.006982 
94 26.604370 0.000000 15.885447 1993.356038 -0.028828 29.867948 -0.004516 
95 29.696794 0.000000 1.281038 1985.922915 -0.930748 -48.193679 0.002598 
96 26.604370 0.000000 1.281038 1987.161318 -0.283756 -47.867139 0.001363 
97 29.696794 0.000000 -1.639843 1985.922915 -0.930748 -48.193679 0.002598 
98 29.696794 0.000000 4.201920 1997.480459 0.217440 6.932264 -0.008463 
99 82.267996 0.000000 -136.000407 1988.716244 -0.003142 34.557230 0.000077 
100 32.789217 0.000000 -136.000407 1988.696449 -0.002242 34.613901 0.000096 
101 82.267996 0.000000 -182.734516 1988.745373 -0.001639 34.634282 0.000047 
102 131.746774 0.000000 -136.000407 1988.745662 -0.003907 34.531549 0.000048 
103 57.528607 0.000000 -65.899244 1988.552143 -0.011228 34.069552 0.000251 
104 32.789217 0.000000 -65.899244 1988.461695 -0.009684 34.274277 0.000338 
105 57.528607 0.000000 -89.266298 1988.611668 0.008961 34.376733 0.000186 
106 82.267996 0.000000 -65.899244 1988.626895 0.002585 33.964699 0.000177 
107 45.158912 0.000000 -30.848662 1987.580774 -0.074750 31.959251 0.001262 
108 32.789217 0.000000 -30.848662 1987.114804 -0.031318 32.711170 0.001718 
109 45.158912 0.000000 -42.532189 1988.043814 0.025356 33.328220 0.000774 
110 57.528607 0.000000 -30.848662 1988.091259 -0.078030 31.681119 0.000754 
111 38.974065 0.000000 -13.323371 1985.784172 -0.215862 25.290717 0.003163 
112 32.789217 0.000000 -13.323371 1984.387518 -0.180947 26.059431 0.004554 
113 38.974065 0.000000 -19.165134 1986.457717 -0.131295 29.293422 0.002431 
114 45.158912 0.000000 -13.323371 1986.912795 -0.207995 25.292451 0.002030 
115 35.881641 0.000000 -4.560725 1987.293390 -0.107967 6.049852 0.001800 
116 32.789217 0.000000 -4.560725 1982.842498 -0.278722 4.344628 0.006271 
117 35.881641 0.000000 -7.481607 1985.252757 -0.211698 16.393145 0.003790 
118 38.974065 0.000000 -4.560725 1988.003865 0.228275 9.850946 0.001071 
119 34.335429 0.000000 -0.179403 1983.030135 0.728663 -39.223716 0.005698 
120 32.789217 0.000000 -0.179403 1984.644137 1.382057 -45.510679 0.003945 
121 34.335429 0.000000 -1.639843 1987.228534 0.029642 -26.724105 0.001694 
122 35.881641 0.000000 -0.179403 1983.395711 0.177419 1.582358 0.005720 
123 34.335429 0.000000 1.281038 1986.696722 0.000000 -16.385264 0.002341 
124 181.225553 0.000000 50.936029 1988.834595 -0.032132 33.315738 -0.000020 
125 181.225553 0.000000 4.201920 1989.207551 -0.712811 10.857988 -0.000145 
126 230.704331 0.000000 50.936029 1988.824431 -0.033884 33.281192 -0.000010 
127 181.225553 0.000000 97.670139 1988.824840 -0.008267 34.317068 -0.000028 
128 107.007385 0.000000 27.568975 1988.932138 -0.106387 30.811015 -0.000078 
129 107.007385 0.000000 4.201920 1989.182864 -2.783339 12.618744 -0.000132 
130 131.746774 0.000000 27.568975 1988.895177 -0.092510 30.752856 -0.000040 
131 107.007385 0.000000 50.936029 1988.911228 -0.039290 33.358875 -0.000098 
132 69.898301 0.000000 15.885447 1989.269181 -0.369578 26.529409 -0.000355 
133 69.898301 0.000000 4.201920 1989.266557 -2.255333 13.120980 -0.000219 
134 82.267996 0.000000 15.885447 1989.086298 -0.399787 26.612339 -0.000172 
135 69.898301 0.000000 27.568975 1989.256819 -0.084781 30.846528 -0.000405 
136 51.343759 0.000000 10.043684 1990.405092 -2.201554 21.728197 -0.001440 
137 51.343759 0.000000 4.201920 1990.580802 -1.720208 12.863729 -0.001539 
138 57.528607 0.000000 10.043684 1989.751981 -2.594839 21.747711 -0.000784 
139 51.343759 0.000000 15.885447 1990.196905 -0.270973 26.540325 -0.001288 
140 181.225553 0.000000 -42.532189 1988.798483 -0.050341 33.139927 0.000019 
141 181.225553 0.000000 -89.266298 1988.769203 -0.011105 34.289858 0.000029 
142 230.704331 0.000000 -42.532189 1988.807832 -0.049098 33.203413 0.000008 
143 107.007385 0.000000 -19.165134 1988.825405 -0.226973 29.218114 0.000054 
144 107.007385 0.000000 -42.532189 1988.722301 -0.042443 33.022893 0.000097 
145 131.746774 0.000000 -19.165134 1988.853485 -0.169894 29.409526 0.000023 
146 69.898301 0.000000 -7.481607 1988.818493 0.385599 20.725425 0.000168 
147 69.898301 0.000000 -19.165134 1988.490142 -0.178408 28.731997 0.000398 
148 82.267996 0.000000 -7.481607 1988.929198 0.311256 21.277804 0.000051 
149 51.343759 0.000000 -1.639843 1988.691299 4.991729 11.097935 0.000367 
150 51.343759 0.000000 -7.481607 1987.997537 0.428168 19.391632 0.001006 
151 57.528607 0.000000 -1.639843 1988.627734 6.810670 10.326966 0.000429 
152 48.251336 0.000000 7.122802 1990.882815 0.000000 19.100885 -0.001892 
153 45.158912 0.000000 7.122802 1991.202124 0.000000 18.526817 -0.002208 
154 48.251336 0.000000 4.201920 1990.966900 -1.478333 13.147379 -0.001929 
155 51.343759 0.000000 7.122802 1990.426226 -0.558532 17.961366 -0.001422 
156 48.251336 0.000000 10.043684 1990.778264 0.000000 20.260076 -0.001799 
157 42.066488 0.000000 7.122802 1991.475241 0.000000 17.929955 -0.002478 
158 38.974065 0.000000 7.122802 1991.466750 0.000000 15.295909 -0.002447 
159 42.066488 0.000000 4.201920 1991.163852 -0.000000 12.735154 -0.002124 
160 42.066488 0.000000 10.043684 1991.347923 0.000000 20.122219 -0.002371 
161 82.267996 0.000000 144.404248 1988.861135 -0.002215 34.571659 -0.000069 
162 32.789217 0.000000 144.404248 1988.877090 -0.001466 34.622384 -0.000085 
163 131.746774 0.000000 144.404248 1988.837610 -0.002973 34.544588 -0.000044 
164 82.267996 0.000000 191.138357 1988.834296 -0.001284 34.639242 -0.000043 
165 57.528607 0.000000 74.303084 1989.040148 -0.012079 34.182349 -0.000242 
166 32.789217 0.000000 74.303084 1989.103784 -0.011007 34.352797 -0.000309 
167 82.267996 0.000000 74.303084 1988.960393 -0.023491 34.095084 -0.000160 
168 57.528607 0.000000 97.670139 1988.955349 0.029329 34.423974 -0.000161 
169 45.158912 0.000000 39.252502 1989.716296 -0.035547 32.970698 -0.000901 
170 32.789217 0.000000 39.252502 1989.948582 -0.012325 33.438325 -0.001143 
171 57.528607 0.000000 39.252502 1989.410267 -0.030485 32.747367 -0.000590 
172 45.158912 0.000000 50.936029 1989.337257 0.041075 33.682807 -0.000532 
173 51.343759 0.000000 21.727211 1990.004663 -0.138693 29.305079 -0.001134 
174 45.158912 0.000000 21.727211 1990.444175 -0.102365 29.588901 -0.001580 
175 57.528607 0.000000 21.727211 1989.737619 -0.137332 29.126235 -0.000862 
176 51.343759 0.000000 27.568975 1989.923489 -0.066154 30.957319 -0.001077 
177 48.251336 0.000000 12.964566 1990.636748 -0.430793 24.603514 -0.001705 
178 45.158912 0.000000 12.964566 1990.998897 -0.341726 24.795601 -0.002072 
179 51.343759 0.000000 12.964566 1990.294229 -0.502986 24.487832 -0.001359 
180 48.251336 0.000000 15.885447 1990.555250 -0.226686 26.575180 -0.001649 
181 46.705124 0.000000 8.583243 1990.969358 0.000000 19.701450 -0.001985 
182 45.158912 0.000000 8.583243 1991.162518 0.000000 19.910667 -0.002182 
183 46.705124 0.000000 7.122802 1991.024042 -0.000000 18.159461 -0.002026 
184 48.251336 0.000000 8.583243 1990.727815 0.000000 20.310168 -0.001748 
185 46.705124 0.000000 10.043684 1990.987523 -0.000000 20.122433 -0.002008 
186 63.713454 0.000000 10.043684 1989.436521 -2.996915 21.825692 -0.000468 
187 63.713454 0.000000 4.201920 1989.362883 -2.317162 13.068256 -0.000316 
188 69.898301 0.000000 10.043684 1989.246878 -3.876843 22.218402 -0.000283 
189 63.713454 0.000000 15.885447 1989.474481 -0.360779 26.416162 -0.000560 
190 54.436183 0.000000 7.122802 1990.059984 -0.675420 17.844163 -0.001053 
191 54.436183 0.000000 4.201920 1990.111987 -1.908867 12.813250 -0.001067 
192 57.528607 0.000000 7.122802 1989.779299 -0.785431 17.725622 -0.000769 
193 54.436183 0.000000 10.043684 1990.041591 -2.386502 21.710662 -0.001074 
194 49.797547 0.000000 8.583243 1990.711348 0.000000 20.329931 -0.001732 
195 49.797547 0.000000 7.122802 1990.596275 -0.513752 18.095001 -0.001595 
196 51.343759 0.000000 8.583243 1990.369882 0.093086 20.026529 -0.001385 
197 49.797547 0.000000 10.043684 1990.523634 -2.091172 21.777861 -0.001560 
198 38.974065 0.000000 21.727211 1990.982414 -0.064676 30.102635 -0.002129 
199 32.789217 0.000000 21.727211 1991.559133 -0.019382 30.908619 -0.002722 
200 38.974065 0.000000 27.568975 1990.438433 -0.030219 31.599197 -0.001605 
201 42.066488 0.000000 12.964566 1991.499713 -0.266166 24.789831 -0.002576 
202 38.974065 0.000000 12.964566 1992.105647 -0.208859 24.914898 -0.003188 
203 42.066488 0.000000 15.885447 1991.296169 -0.151620 26.893486 -0.002399 
204 46.705124 0.000000 11.504125 1990.894090 -0.613542 23.443549 -0.001950 
205 45.158912 0.000000 11.504125 1991.138541 -0.538140 23.345459 -0.002195 
206 48.251336 0.000000 11.504125 1990.687253 -0.670203 23.372110 -0.001741 
207 46.705124 0.000000 12.964566 1990.827325 -0.386752 24.678628 -0.001898 
208 47.478230 0.000000 9.313463 1990.824236 0.000000 21.107108 -0.001854 
209 46.705124 0.000000 9.313463 1990.940674 0.000000 20.782554 -0.001967 
210 47.478230 0.000000 8.583243 1990.873395 0.000000 19.925604 -0.001891 
211 48.251336 0.000000 9.313463 1990.720394 -0.000000 20.942931 -0.001747 
212 47.478230 0.000000 10.043684 1990.848375 0.000000 20.190176 -0.001868 
213 43.612700 0.000000 8.583243 1991.329452 0.000000 19.928125 -0.002350 
214 42.066488 0.000000 8.583243 1991.417780 0.000000 19.004375 -0.002430 
215 43.612700 0.000000 7.122802 1991.338716 0.000000 18.205341 -0.002343 
216 43.612700 0.000000 10.043684 1991.308086 0.000000 20.104109 -0.002330 
217 45.932018 0.000000 9.313463 1991.080621 -0.000000 20.839672 -0.002109 
218 45.158912 0.000000 9.313463 1991.150507 0.000000 20.967780 -0.002181 
219 45.932018 0.000000 8.583243 1991.084045 -0.000000 19.707829 -0.002101 
220 45.932018 0.000000 10.043684 1991.084880 -0.000000 20.107231 -0.002106 
221 54.436183 0.000000 12.964566 1990.010264 -0.558321 24.402680 -0.001073 
222 57.528607 0.000000 12.964566 1989.739614 -0.587311 24.441485 -0.000801 
223 54.436183 0.000000 15.885447 1989.934685 -0.294317 26.481675 -0.001023 
224 49.797547 0.000000 11.504125 1990.547946 -0.745300 23.195483 -0.001599 
225 51.343759 0.000000 11.504125 1990.377895 -0.785027 23.131678 -0.001427 
226 49.797547 0.000000 12.964566 1990.490652 -0.453252 24.463957 -0.001557 
227 47.478230 0.000000 10.773904 1990.742148 -0.907709 22.754534 -0.001790 
228 46.705124 0.000000 10.773904 1990.839070 -0.841457 22.781300 -0.001887 
229 48.251336 0.000000 10.773904 1990.731891 -0.964935 22.657495 -0.001778 
230 47.478230 0.000000 11.504125 1990.790201 -0.637889 23.407278 -0.001845 
231 47.091677 0.000000 9.678574 1990.808057 -0.000000 21.321956 -0.001840 
232 46.705124 0.000000 9.678574 1990.898121 -0.000000 21.183250 -0.001929 
233 47.091677 0.000000 9.313463 1990.868399 0.000000 21.043491 -0.001897 
234 47.478230 0.000000 9.678574 1990.777828 0.000000 21.253044 -0.001809 
235 47.091677 0.000000 10.043684 1990.915669 -0.000000 20.145693 -0.001936 
236 48.251336 0.000000 1.281038 1990.564055 1.126856 5.292769 -0.001487 
237 45.158912 0.000000 1.281038 1990.447966 0.678653 3.360940 -0.001365 
238 48.251336 0.000000 -1.639843 1988.940305 4.251733 10.954585 0.000119 
239 51.343759 0.000000 1.281038 1990.215982 2.135922 6.847836 -0.001142 
240 46.705124 0.000000 5.662361 1991.120378 0.000000 16.673171 -0.002109 
241 45.158912 0.000000 5.662361 1991.252265 0.000000 15.675465 -0.002234 
242 46.705124 0.000000 4.201920 1991.197980 0.000000 12.606583 -0.002157 
243 48.251336 0.000000 5.662361 1990.937732 0.000000 17.821006 -0.001936 
244 47.478230 0.000000 7.853022 1990.888953 0.000000 19.152290 -0.001899 
245 46.705124 0.000000 7.853022 1990.987080 0.000000 19.090639 -0.001997 
246 47.478230 0.000000 7.122802 1990.948360 0.000000 18.508401 -0.001953 
247 48.251336 0.000000 7.853022 1990.840611 0.000000 19.631344 -0.001855 
248 47.091677 0.000000 8.948353 1990.901135 0.000000 20.300169 -0.001923 
249 46.705124 0.000000 8.948353 1990.944735 0.000000 20.279322 -0.001966 
250 47.091677 0.000000 8.583243 1990.920584 0.000000 19.902201 -0.001938 
251 47.478230 0.000000 8.948353 1990.869381 0.000000 20.212447 -0.001890 
252 49.024441 0.000000 9.313463 1990.749979 0.000000 20.280205 -0.001770 
253 49.024441 0.000000 8.583243 1990.761743 0.000000 20.275734 -0.001782 
254 49.797547 0.000000 9.313463 1990.701889 0.000000 20.334941 -0.001722 
255 49.024441 0.000000 10.043684 1990.701358 0.000000 20.340357 -0.001722 
256 47.864783 0.000000 9.678574 1990.782686 0.000000 21.093257 -0.001812 
257 47.864783 0.000000 9.313463 1990.780234 0.000000 21.140175 -0.001810 
258 48.251336 0.000000 9.678574 1990.809414 0.000000 20.221351 -0.001830 
259 47.864783 0.000000 10.043684 1990.820742 0.000000 20.209346 -0.001841 
260 47.284953 0.000000 9.496019 1990.808478 -0.000000 21.360475 -0.001841 
261 47.091677 0.000000 9.496019 1990.829478 -0.000000 21.389205 -0.001862 
262 47.284953 0.000000 9.313463 1990.842879 0.000000 21.049421 -0.001872 
263 47.478230 0.000000 9.496019 1990.794659 0.000000 21.352533 -0.001827 
264 47.284953 0.000000 9.678574 1990.790427 0.000000 21.304644 -0.001822 
265 42.066488 0.000000 1.281038 1989.919280 0.000000 1.587864 -0.000831 
266 42.066488 0.000000 -1.639843 1988.803808 0.971308 15.525335 0.000230 
267 42.066488 0.000000 -4.560725 1987.651143 0.829125 11.854087 0.001414 
268 42.066488 0.000000 -7.481607 1986.775556 0.098714 18.070003 0.002247 
269 45.158912 0.000000 -4.560725 1987.813190 1.412249 13.114719 0.001243 
270 43.612700 0.000000 -0.179403 1989.146236 0.440495 7.653917 -0.000068 
271 42.066488 0.000000 -0.179403 1988.983969 0.164323 3.513542 0.000107 
272 43.612700 0.000000 -1.639843 1988.900179 1.265545 15.497879 0.000133 
273 45.158912 0.000000 -0.179403 1989.270144 0.824350 8.094494 -0.000194 
274 43.612700 0.000000 1.281038 1990.060124 0.000000 2.375778 -0.000974 
275 -16.689561 0.000000 -136.000407 1988.708555 -0.001442 34.676150 0.000083 
276 -66.168339 0.000000 -136.000407 1988.737626 -0.000820 34.709943 0.000053 
277 -16.689561 0.000000 -182.734516 1988.742631 -0.000885 34.686111 0.000049 
278 8.049828 0.000000 -65.899244 1988.479352 -0.002095 34.531702 0.000316 
279 -16.689561 0.000000 -65.899244 1988.561128 0.006583 34.691106 0.000231 
280 8.049828 0.000000 -89.266298 1988.589296 -0.044920 34.587566 0.000204 
281 20.419523 0.000000 -30.848662 1987.111236 -0.030704 33.778601 0.001704 
282 8.049828 0.000000 -30.848662 1987.606205 -0.028448 34.570675 0.001193 
283 20.419523 0.000000 -42.532189 1987.873903 0.014376 34.116277 0.000932 
284 26.604370 0.000000 -13.323371 1983.346266 -0.126106 28.428025 0.005566 
285 20.419523 0.000000 -13.323371 1983.537049 -0.087650 31.642604 0.005326 
286 26.604370 0.000000 -19.165134 1985.374869 -0.099299 31.392280 0.003486 
287 29.696794 0.000000 -4.560725 1978.683694 -0.394053 6.214718 0.010430 
288 26.604370 0.000000 -4.560725 1976.133945 -0.347944 10.490364 0.012960 
289 29.696794 0.000000 -7.481607 1981.257983 -0.275481 18.277634 0.007778 
290 34.335429 0.000000 -3.100284 1986.544402 -0.118950 -6.773674 0.002550 
291 32.789217 0.000000 -3.100284 1982.558912 -0.262079 -7.374664 0.006546 
292 34.335429 0.000000 -4.560725 1985.235293 -0.197499 4.676086 0.003870 
293 35.881641 0.000000 -3.100284 1990.899893 -0.002466 -2.966441 -0.001819 
294 37.427853 0.000000 -0.179403 1983.069772 0.087401 -2.363062 0.006046 
295 37.427853 0.000000 -1.639843 1987.919931 0.509954 15.638918 0.001118 
296 38.974065 0.000000 -0.179403 1986.624767 0.239910 2.922560 0.002478 
297 37.427853 0.000000 1.281038 1985.922734 0.000000 -3.923225 0.003182 
298 35.108535 0.000000 -0.909623 1986.240518 0.442643 3.973725 0.002862 
299 34.335429 0.000000 -0.909623 1982.951218 1.160395 -47.659798 0.005592 
300 35.108535 0.000000 -1.639843 1987.110767 0.320723 15.617236 0.001931 
301 35.881641 0.000000 -0.909623 1986.940552 0.337853 14.368324 0.002111 
302 35.108535 0.000000 -0.179403 1982.034146 0.341654 -23.334060 0.006948 
303 -115.647118 0.000000 -42.532189 1988.768106 -0.000656 34.750479 0.000022 
304 -165.125896 0.000000 -42.532189 1988.780902 -0.000421 34.735989 0.000009 
305 -115.647118 0.000000 -89.266298 1988.757824 -0.000617 34.733671 0.000032 
306 -115.647118 0.000000 4.201920 1988.793641 -0.000790 34.759323 -0.000004 
307 -41.428950 0.000000 -19.165134 1988.696452 -0.001307 34.876866 0.000092 
308 -66.168339 0.000000 -19.165134 1988.751591 -0.003662 34.807728 0.000037 
309 -41.428950 0.000000 -42.532189 1988.648153 0.001497 34.798837 0.000142 
310 -41.428950 0.000000 4.201920 1988.814191 -0.005542 34.883865 -0.000027 
311 -4.319866 0.000000 -7.481607 1988.289545 -0.026166 35.667835 0.000487 
312 -16.689561 0.000000 -7.481607 1988.623613 -0.015244 35.177585 0.000160 
313 -4.319866 0.000000 -19.165134 1988.002672 -0.008355 35.193977 0.000783 
314 -4.319866 0.000000 4.201920 1989.085833 -0.030215 35.788951 -0.000316 
315 14.234675 0.000000 -1.639843 1979.732659 -0.050817 44.637935 0.008886 
316 8.049828 0.000000 -1.639843 1987.848645 -0.030573 38.168802 0.000883 
317 14.234675 0.000000 -7.481607 1982.709345 -0.064052 35.145421 0.006097 
318 14.234675 0.000000 4.201920 1998.160701 -0.028441 38.448902 -0.009511 
319 -115.647118 0.000000 50.936029 1988.817022 -0.000597 34.747328 -0.000027 
320 -165.125896 0.000000 50.936029 1988.802288 -0.000395 34.734956 -0.000012 
321 -115.647118 0.000000 97.670139 1988.824417 -0.000518 34.730717 -0.000034 
322 -41.428950 0.000000 27.568975 1988.916112 -0.009103 34.849909 -0.000129 
323 -66.168339 0.000000 27.568975 1988.845760 -0.002976 34.798787 -0.000057 
324 -41.428950 0.000000 50.936029 1988.939623 0.014425 34.774890 -0.000151 
325 -4.319866 0.000000 15.885447 1989.557060 -0.020062 35.333803 -0.000782 
326 -16.689561 0.000000 15.885447 1989.093900 -0.013391 35.081825 -0.000312 
327 -4.319866 0.000000 27.568975 1989.512384 -0.018391 34.911242 -0.000729 
328 14.234675 0.000000 10.043684 1993.813353 -0.005918 34.582025 -0.005054 
329 8.049828 0.000000 10.043684 1991.239147 -0.019230 35.991814 -0.002486 
330 14.234675 0.000000 15.885447 1992.059799 -0.012891 34.230788 -0.003281 
331 17.327099 0.000000 1.281038 2032.238470 -0.062524 21.539780 -0.043969 
332 14.234675 0.000000 1.281038 1995.988975 -0.039639 48.700247 -0.007545 
333 17.327099 0.000000 -1.639843 1958.561689 -0.070583 30.180205 0.030233 
334 20.419523 0.000000 1.281038 2034.830557 0.002115 -49.548948 -0.047137 
335 17.327099 0.000000 4.201920 2005.718057 -0.024970 30.487742 -0.017021 
336 14.234675 0.000000 -13.323371 1984.938627 -0.067730 34.347656 0.003875 
337 8.049828 0.000000 -13.323371 1986.508786 -0.034943 35.549491 0.002278 
338 14.234675 0.000000 -19.165134 1986.061498 -0.049385 34.319116 0.002749 
339 17.327099 0.000000 -4.560725 1975.036109 -0.080075 31.702173 0.013830 
340 14.234675 0.000000 -4.560725 1980.894876 -0.057851 36.827041 0.007884 
341 17.327099 0.000000 -7.481607 1980.394881 -0.080641 32.398391 0.008462 
342 20.419523 0.000000 -4.560725 1972.850200 -0.141613 21.651334 0.016147 
343 23.511946 0.000000 1.281038 1988.311202 -0.186877 -47.823489 0.000208 
344 23.511946 0.000000 -1.639843 1969.952617 -0.283841 -14.584796 0.019099 
345 23.511946 0.000000 4.201920 2002.194853 0.041601 14.044292 -0.013267 
346 18.873311 0.000000 -0.179403 2138.418671 0.228589 -53.597485 -0.156506 
347 17.327099 0.000000 -0.179403 1941.963695 -0.015374 13.160830 0.046783 
348 18.873311 0.000000 -1.639843 1953.637266 -0.091283 14.203555 0.035282 
349 20.419523 0.000000 -0.179403 2038.231323 -0.009516 -49.618879 -0.050640 
350 18.873311 0.000000 1.281038 2176.752749 0.280256 -55.147304 -0.198358 
351 47.864783 0.000000 8.948353 1990.812397 0.000000 20.221750 -0.001833 
352 47.864783 0.000000 8.583243 1990.801473 -0.000000 20.129111 -0.001821 
353 48.251336 0.000000 8.948353 1990.780237 0.000000 20.252305 -0.001800 
354 47.671506 0.000000 9.496019 1990.778573 0.000000 21.355233 -0.001810 
355 47.671506 0.000000 9.313463 1990.799555 0.000000 21.063677 -0.001828 
356 47.864783 0.000000 9.496019 1990.770253 0.000000 21.342872 -0.001802 
357 47.671506 0.000000 9.678574 1990.779591 0.000000 21.189623 -0.001810 
358 43.612700 0.000000 11.504125 1991.380268 -0.462241 23.404427 -0.002439 
359 42.066488 0.000000 11.504125 1991.646297 -0.400546 23.399739 -0.002707 
360 43.612700 0.000000 12.964566 1991.263207 -0.304194 24.700179 -0.002337 
361 45.932018 0.000000 10.773904 1990.911572 -0.773663 22.801462 -0.001961 
362 45.158912 0.000000 10.773904 1991.113629 -0.704202 22.632950 -0.002162 
363 45.932018 0.000000 11.504125 1990.938879 -0.577475 23.561746 -0.001997 
364 47.091677 0.000000 10.408794 1990.938784 0.000000 20.092471 -0.001958 
365 46.705124 0.000000 10.408794 1990.984957 0.000000 20.055460 -0.002004 
366 47.478230 0.000000 10.408794 1990.755083 -1.173891 22.384750 -0.001798 
367 47.091677 0.000000 10.773904 1990.789714 -0.875365 22.762927 -0.001837 
368 47.284953 0.000000 9.861129 1990.871334 0.000000 20.183814 -0.001891 
369 47.091677 0.000000 9.861129 1990.877916 0.000000 20.179182 -0.001898 
370 47.478230 0.000000 9.861129 1990.848063 0.000000 20.190240 -0.001868 
371 47.284953 0.000000 10.043684 1990.870046 0.000000 20.169132 -0.001890 
372 47.381591 0.000000 9.587296 1990.782962 0.000000 21.353817 -0.001815 
373 47.284953 0.000000 9.587296 1990.774575 -0.000000 21.361696 -0.001806 
374 47.381591 0.000000 9.496019 1990.803405 -0.000000 21.367284 -0.001836 
375 47.478230 0.000000 9.587296 1990.777640 0.000000 21.367249 -0.001810 
376 47.381591 0.000000 9.678574 1990.790719 0.000000 21.250124 -0.001821 
377 181.225553 0.000000 -136.000407 1988.765611 -0.004382 34.525566 0.000028 
378 181.225553 0.000000 -182.734516 1988.768325 -0.002242 34.611296 0.000024 
379 230.704331 0.000000 -136.000407 1988.776964 -0.004627 34.526758 0.000017 
380 -115.647118 0.000000 -136.000407 1988.759489 -0.000524 34.721109 0.000031 
381 -165.125896 0.000000 -136.000407 1988.772289 -0.000357 34.722998 0.000018 
382 -115.647118 0.000000 -182.734516 1988.764882 -0.000430 34.714468 0.000026 
383 181.225553 0.000000 144.404248 1988.820060 -0.003524 34.534358 -0.000027 
384 230.704331 0.000000 144.404248 1988.809595 -0.003873 34.530849 -0.000016 
385 181.225553 0.000000 191.138357 1988.814614 -0.001889 34.614985 -0.000023 
386 107.007385 0.000000 -65.899244 1988.699324 -0.006093 33.942461 0.000105 
387 107.007385 0.000000 -89.266298 1988.704348 -0.009099 34.287103 0.000094 
388 131.746774 0.000000 -65.899244 1988.740289 -0.019687 33.946214 0.000064 
389 -16.689561 0.000000 144.404248 1988.865647 -0.000921 34.676307 -0.000075 
390 -66.168339 0.000000 144.404248 1988.841323 -0.000629 34.707769 -0.000051 
391 -16.689561 0.000000 191.138357 1988.835821 -0.000688 34.686691 -0.000045 
392 -115.647118 0.000000 144.404248 1988.821398 -0.000438 34.719248 -0.000031 
393 -165.125896 0.000000 144.404248 1988.809134 -0.000315 34.721833 -0.000019 
394 -115.647118 0.000000 191.138357 1988.815685 -0.000365 34.713442 -0.000025 
395 -41.428950 0.000000 -65.899244 1988.656324 0.001566 34.739834 0.000134 
396 -66.168339 0.000000 -65.899244 1988.711763 -0.001577 34.751879 0.000078 
397 -41.428950 0.000000 -89.266298 1988.679696 -0.001858 34.713719 0.000111 
398 107.007385 0.000000 74.303084 1988.900946 0.016210 34.053945 -0.000100 
399 131.746774 0.000000 74.303084 1988.862818 -0.012406 34.042169 -0.000061 
400 107.007385 0.000000 97.670139 1988.881882 -0.005775 34.338436 -0.000085 
401 69.898301 0.000000 -30.848662 1988.429620 -0.093721 31.731989 0.000413 
402 69.898301 0.000000 -42.532189 1988.443979 -0.037039 32.999583 0.000378 
403 82.267996 0.000000 -30.848662 1988.605183 -0.101361 31.769435 0.000236 
404 8.049828 0.000000 74.303084 1989.079445 -0.019974 34.551296 -0.000288 
405 -16.689561 0.000000 74.303084 1988.996222 -0.013242 34.676459 -0.000206 
406 8.049828 0.000000 97.670139 1988.966028 -0.036503 34.598856 -0.000174 
407 -41.428950 0.000000 74.303084 1988.920150 -0.002218 34.727110 -0.000131 
408 -66.168339 0.000000 74.303084 1988.870486 -0.001199 34.742679 -0.000081 
409 -41.428950 0.000000 97.670139 1988.894821 -0.001265 34.706832 -0.000105 
410 -4.319866 0.000000 -30.848662 1988.144209 -0.016795 34.816024 0.000648 
411 -16.689561 0.000000 -30.848662 1988.424899 -0.006824 34.896064 0.000364 
412 -4.319866 0.000000 -42.532189 1988.297185 0.018101 34.704501 0.000496 
413 69.898301 0.000000 39.252502 1989.202978 -0.045134 32.633458 -0.000379 
414 82.267996 0.000000 39.252502 1989.018661 -0.070172 32.596413 -0.000193 
415 69.898301 0.000000 50.936029 1989.052502 0.038596 33.455630 -0.000242 
416 51.343759 0.000000 -13.323371 1987.565830 -0.148935 25.136273 0.001376 
417 51.343759 0.000000 -19.165134 1987.674514 -0.142285 28.557603 0.001220 
418 57.528607 0.000000 -13.323371 1988.159061 -0.147933 25.379784 0.000776 
419 20.419523 0.000000 39.252502 1989.888045 0.016832 33.995343 -0.001091 
420 8.049828 0.000000 39.252502 1989.641474 -0.052123 34.486845 -0.000852 
421 20.419523 0.000000 50.936029 1989.428855 -0.028543 34.237858 -0.000634 
422 -4.319866 0.000000 39.252502 1989.338579 -0.040881 34.718575 -0.000551 
423 -16.689561 0.000000 39.252502 1989.108618 -0.013562 34.769901 -0.000321 
424 -4.319866 0.000000 50.936029 1989.172037 -0.015651 34.627798 -0.000382 
425 26.604370 0.000000 21.727211 1991.779622 -0.005106 31.989122 -0.002961 
426 20.419523 0.000000 21.727211 1991.700230 0.007932 33.183115 -0.002901 
427 26.604370 0.000000 27.568975 1991.081349 -0.022892 32.886542 -0.002273 
428 14.234675 0.000000 21.727211 1991.267116 -0.054429 34.318200 -0.002485 
429 8.049828 0.000000 21.727211 1990.528826 -0.002423 34.783321 -0.001750 
430 14.234675 0.000000 27.568975 1990.520168 -0.064718 34.201997 -0.001731 
431 23.511946 0.000000 -4.560725 1974.617371 -0.233669 15.111402 0.014445 
432 23.511946 0.000000 -7.481607 1978.860448 -0.178262 24.222738 0.010114 
433 35.881641 0.000000 7.122802 1992.639319 -0.498494 17.488175 -0.003646 
434 32.789217 0.000000 7.122802 1993.948253 -0.252201 17.355393 -0.004964 
435 35.881641 0.000000 10.043684 1992.880042 -0.330976 21.906876 -0.003932 
436 35.881641 0.000000 12.964566 1992.729659 -0.185953 25.124884 -0.003819 
437 32.789217 0.000000 12.964566 1993.394365 -0.161425 25.686408 -0.004496 
438 35.881641 0.000000 15.885447 1992.160438 -0.106458 27.597730 -0.003279 
439 29.696794 0.000000 7.122802 1996.209088 -0.109843 17.838025 -0.007248 
440 26.604370 0.000000 7.122802 1997.687043 -0.039797 20.616062 -0.008767 
441 29.696794 0.000000 10.043684 1994.901768 -0.147502 23.532613 -0.005989 
442 29.696794 0.000000 12.964566 1993.958078 -0.092483 26.700730 -0.005078 
443 26.604370 0.000000 12.964566 1994.496176 -0.050782 28.091172 -0.005639 
444 29.696794 0.000000 15.885447 1993.292283 -0.052517 28.774622 -0.004436 
445 37.427853 0.000000 -3.100284 1991.369966 0.169056 3.253992 -0.002293 
446 37.427853 0.000000 -4.560725 1988.134258 0.025651 8.136580 0.000947 
447 38.974065 0.000000 -3.100284 1989.738984 0.485097 6.075294 -0.000659 
448 63.713454 0.000000 21.727211 1989.453883 -0.162456 29.149801 -0.000577 
449 69.898301 0.000000 21.727211 1989.270316 -0.160847 29.204128 -0.000393 
450 63.713454 0.000000 27.568975 1989.410998 -0.079045 30.831742 -0.000560 
451 63.713454 0.000000 -1.639843 1989.252748 6.868145 11.322042 -0.000205 
452 63.713454 0.000000 -7.481607 1988.682705 0.399857 20.289068 0.000309 
453 69.898301 0.000000 -1.639843 1989.132080 6.562236 11.620051 -0.000084 
454 48.251336 0.000000 -4.560725 1988.205396 1.742085 14.421402 0.000839 
455 48.251336 0.000000 -7.481607 1987.633840 0.409125 19.139111 0.001374 
456 51.343759 0.000000 -4.560725 1988.444264 1.812257 14.911306 0.000596 
457 54.436183 0.000000 1.281038 1989.525073 2.822455 8.485209 -0.000454 
458 54.436183 0.000000 -1.639843 1988.490716 5.954247 10.714004 0.000568 
459 57.528607 0.000000 1.281038 1989.202671 3.037886 9.793861 -0.000136 
460 49.797547 0.000000 5.662361 1990.665045 -1.299780 15.780698 -0.001644 
461 49.797547 0.000000 4.201920 1990.778688 -1.614860 13.122068 -0.001739 
462 51.343759 0.000000 5.662361 1990.497959 -1.374056 15.521124 -0.001474 
463 43.612700 0.000000 5.662361 1991.323285 -0.000000 15.751620 -0.002306 
464 42.066488 0.000000 5.662361 1991.394148 0.000000 15.783175 -0.002378 
465 43.612700 0.000000 4.201920 1991.243917 0.000000 13.046062 -0.002206 
466 45.932018 0.000000 7.853022 1991.104650 0.000000 19.011155 -0.002115 
467 45.158912 0.000000 7.853022 1991.178762 0.000000 19.159882 -0.002191 
468 45.932018 0.000000 7.122802 1991.101136 0.000000 18.249995 -0.002104 
469 49.024441 0.000000 7.853022 1990.749506 0.000000 20.280781 -0.001770 
470 49.024441 0.000000 7.122802 1990.766427 0.000000 19.722307 -0.001781 
471 49.797547 0.000000 7.853022 1990.701889 0.000000 20.334941 -0.001722 
472 49.024441 0.000000 10.773904 1990.626577 -0.994621 22.636516 -0.001672 
473 49.797547 0.000000 10.773904 1990.556794 -1.031036 22.522900 -0.001600 
474 49.024441 0.000000 11.504125 1990.619126 -0.705959 23.322586 -0.001672 
475 47.864783 0.000000 10.408794 1990.706545 -1.221906 22.366997 -0.001749 
476 48.251336 0.000000 10.408794 1990.676753 -1.259758 22.281869 -0.001719 
477 47.864783 0.000000 10.773904 1990.702250 -0.936531 22.717472 -0.001749 
478 47.671506 0.000000 9.861129 1990.842515 0.000000 20.195438 -0.001863 
479 47.864783 0.000000 9.861129 1990.819490 0.000000 20.210716 -0.001840 
480 47.671506 0.000000 10.043684 1990.824304 0.000000 20.205575 -0.001844 
481 40.520276 0.000000 -0.179403 1988.072946 0.093791 0.796811 0.001026 
482 40.520276 0.000000 -1.639843 1988.591465 0.893813 15.564439 0.000443 
483 40.520276 0.000000 1.281038 1989.142872 -0.000000 0.966510 -0.000050 
484 43.612700 0.000000 2.741479 1990.975631 -0.000000 9.048606 -0.001914 
485 42.066488 0.000000 2.741479 1990.805010 -0.000000 8.912441 -0.001742 
486 45.158912 0.000000 2.741479 1991.195090 0.000000 11.642852 -0.002149 
487 40.520276 0.000000 2.741479 1990.450258 -0.000000 8.482221 -0.001383 
488 38.974065 0.000000 2.741479 1989.888955 0.000000 7.451624 -0.000814 
489 40.520276 0.000000 4.201920 1991.006180 0.000000 12.299849 -0.001962 
490 40.520276 0.000000 -3.100284 1988.780093 0.937030 7.809520 0.000299 
491 40.520276 0.000000 -4.560725 1987.787332 0.511767 11.210746 0.001281 
492 42.066488 0.000000 -3.100284 1988.453258 1.447128 8.682727 0.000624 
493 37.427853 0.000000 2.741479 1989.342520 0.000000 5.308192 -0.000258 
494 35.881641 0.000000 2.741479 1988.991922 0.000000 2.153775 0.000101 
495 37.427853 0.000000 4.201920 1990.247592 0.000000 9.194208 -0.001182 
496 34.335429 0.000000 2.741479 1988.953775 0.000000 2.227084 0.000139 
497 32.789217 0.000000 2.741479 1991.791145 1.938960 -2.858938 -0.002717 
498 34.335429 0.000000 4.201920 1988.977588 0.000000 1.914513 0.000116 
499 23.511946 0.000000 7.122802 1999.393618 -0.006324 22.984656 -0.010517 
500 20.419523 0.000000 7.122802 1999.803765 -0.018795 27.587682 -0.010990 
501 23.511946 0.000000 10.043684 1995.792904 -0.030295 28.038789 -0.006946 
502 23.511946 0.000000 12.964566 1994.656393 -0.032914 29.727603 -0.005825 
503 20.419523 0.000000 12.964566 1994.185742 -0.017686 31.422557 -0.005376 
504 23.511946 0.000000 15.885447 1993.344108 -0.012655 31.074604 -0.004523 
505 63.713454 0.000000 -13.323371 1988.417702 -0.157912 25.525894 0.000515 
506 63.713454 0.000000 -19.165134 1988.286224 -0.156285 28.555723 0.000605 
507 69.898301 0.000000 -13.323371 1988.612520 -0.168979 25.817811 0.000315 
508 54.436183 0.000000 -4.560725 1988.585856 1.742083 15.350819 0.000450 
509 54.436183 0.000000 -7.481607 1988.287309 0.405078 19.769599 0.000712 
510 57.528607 0.000000 -4.560725 1988.632081 1.729668 15.348369 0.000403 
511 40.520276 0.000000 5.662361 1991.405480 0.000000 15.412703 -0.002386 
512 38.974065 0.000000 5.662361 1991.190157 0.000000 13.873734 -0.002158 
513 40.520276 0.000000 7.122802 1991.486428 0.000000 16.783373 -0.002479 
514 40.520276 0.000000 8.583243 1991.532436 0.000000 18.014085 -0.002536 
515 38.974065 0.000000 8.583243 1992.035869 -0.618642 19.983427 -0.003062 
516 40.520276 0.000000 10.043684 1991.807085 -0.515760 22.029258 -0.002853 
517 40.520276 0.000000 11.504125 1991.821956 -0.351288 23.495602 -0.002885 
518 38.974065 0.000000 11.504125 1992.159923 -0.324854 23.447522 -0.003225 
519 40.520276 0.000000 12.964566 1991.828428 -0.235961 24.786617 -0.002907 
520 46.705124 0.000000 2.741479 1991.079784 3.105257 8.924351 -0.002021 
521 46.705124 0.000000 1.281038 1990.573277 0.713118 4.215912 -0.001493 
522 48.251336 0.000000 2.741479 1990.959029 -0.572011 9.894008 -0.001902 
523 43.612700 0.000000 -3.100284 1988.503587 1.952878 9.760641 0.000568 
524 43.612700 0.000000 -4.560725 1987.699099 1.143639 12.511223 0.001362 
525 45.158912 0.000000 -3.100284 1988.468533 2.364673 10.609465 0.000598 
526 17.327099 0.000000 7.122802 1998.821024 -0.023585 32.234958 -0.010068 
527 14.234675 0.000000 7.122802 1995.422015 -0.021206 35.238930 -0.006687 
528 17.327099 0.000000 10.043684 1995.189766 -0.017197 32.554455 -0.006407 
529 17.327099 0.000000 12.964566 1993.720615 -0.010860 33.108042 -0.004935 
530 14.234675 0.000000 12.964566 1992.886229 -0.004909 34.377458 -0.004116 
531 17.327099 0.000000 15.885447 1992.711345 -0.003063 33.411579 -0.003923 
532 37.427853 0.000000 5.662361 1990.888636 0.000000 12.327891 -0.001844 
533 35.881641 0.000000 5.662361 1991.985545 -0.236213 14.398801 -0.002963 
534 37.427853 0.000000 7.122802 1992.176003 -0.620718 17.453336 -0.003179 
535 37.427853 0.000000 8.583243 1992.428341 -0.534824 19.907889 -0.003456 
536 35.881641 0.000000 8.583243 1992.887528 -0.451991 19.699520 -0.003917 
537 37.427853 0.000000 10.043684 1992.418772 -0.400811 21.972820 -0.003468 
538 37.427853 0.000000 11.504125 1992.436098 -0.275288 23.538238 -0.003504 
539 35.881641 0.000000 11.504125 1992.715881 -0.252720 23.748477 -0.003788 
540 37.427853 0.000000 12.964566 1992.368413 -0.191575 24.980902 -0.003453 
541 46.705124 0.000000 -0.179403 1989.399074 0.518759 9.035180 -0.000328 
542 46.705124 0.000000 -1.639843 1988.915718 3.810610 10.477942 0.000147 
543 48.251336 0.000000 -0.179403 1989.428070 0.369801 9.896203 -0.000361 
544 49.797547 0.000000 2.741479 1990.807915 -0.597924 10.061309 -0.001750 
545 49.797547 0.000000 1.281038 1990.452989 1.642118 6.068622 -0.001378 
546 51.343759 0.000000 2.741479 1990.590026 -0.574174 10.114933 -0.001531 
547 34.335429 0.000000 5.662361 1992.624129 -0.081016 13.731257 -0.003601 
548 32.789217 0.000000 5.662361 1993.794243 -0.021057 13.076926 -0.004775 
549 34.335429 0.000000 7.122802 1993.122856 -0.368595 17.373755 -0.004132 
550 34.335429 0.000000 8.583243 1993.398533 -0.350347 19.988810 -0.004434 
551 32.789217 0.000000 8.583243 1993.848364 -0.250369 20.124046 -0.004889 
552 34.335429 0.000000 10.043684 1993.396566 -0.281887 21.926990 -0.004453 
553 34.335429 0.000000 11.504125 1993.194751 -0.213366 23.848520 -0.004272 
554 32.789217 0.000000 11.504125 1993.653400 -0.178883 24.093026 -0.004737 
555 34.335429 0.000000 12.964566 1993.014536 -0.161492 25.423663 -0.004110 
556 46.705124 0.000000 -3.100284 1988.476243 2.668836 11.228472 0.000587 
557 46.705124 0.000000 -4.560725 1987.963019 1.610099 13.630026 0.001089 
558 48.251336 0.000000 -3.100284 1988.608989 2.865569 11.985295 0.000449 
1 79 97 95 96 
2 97 72 88 95 
3 95 88 5 98 
4 96 95 98 82 
5 7 101 99 100 
6 101 12 102 99 
7 99 102 10 25 
8 100 99 25 11 
9 11 105 103 104 
10 105 25 106 103 
11 103 106 23 41 
12 104 103 41 24 
13 24 109 107 108 
14 109 41 110 107 
15 107 110 39 57 
16 108 107 57 40 
17 40 113 111 112 
18 113 57 114 111 
19 111 114 55 73 
20 112 111 73 56 
21 56 117 115 116 
22 117 73 118 115 
23 72 121 119 120 
24 119 122 87 123 
25 120 119 123 88 
26 14 125 124 37 
27 125 8 126 124 
28 124 126 21 127 
29 37 124 127 19 
30 27 129 128 53 
31 129 14 130 128 
32 128 130 37 131 
33 53 128 131 35 
34 133 27 134 132 
35 132 134 53 135 
36 10 141 140 26 
37 141 13 142 140 
38 140 142 8 125 
39 26 140 125 14 
40 23 144 143 42 
41 144 26 145 143 
42 143 145 14 129 
43 42 143 129 27 
44 147 42 148 146 
45 146 148 27 133 
46 20 38 161 162 
47 38 19 163 161 
48 161 163 22 164 
49 162 161 164 9 
50 36 54 165 166 
51 54 35 167 165 
52 165 167 38 168 
53 166 165 168 20 
54 52 70 169 170 
55 70 51 171 169 
56 169 171 54 172 
57 170 169 172 36 
58 67 139 173 174 
59 139 69 175 173 
60 173 175 51 176 
61 174 173 176 70 
62 177 179 139 180 
63 178 177 180 67 
64 43 187 186 138 
65 187 133 188 186 
66 186 188 132 189 
67 138 186 189 69 
68 137 191 190 155 
69 191 43 192 190 
70 190 192 138 193 
71 155 190 193 136 
72 195 155 196 194 
73 194 196 136 197 
74 68 86 198 199 
75 86 67 174 198 
76 198 174 70 200 
77 199 198 200 52 
78 201 178 67 203 
79 202 201 203 86 
80 204 206 177 207 
81 205 204 207 178 
82 157 215 213 214 
83 215 153 182 213 
84 213 182 85 216 
85 214 213 216 160 
86 182 219 217 218 
87 219 181 209 217 
88 217 209 185 220 
89 218 217 220 85 
90 136 193 221 179 
91 193 138 222 221 
92 221 222 69 223 
93 179 221 223 139 
94 197 136 225 224 
95 224 225 179 226 
96 206 224 226 177 
97 227 229 206 230 
98 228 227 230 204 
99 209 233 231 232 
100 232 231 235 185 
101 238 149 239 236 
102 59 242 240 241 
103 242 154 243 240 
104 240 243 152 183 
105 241 240 183 153 
106 183 246 244 245 
107 246 152 247 244 
108 244 247 184 210 
109 245 244 210 181 
110 181 250 248 249 
111 250 210 251 248 
112 248 251 208 233 
113 249 248 233 209 
114 184 253 252 211 
115 253 194 254 252 
116 252 254 197 255 
117 211 252 255 156 
118 257 211 258 256 
119 256 258 156 259 
120 233 262 260 261 
121 262 208 263 260 
122 261 260 264 231 
123 73 268 267 118 
124 268 55 269 267 
125 266 272 270 271 
126 272 74 273 270 
127 270 273 237 274 
128 271 270 274 265 
129 17 277 275 276 
130 277 7 100 275 
131 275 100 11 33 
132 276 275 33 15 
133 33 280 278 279 
134 280 11 104 278 
135 278 104 24 49 
136 279 278 49 31 
137 49 283 281 282 
138 283 24 108 281 
139 281 108 40 65 
140 282 281 65 47 
141 65 286 284 285 
142 286 40 112 284 
143 284 112 56 81 
144 285 284 81 63 
145 81 289 287 288 
146 289 56 116 287 
147 287 116 72 97 
148 288 287 97 79 
149 116 292 290 291 
150 292 115 293 290 
151 290 293 89 121 
152 291 290 121 72 
153 89 295 294 122 
154 295 71 296 294 
155 294 296 90 297 
156 122 294 297 87 
157 121 300 298 299 
158 300 89 301 298 
159 298 301 122 302 
160 299 298 302 119 
161 16 305 303 304 
162 305 15 32 303 
163 303 32 18 306 
164 304 303 306 6 
165 32 309 307 308 
166 309 31 48 307 
167 307 48 34 310 
168 308 307 310 18 
169 48 313 311 312 
170 313 47 64 311 
171 311 64 50 314 
172 312 311 314 34 
173 64 317 315 316 
174 316 315 318 50 
175 6 306 319 320 
176 306 18 45 319 
177 319 45 28 321 
178 320 319 321 29 
179 18 310 322 323 
180 310 34 61 322 
181 322 61 44 324 
182 323 322 324 45 
183 34 314 325 326 
184 314 50 77 325 
185 325 77 60 327 
186 326 325 327 61 
187 50 318 328 329 
188 329 328 330 77 
189 315 333 331 332 
190 331 334 66 335 
191 332 331 335 318 
192 47 338 336 337 
193 338 65 285 336 
194 336 285 63 317 
195 337 336 317 64 
196 317 341 339 340 
197 341 63 342 339 
198 339 342 80 333 
199 340 339 333 315 
200 80 344 343 334 
201 344 79 96 343 
202 343 96 82 345 
203 334 343 345 66 
204 333 348 346 347 
205 348 80 349 346 
206 346 349 334 350 
207 347 346 350 331 
208 210 352 351 251 
209 352 184 353 351 
210 351 353 211 257 
211 251 351 257 208 
212 208 355 354 263 
213 355 257 356 354 
214 354 356 256 357 
215 263 354 357 234 
216 160 216 358 359 
217 216 85 205 358 
218 358 205 178 360 
219 359 358 360 201 
220 85 220 361 362 
221 220 185 228 361 
222 361 228 204 363 
223 362 361 363 205 
224 185 235 364 365 
225 235 212 366 364 
226 364 366 227 367 
227 365 364 367 228 
228 231 264 368 369 
229 264 234 370 368 
230 368 370 212 371 
231 369 368 371 235 
232 260 374 372 373 
233 374 263 375 372 
234 372 375 234 376 
235 373 372 376 264 
236 12 378 377 102 
237 378 2 379 377 
238 377 379 13 141 
239 102 377 141 10 
240 1 382 380 381 
241 382 17 276 380 
242 380 276 15 305 
243 381 380 305 16 
244 19 127 383 163 
245 127 21 384 383 
246 383 384 3 385 
247 163 383 385 22 
248 25 387 386 106 
249 387 10 388 386 
250 386 388 26 144 
251 106 386 144 23 
252 28 46 389 390 
253 46 20 162 389 
254 389 162 9 391 
255 390 389 391 30 
256 29 321 392 393 
257 321 28 390 392 
258 392 390 30 394 
259 393 392 394 4 
260 15 397 395 396 
261 397 33 279 395 
262 395 279 31 309 
263 396 395 309 32 
264 35 131 398 167 
265 131 37 399 398 
266 398 399 19 400 
267 167 398 400 38 
268 41 402 401 110 
269 402 23 403 401 
270 401 403 42 147 
271 110 401 147 39 
272 44 62 404 405 
273 62 36 166 404 
274 404 166 20 406 
275 405 404 406 46 
276 45 324 407 408 
277 324 44 405 407 
278 407 405 46 409 
279 408 407 409 28 
280 31 412 410 411 
281 412 49 282 410 
282 410 282 47 313 
283 411 410 313 48 
284 51 135 413 171 
285 135 53 414 413 
286 413 414 35 415 
287 171 413 415 54 
288 57 417 416 114 
289 417 39 418 416 
290 416 418 58 150 
291 114 416 150 55 
292 60 78 419 420 
293 78 52 170 419 
294 419 170 36 421 
295 420 419 421 62 
296 61 327 422 423 
297 327 60 420 422 
298 422 420 62 424 
299 423 422 424 44 
300 76 94 425 426 
301 94 68 199 425 
302 425 199 52 427 
303 426 425 427 78 
304 77 330 428 429 
305 330 76 426 428 
306 428 426 78 430 
307 429 428 430 60 
308 63 432 431 342 
309 432 81 288 431 
310 431 288 79 344 
311 342 431 344 80 
312 436 202 86 438 
313 437 436 438 68 
314 82 98 439 440 
315 98 5 434 439 
316 439 434 84 441 
317 440 439 441 92 
318 92 441 442 443 
319 441 84 437 442 
320 442 437 68 444 
321 443 442 444 94 
322 115 446 445 293 
323 446 118 447 445 
324 445 447 71 295 
325 293 445 295 89 
326 69 189 448 175 
327 189 132 449 448 
328 448 449 135 450 
329 175 448 450 51 
330 58 452 451 151 
331 452 146 453 451 
332 451 453 133 187 
333 151 451 187 43 
334 55 455 454 269 
335 455 150 456 454 
336 454 456 149 238 
337 149 458 457 239 
338 458 151 459 457 
339 457 459 43 191 
340 239 457 191 137 
341 154 461 460 243 
342 461 137 462 460 
343 460 462 155 195 
344 243 460 195 152 
345 159 465 463 464 
346 465 59 241 463 
347 463 241 153 215 
348 464 463 215 157 
349 153 468 466 467 
350 468 183 245 466 
351 466 245 181 219 
352 467 466 219 182 
353 152 470 469 247 
354 470 195 471 469 
355 469 471 194 253 
356 247 469 253 184 
357 156 255 472 229 
358 255 197 473 472 
359 472 473 224 474 
360 229 472 474 206 
361 212 259 475 366 
362 259 156 476 475 
363 475 476 229 477 
364 366 475 477 227 
365 234 357 478 370 
366 357 256 479 478 
367 478 479 259 480 
368 370 478 480 212 
369 71 482 481 296 
370 482 266 271 481 
371 481 271 265 483 
372 296 481 483 90 
373 265 274 484 485 
374 274 237 486 484 
375 484 486 59 465 
376 485 484 465 159 
377 90 483 487 488 
378 483 265 485 487 
379 487 485 159 489 
380 488 487 489 75 
381 118 491 490 447 
382 491 267 492 490 
383 490 492 266 482 
384 447 490 482 71 
385 87 297 493 494 
386 297 90 488 493 
387 493 488 75 495 
388 494 493 495 91 
389 88 123 496 497 
390 123 87 494 496 
391 496 494 91 498 
392 497 496 498 5 
393 66 345 499 500 
394 345 82 440 499 
395 499 440 92 501 
396 500 499 501 93 
397 93 501 502 503 
398 501 92 443 502 
399 502 443 94 504 
400 503 502 504 76 
401 39 506 505 418 
402 506 147 507 505 
403 505 507 146 452 
404 418 505 452 58 
405 150 509 508 456 
406 509 58 510 508 
407 508 510 151 458 
408 456 508 458 149 
409 75 489 511 512 
410 489 159 464 511 
411 511 464 157 513 
412 512 511 513 158 
413 158 513 514 515 
414 513 157 214 514 
415 514 214 160 516 
416 515 514 516 83 
417 83 516 517 518 
418 516 160 359 517 
419 517 359 201 519 
420 518 517 519 202 
421 237 521 520 486 
422 521 236 522 520 
423 520 522 154 242 
424 486 520 242 59 
425 267 524 523 492 
426 524 269 525 523 
427 523 525 74 272 
428 492 523 272 266 
429 318 335 526 527 
430 335 66 500 526 
431 526 500 93 528 
432 527 526 528 328 
433 328 528 529 530 
434 528 93 503 529 
435 529 503 76 531 
436 530 529 531 330 
437 91 495 532 533 
438 495 75 512 532 
439 532 512 158 534 
440 533 532 534 433 
441 433 534 535 536 
442 534 158 515 535 
443 535 515 83 537 
444 536 535 537 435 
445 435 537 538 539 
446 537 83 518 538 
447 538 518 202 540 
448 539 538 540 436 
449 74 542 541 273 
450 542 238 543 541 
451 541 543 236 521 
452 273 541 521 237 
453 236 545 544 522 
454 545 239 546 544 
455 544 546 137 461 
456 522 544 461 154 
457 5 498 547 548 
458 498 91 533 547 
459 547 533 433 549 
460 548 547 549 434 
461 434 549 550 551 
462 549 433 536 550 
463 550 536 435 552 
464 551 550 552 84 
465 84 552 553 554 
466 552 435 539 553 
467 553 539 436 555 
468 554 553 555 437 
469 269 557 556 525 
470 557 454 558 556 
471 556 558 238 542 
472 525 556 542 74 
