2 0.000000 1989.093400 115197.572811
558 472 
1 -165.125896 0.000000 -182.734516 1988.769756 0.000061 34.719022 0.000021 
2 230.704331 0.000000 -182.734516 1988.773056 -0.000029 34.586455 0.000020 
3 230.704331 0.000000 191.138357 1988.811203 0.001939 34.588901 -0.000019 
4 -165.125896 0.000000 191.138357 1988.811307 0.000211 34.718007 -0.000021 
5 32.789217 0.000000 4.201920 1996.144188 0.791206 4.657464 -0.007108 
6 -165.125896 0.000000 4.201920 1988.792156 0.000216 34.743428 -0.000002 
7 32.789217 0.000000 -182.734516 1988.727470 -0.000097 34.647918 0.000064 
8 230.704331 0.000000 4.201920 1989.197421 1.961070 11.465657 -0.000139 
9 32.789217 0.000000 191.138357 1988.850119 0.001094 34.651669 -0.000059 
10 131.746774 0.000000 -89.266298 1988.723670 -0.004365 34.188754 0.000076 
11 32.789217 0.000000 -89.266298 1988.536236 0.013579 34.429816 0.000261 
12 131.746774 0.000000 -182.734516 1988.749946 -0.000123 34.597621 0.000043 
13 230.704331 0.000000 -89.266298 1988.780951 -0.003597 34.211888 0.000018 
14 131.746774 0.000000 4.201920 1989.187195 4.023799 12.282988 -0.000137 
15 -66.168339 0.000000 -89.266298 1988.702378 0.000001 34.734553 0.000088 
16 -165.125896 0.000000 -89.266298 1988.770786 0.000112 34.732811 0.000019 
17 -66.168339 0.000000 -182.734516 1988.745753 0.000033 34.703095 0.000045 
18 -66.168339 0.000000 4.201920 1988.803025 0.001582 34.836892 -0.000015 
19 131.746774 0.000000 97.670139 1988.869391 0.010688 34.242969 -0.000071 
20 32.789217 0.000000 97.670139 1989.016886 0.042960 34.467725 -0.000223 
21 230.704331 0.000000 97.670139 1988.816577 0.011831 34.227917 -0.000018 
22 131.746774 0.000000 191.138357 1988.831719 0.001670 34.603876 -0.000040 
23 82.267996 0.000000 -42.532189 1988.562624 -0.032943 32.650464 0.000264 
24 32.789217 0.000000 -42.532189 1987.653323 -0.038679 33.511125 0.001164 
25 82.267996 0.000000 -89.266298 1988.630829 -0.039207 34.227867 0.000169 
26 131.746774 0.000000 -42.532189 1988.760354 -0.031305 32.714699 0.000064 
27 82.267996 0.000000 4.201920 1989.200068 3.999728 12.852789 -0.000153 
28 -66.168339 0.000000 97.670139 1988.876993 0.001060 34.727090 -0.000087 
29 -165.125896 0.000000 97.670139 1988.811694 0.000262 34.731140 -0.000022 
30 -66.168339 0.000000 191.138357 1988.833568 0.000494 34.702110 -0.000043 
31 -16.689561 0.000000 -42.532189 1988.450222 -0.010660 34.749742 0.000341 
32 -66.168339 0.000000 -42.532189 1988.706584 0.000184 34.795536 0.000083 
33 -16.689561 0.000000 -89.266298 1988.600808 0.002191 34.662089 0.000192 
34 -16.689561 0.000000 4.201920 1988.907519 0.003028 35.278198 -0.000128 
35 82.267996 0.000000 50.936029 1989.019267 0.025883 33.144164 -0.000203 
36 32.789217 0.000000 50.936029 1989.553268 -0.024024 33.820366 -0.000752 
37 131.746774 0.000000 50.936029 1988.885490 0.051991 33.058856 -0.000067 
38 82.267996 0.000000 97.670139 1988.945232 0.025953 34.296174 -0.000148 
39 57.528607 0.000000 -19.165134 1987.699281 -0.415727 27.298901 0.001213 
40 32.789217 0.000000 -19.165134 1985.098860 -0.221178 29.745848 0.003789 
41 57.528607 0.000000 -42.532189 1988.140906 -0.066539 32.813884 0.000685 
42 82.267996 0.000000 -19.165134 1988.663952 -0.396430 27.889552 0.000235 
43 57.528607 0.000000 4.201920 1989.004124 3.651828 10.971978 0.000056 
44 -16.689561 0.000000 50.936029 1989.107025 -0.006916 34.713374 -0.000318 
45 -66.168339 0.000000 50.936029 1988.883716 0.001235 34.781722 -0.000095 
46 -16.689561 0.000000 97.670139 1988.964216 0.002552 34.659323 -0.000174 
47 8.049828 0.000000 -19.165134 1986.568974 0.043827 35.176562 0.002224 
48 -16.689561 0.000000 -19.165134 1988.412005 -0.012380 35.095068 0.000374 
49 8.049828 0.000000 -42.532189 1987.961234 -0.014287 34.441057 0.000838 
50 8.049828 0.000000 4.201920 1990.803051 0.007231 38.133334 -0.002087 
51 57.528607 0.000000 27.568975 1989.870778 0.224163 30.062830 -0.001010 
52 32.789217 0.000000 27.568975 1991.226696 0.148817 31.751104 -0.002401 
53 82.267996 0.000000 27.568975 1989.145250 0.276407 30.110084 -0.000281 
54 57.528607 0.000000 50.936029 1989.323773 0.044185 33.272625 -0.000511 
55 45.158912 0.000000 -7.481607 1984.963291 -2.064316 17.906675 0.004066 
56 32.789217 0.000000 -7.481607 1982.812474 -0.753678 18.077016 0.006223 
57 45.158912 0.000000 -19.165134 1986.376539 -0.334068 27.831047 0.002534 
58 57.528607 0.000000 -7.481607 1988.108483 -2.780606 17.991130 0.000906 
59 45.158912 0.000000 4.201920 1992.160084 0.000000 7.777612 -0.003101 
60 8.049828 0.000000 27.568975 1990.368650 -0.008887 34.649208 -0.001586 
61 -16.689561 0.000000 27.568975 1989.214434 0.010800 34.967771 -0.000431 
62 8.049828 0.000000 50.936029 1989.438583 0.013965 34.454827 -0.000647 
63 20.419523 0.000000 -7.481607 1978.157841 -0.127103 28.806200 0.010756 
64 8.049828 0.000000 -7.481607 1986.253085 -0.018703 36.872809 0.002510 
65 20.419523 0.000000 -19.165134 1985.120876 -0.068421 32.951412 0.003716 
66 20.419523 0.000000 4.201920 2006.240925 0.183781 19.785381 -0.017415 
67 45.158912 0.000000 15.885447 1991.502637 0.640310 25.431386 -0.002587 
68 32.789217 0.000000 15.885447 1993.709763 0.380157 27.310833 -0.004836 
69 57.528607 0.000000 15.885447 1989.988285 0.805869 24.944706 -0.001057 
70 45.158912 0.000000 27.568975 1990.659495 0.152624 30.523425 -0.001811 
71 38.974065 0.000000 -1.639843 1988.238285 -0.571754 15.581138 0.000798 
72 32.789217 0.000000 -1.639843 1983.424073 -0.099064 -21.960320 0.005570 
73 38.974065 0.000000 -7.481607 1984.404403 -1.198260 18.737659 0.004620 
74 45.158912 0.000000 -1.639843 1988.130339 2.651847 15.374662 0.000907 
75 38.974065 0.000000 4.201920 1992.520879 0.000000 8.015205 -0.003465 
76 20.419523 0.000000 15.885447 1993.898747 0.149219 32.278329 -0.005101 
77 8.049828 0.000000 15.885447 1991.248780 0.017848 35.464188 -0.002486 
78 20.419523 0.000000 27.568975 1991.267627 0.069029 33.538313 -0.002472 
79 26.604370 0.000000 -1.639843 1988.385669 -0.774407 -47.961097 0.000130 
80 20.419523 0.000000 -1.639843 1955.705748 -0.114911 -4.534172 0.033284 
81 26.604370 0.000000 -7.481607 1979.408154 -0.356943 21.817308 0.009594 
82 26.604370 0.000000 4.201920 2003.167356 0.506419 8.893412 -0.014221 
83 38.974065 0.000000 10.043684 1993.410470 0.942551 19.960190 -0.004446 
84 32.789217 0.000000 10.043684 1995.295452 0.668547 21.438194 -0.006362 
85 45.158912 0.000000 10.043684 1992.123488 0.000000 17.452775 -0.003126 
86 38.974065 0.000000 15.885447 1992.554881 0.507917 26.089496 -0.003656 
87 35.881641 0.000000 1.281038 1987.706518 0.000000 -10.375053 0.001367 
88 32.789217 0.000000 1.281038 1994.565687 -0.219774 -18.981782 -0.005601 
89 35.881641 0.000000 -1.639843 1987.953264 -0.079309 15.561439 0.001085 
90 38.974065 0.000000 1.281038 1990.215305 -0.000000 -2.160296 -0.001130 
91 35.881641 0.000000 4.201920 1991.609365 0.000000 2.549199 -0.002533 
92 26.604370 0.000000 10.043684 1996.994679 0.379159 25.133172 -0.008120 
93 20.419523 0.000000 10.043684 1996.667769 0.179979 30.436502 -0.007865 
94 26.604370 0.000000 15.885447 1994.191309 0.227261 29.531614 -0.005353 
95 29.696794 0.000000 1.281038 1988.390465 -1.653877 -48.210262 0.000119 
96 26.604370 0.000000 1.281038 1988.558250 -0.704860 -47.919801 -0.000043 
97 29.696794 0.000000 -1.639843 1988.390465 -1.653877 -48.210262 0.000119 
98 29.696794 0.000000 4.201920 2000.200131 0.684848 6.192497 -0.011209 
99 82.267996 0.000000 -136.000407 1988.699846 -0.000838 34.523594 0.000094 
100 32.789217 0.000000 -136.000407 1988.676057 -0.000595 34.593016 0.000117 
101 82.267996 0.000000 -182.734516 1988.735400 -0.000139 34.617132 0.000057 
102 131.746774 0.000000 -136.000407 1988.735628 -0.000759 34.491961 0.000059 
103 57.528607 0.000000 -65.899244 1988.502811 -0.016379 33.936228 0.000303 
104 32.789217 0.000000 -65.899244 1988.394336 -0.014760 34.189381 0.000407 
105 57.528607 0.000000 -89.266298 1988.574310 0.012733 34.306494 0.000224 
106 82.267996 0.000000 -65.899244 1988.594745 0.009782 33.805232 0.000212 
107 45.158912 0.000000 -30.848662 1987.242218 -0.084904 31.486845 0.001610 
108 32.789217 0.000000 -30.848662 1986.726832 -0.066501 32.478060 0.002112 
109 45.158912 0.000000 -42.532189 1987.861453 -0.049712 33.088163 0.000962 
110 57.528607 0.000000 -30.848662 1987.868552 -0.100174 31.068730 0.000987 
111 38.974065 0.000000 -13.323371 1984.691434 -0.544678 24.932522 0.004264 
112 32.789217 0.000000 -13.323371 1983.553430 -0.395839 26.073362 0.005391 
113 38.974065 0.000000 -19.165134 1985.710890 -0.326327 28.781485 0.003189 
114 45.158912 0.000000 -13.323371 1985.849441 -0.733894 24.261483 0.003110 
115 35.881641 0.000000 -4.560725 1986.338467 -1.205990 9.855018 0.002743 
116 32.789217 0.000000 -4.560725 1983.204273 -0.936061 7.288069 0.005899 
117 35.881641 0.000000 -7.481607 1984.081293 -0.963958 18.115860 0.004950 
118 38.974065 0.000000 -4.560725 1985.317542 -1.659778 13.284933 0.003748 
119 34.335429 0.000000 -0.179403 1985.894695 -4.948610 -39.152792 0.002820 
120 32.789217 0.000000 -0.179403 1988.545824 -9.083752 -45.660290 0.000003 
121 34.335429 0.000000 -1.639843 1988.074216 -0.242479 -23.495650 0.000885 
122 35.881641 0.000000 -0.179403 1985.001019 -0.027953 1.735548 0.004110 
123 34.335429 0.000000 1.281038 1990.118160 0.000000 -16.908684 -0.001103 
124 181.225553 0.000000 50.936029 1988.844150 0.067661 33.028322 -0.000025 
125 181.225553 0.000000 4.201920 1989.194760 3.227478 11.641029 -0.000139 
126 230.704331 0.000000 50.936029 1988.831761 0.071044 32.987122 -0.000012 
127 181.225553 0.000000 97.670139 1988.832476 0.011386 34.232396 -0.000034 
128 107.007385 0.000000 27.568975 1988.951924 0.277115 30.096904 -0.000087 
129 107.007385 0.000000 4.201920 1989.183715 3.282144 12.579326 -0.000134 
130 131.746774 0.000000 27.568975 1988.914786 0.329670 30.027840 -0.000048 
131 107.007385 0.000000 50.936029 1988.933116 0.052291 33.084572 -0.000116 
132 69.898301 0.000000 15.885447 1989.343222 0.858038 25.248084 -0.000413 
133 69.898301 0.000000 4.201920 1989.134857 3.582899 12.676698 -0.000086 
134 82.267996 0.000000 15.885447 1989.131735 0.911482 25.444014 -0.000202 
135 69.898301 0.000000 27.568975 1989.358543 0.260833 30.108204 -0.000496 
136 51.343759 0.000000 10.043684 1990.722651 0.904840 19.455695 -0.001735 
137 51.343759 0.000000 4.201920 1989.953134 2.682314 9.467232 -0.000889 
138 57.528607 0.000000 10.043684 1989.758124 0.992130 19.862573 -0.000768 
139 51.343759 0.000000 15.885447 1990.572291 0.724615 25.045836 -0.001646 
140 181.225553 0.000000 -42.532189 1988.799859 -0.043198 32.805917 0.000023 
141 181.225553 0.000000 -89.266298 1988.764380 -0.003872 34.197921 0.000035 
142 230.704331 0.000000 -42.532189 1988.811255 -0.040565 32.882432 0.000010 
143 107.007385 0.000000 -19.165134 1988.832652 -0.362566 28.185210 0.000061 
144 107.007385 0.000000 -42.532189 1988.711215 -0.034678 32.670834 0.000114 
145 131.746774 0.000000 -19.165134 1988.865507 -0.344299 28.390421 0.000025 
146 69.898301 0.000000 -7.481607 1988.751711 -2.647794 19.054171 0.000250 
147 69.898301 0.000000 -19.165134 1988.387468 -0.414014 27.560163 0.000518 
148 82.267996 0.000000 -7.481607 1988.924924 -2.481312 19.651926 0.000070 
149 51.343759 0.000000 -1.639843 1987.035384 -5.555880 18.127314 0.001977 
150 51.343759 0.000000 -7.481607 1986.939884 -2.637300 17.766345 0.002083 
151 57.528607 0.000000 -1.639843 1987.924569 -5.061205 15.444153 0.001108 
152 48.251336 0.000000 7.122802 1991.462759 0.000000 16.175465 -0.002450 
153 45.158912 0.000000 7.122802 1992.098336 0.000000 15.419380 -0.003084 
154 48.251336 0.000000 4.201920 1990.951687 2.099630 8.749542 -0.001890 
155 51.343759 0.000000 7.122802 1990.483942 2.683718 15.097007 -0.001458 
156 48.251336 0.000000 10.043684 1991.322608 0.000000 17.608280 -0.002321 
157 42.066488 0.000000 7.122802 1992.724255 0.000000 14.829356 -0.003710 
158 38.974065 0.000000 7.122802 1993.018675 0.000000 11.812145 -0.003986 
159 42.066488 0.000000 4.201920 1992.761462 -0.000000 8.494452 -0.003710 
160 42.066488 0.000000 10.043684 1992.373599 0.000000 17.478722 -0.003378 
161 82.267996 0.000000 144.404248 1988.876727 0.003049 34.541405 -0.000084 
162 32.789217 0.000000 144.404248 1988.895675 0.002222 34.603348 -0.000104 
163 131.746774 0.000000 144.404248 1988.848058 0.003609 34.508250 -0.000054 
164 82.267996 0.000000 191.138357 1988.843906 0.001421 34.623278 -0.000052 
165 57.528607 0.000000 74.303084 1989.089886 0.020287 34.075227 -0.000290 
166 32.789217 0.000000 74.303084 1989.165411 0.013834 34.283092 -0.000369 
167 82.267996 0.000000 74.303084 1988.995473 0.007260 33.966281 -0.000193 
168 57.528607 0.000000 97.670139 1988.990632 0.043687 34.365567 -0.000195 
169 45.158912 0.000000 39.252502 1989.922839 0.115908 32.668249 -0.001104 
170 32.789217 0.000000 39.252502 1990.188081 0.081781 33.237569 -0.001380 
171 57.528607 0.000000 39.252502 1989.556137 0.128630 32.367831 -0.000730 
172 45.158912 0.000000 50.936029 1989.478718 -0.046718 33.505710 -0.000671 
173 51.343759 0.000000 21.727211 1990.340369 0.392065 28.295242 -0.001457 
174 45.158912 0.000000 21.727211 1990.943785 0.334177 28.649461 -0.002069 
175 57.528607 0.000000 21.727211 1989.988487 0.397215 28.066865 -0.001099 
176 51.343759 0.000000 27.568975 1990.236815 0.185241 30.232230 -0.001381 
177 48.251336 0.000000 12.964566 1991.224999 0.990187 22.783836 -0.002276 
178 45.158912 0.000000 12.964566 1991.750224 0.860095 23.061512 -0.002808 
179 51.343759 0.000000 12.964566 1990.689619 1.021404 22.639923 -0.001735 
180 48.251336 0.000000 15.885447 1991.089950 0.668776 25.080260 -0.002168 
181 46.705124 0.000000 8.583243 1991.633691 0.000000 16.927990 -0.002628 
182 45.158912 0.000000 8.583243 1992.030724 0.000000 17.169103 -0.003030 
183 46.705124 0.000000 7.122802 1991.687955 -0.000000 15.000915 -0.002667 
184 48.251336 0.000000 8.583243 1991.247829 0.000000 17.661516 -0.002246 
185 46.705124 0.000000 10.043684 1991.675489 -0.000000 17.451531 -0.002675 
186 63.713454 0.000000 10.043684 1989.377504 0.845310 20.302329 -0.000390 
187 63.713454 0.000000 4.201920 1988.884421 3.643154 12.371683 0.000168 
188 69.898301 0.000000 10.043684 1989.255296 0.309358 20.781111 -0.000272 
189 63.713454 0.000000 15.885447 1989.584927 0.834221 25.063385 -0.000653 
190 54.436183 0.000000 7.122802 1989.893021 2.923432 15.356444 -0.000866 
191 54.436183 0.000000 4.201920 1989.287336 3.197047 10.362264 -0.000225 
192 57.528607 0.000000 7.122802 1989.520706 3.207863 15.717578 -0.000495 
193 54.436183 0.000000 10.043684 1990.180927 0.977773 19.607317 -0.001191 
194 49.797547 0.000000 8.583243 1991.223771 0.000000 17.682234 -0.002222 
195 49.797547 0.000000 7.122802 1990.817795 2.528453 15.104676 -0.001794 
196 51.343759 0.000000 8.583243 1990.602246 2.828861 17.471970 -0.001597 
197 49.797547 0.000000 10.043684 1990.960146 0.848765 19.456795 -0.001974 
198 38.974065 0.000000 21.727211 1991.591729 0.276145 29.351868 -0.002731 
199 32.789217 0.000000 21.727211 1992.212444 0.232805 30.408234 -0.003372 
200 38.974065 0.000000 27.568975 1990.870492 0.118971 31.066865 -0.002032 
201 42.066488 0.000000 12.964566 1992.388859 0.823765 23.208952 -0.003453 
202 38.974065 0.000000 12.964566 1993.136131 0.733073 23.525049 -0.004209 
203 42.066488 0.000000 15.885447 1992.026361 0.568925 25.632775 -0.003117 
204 46.705124 0.000000 11.504125 1991.556023 1.075990 21.449065 -0.002594 
205 45.158912 0.000000 11.504125 1991.906856 1.033082 21.379077 -0.002947 
206 48.251336 0.000000 11.504125 1991.269767 1.128799 21.323440 -0.002305 
207 46.705124 0.000000 12.964566 1991.479090 0.932959 22.910048 -0.002533 
208 47.478230 0.000000 9.313463 1991.466171 0.000000 18.591380 -0.002475 
209 46.705124 0.000000 9.313463 1991.639237 0.000000 18.227209 -0.002645 
210 47.478230 0.000000 8.583243 1991.465618 0.000000 17.205333 -0.002461 
211 48.251336 0.000000 9.313463 1991.286274 -0.000000 18.400325 -0.002292 
212 47.478230 0.000000 10.043684 1991.436749 0.000000 17.529658 -0.002435 
213 43.612700 0.000000 8.583243 1992.347903 0.000000 17.230507 -0.003350 
214 42.066488 0.000000 8.583243 1992.555386 0.000000 16.133386 -0.003550 
215 43.612700 0.000000 7.122802 1992.437929 0.000000 15.062243 -0.003423 
216 43.612700 0.000000 10.043684 1992.302182 0.000000 17.445646 -0.003306 
217 45.932018 0.000000 9.313463 1991.874476 -0.000000 18.312778 -0.002883 
218 45.158912 0.000000 9.313463 1991.994772 0.000000 18.467514 -0.003006 
219 45.932018 0.000000 8.583243 1991.857381 -0.000000 16.920201 -0.002853 
220 45.932018 0.000000 10.043684 1991.868125 -0.000000 17.429540 -0.002869 
221 54.436183 0.000000 12.964566 1990.259308 1.110357 22.618352 -0.001302 
222 57.528607 0.000000 12.964566 1989.856059 1.157821 22.799693 -0.000899 
223 54.436183 0.000000 15.885447 1990.214054 0.775245 24.987962 -0.001285 
224 49.797547 0.000000 11.504125 1991.066488 1.186162 21.125963 -0.002098 
225 51.343759 0.000000 11.504125 1990.798346 1.224604 21.054858 -0.001827 
226 49.797547 0.000000 12.964566 1990.997854 0.997137 22.590053 -0.002045 
227 47.478230 0.000000 10.773904 1991.347890 1.116182 20.599749 -0.002376 
228 46.705124 0.000000 10.773904 1991.504928 1.112681 20.639261 -0.002534 
229 48.251336 0.000000 10.773904 1991.292220 1.138537 20.475155 -0.002318 
230 47.478230 0.000000 11.504125 1991.399249 1.120848 21.396727 -0.002436 
231 47.091677 0.000000 9.678574 1991.463044 -0.000000 18.845604 -0.002474 
232 46.705124 0.000000 9.678574 1991.590103 -0.000000 18.695667 -0.002600 
233 47.091677 0.000000 9.313463 1991.544161 0.000000 18.514470 -0.002552 
234 47.478230 0.000000 9.678574 1991.381762 0.000000 18.785225 -0.002391 
235 47.091677 0.000000 10.043684 1991.548855 -0.000000 17.478860 -0.002548 
236 48.251336 0.000000 1.281038 1989.305287 2.700768 3.525679 -0.000218 
237 45.158912 0.000000 1.281038 1991.254513 1.988069 0.186185 -0.002175 
238 48.251336 0.000000 -1.639843 1987.013615 -6.332050 17.819856 0.002000 
239 51.343759 0.000000 1.281038 1988.335689 2.356236 6.527898 0.000750 
240 46.705124 0.000000 5.662361 1991.814656 0.000000 13.019400 -0.002781 
241 45.158912 0.000000 5.662361 1992.183753 0.000000 11.659844 -0.003144 
242 46.705124 0.000000 4.201920 1992.136899 0.000000 7.692719 -0.003077 
243 48.251336 0.000000 5.662361 1991.507357 0.000000 14.596517 -0.002483 
244 47.478230 0.000000 7.853022 1991.478063 0.000000 16.238531 -0.002466 
245 46.705124 0.000000 7.853022 1991.660436 0.000000 16.145001 -0.002649 
246 47.478230 0.000000 7.122802 1991.559727 0.000000 15.439280 -0.002542 
247 48.251336 0.000000 7.853022 1991.407388 0.000000 16.833789 -0.002400 
248 47.091677 0.000000 8.948353 1991.540275 0.000000 17.659448 -0.002541 
249 46.705124 0.000000 8.948353 1991.614823 0.000000 17.634967 -0.002615 
250 47.091677 0.000000 8.583243 1991.548973 0.000000 17.173471 -0.002545 
251 47.478230 0.000000 8.948353 1991.475436 0.000000 17.557332 -0.002474 
252 49.024441 0.000000 9.313463 1991.280263 0.000000 17.629223 -0.002279 
253 49.024441 0.000000 8.583243 1991.298027 0.000000 17.624811 -0.002296 
254 49.797547 0.000000 9.313463 1991.206910 0.000000 17.689428 -0.002205 
255 49.024441 0.000000 10.043684 1991.206958 0.000000 17.694314 -0.002205 
256 47.864783 0.000000 9.678574 1991.373807 0.000000 18.587170 -0.002382 
257 47.864783 0.000000 9.313463 1991.380154 0.000000 18.634991 -0.002388 
258 48.251336 0.000000 9.678574 1991.373651 0.000000 17.563798 -0.002372 
259 47.864783 0.000000 10.043684 1991.391344 0.000000 17.550548 -0.002390 
260 47.284953 0.000000 9.496019 1991.455093 -0.000000 18.893016 -0.002466 
261 47.091677 0.000000 9.496019 1991.506628 -0.000000 18.909474 -0.002518 
262 47.284953 0.000000 9.313463 1991.502606 0.000000 18.520385 -0.002511 
263 47.478230 0.000000 9.496019 1991.417645 0.000000 18.894119 -0.002429 
264 47.284953 0.000000 9.678574 1991.414471 0.000000 18.841837 -0.002425 
265 42.066488 0.000000 1.281038 1992.503750 0.000000 -0.926700 -0.003432 
266 42.066488 0.000000 -1.639843 1988.206396 0.850289 15.468005 0.000831 
267 42.066488 0.000000 -4.560725 1984.064187 -2.778408 13.921417 0.004999 
268 42.066488 0.000000 -7.481607 1984.442697 -1.596146 18.494690 0.004584 
269 45.158912 0.000000 -4.560725 1984.795036 -4.203449 13.860834 0.004264 
270 43.612700 0.000000 -0.179403 1990.386423 0.679820 6.284510 -0.001311 
271 42.066488 0.000000 -0.179403 1991.417513 0.104731 2.284556 -0.002340 
272 43.612700 0.000000 -1.639843 1988.192105 2.027549 15.402465 0.000845 
273 45.158912 0.000000 -0.179403 1989.455159 8.370733 9.846524 -0.000406 
274 43.612700 0.000000 1.281038 1991.992376 0.000000 -0.777785 -0.002917 
275 -16.689561 0.000000 -136.000407 1988.691314 -0.000217 34.668579 0.000100 
276 -66.168339 0.000000 -136.000407 1988.726560 0.000011 34.709333 0.000064 
277 -16.689561 0.000000 -182.734516 1988.732335 -0.000023 34.680331 0.000059 
278 8.049828 0.000000 -65.899244 1988.422059 -0.012944 34.498517 0.000374 
279 -16.689561 0.000000 -65.899244 1988.518801 0.010410 34.687686 0.000274 
280 8.049828 0.000000 -89.266298 1988.549347 -0.047783 34.565265 0.000245 
281 20.419523 0.000000 -30.848662 1986.800400 0.027116 33.738378 0.002017 
282 8.049828 0.000000 -30.848662 1987.430594 -0.015982 34.593863 0.001369 
283 20.419523 0.000000 -42.532189 1987.722566 0.013071 34.046097 0.001085 
284 26.604370 0.000000 -13.323371 1982.676683 -0.224909 28.502157 0.006236 
285 20.419523 0.000000 -13.323371 1982.999063 -0.107210 31.819587 0.005862 
286 26.604370 0.000000 -19.165134 1984.821612 -0.117303 31.273107 0.004043 
287 29.696794 0.000000 -4.560725 1979.166099 -0.623630 7.808316 0.009941 
288 26.604370 0.000000 -4.560725 1976.010385 -0.388914 11.131479 0.013080 
289 29.696794 0.000000 -7.481607 1980.843460 -0.546874 19.149535 0.008185 
290 34.335429 0.000000 -3.100284 1986.882169 -0.901714 -2.615274 0.002220 
291 32.789217 0.000000 -3.100284 1983.598970 -0.783012 -3.804809 0.005513 
292 34.335429 0.000000 -4.560725 1985.066935 -1.083945 8.189030 0.004027 
293 35.881641 0.000000 -3.100284 1990.141713 -1.004257 1.533145 -0.001055 
294 37.427853 0.000000 -0.179403 1985.222213 -0.072788 -2.336944 0.003887 
295 37.427853 0.000000 -1.639843 1988.096941 -0.436406 15.587675 0.000940 
296 38.974065 0.000000 -0.179403 1988.540653 -0.174362 2.674422 0.000554 
297 37.427853 0.000000 1.281038 1988.337590 0.000000 -4.997771 0.000753 
298 35.108535 0.000000 -0.909623 1987.327635 -1.434031 3.900742 0.001770 
299 34.335429 0.000000 -0.909623 1985.421142 -7.490968 -47.790825 0.003098 
300 35.108535 0.000000 -1.639843 1987.916242 -0.025497 15.554180 0.001122 
301 35.881641 0.000000 -0.909623 1987.690350 -0.086752 14.328441 0.001358 
302 35.108535 0.000000 -0.179403 1984.466928 -2.212365 -23.177098 0.004509 
303 -115.647118 0.000000 -42.532189 1988.763665 0.000280 34.757938 0.000026 
304 -165.125896 0.000000 -42.532189 1988.778960 0.000160 34.740515 0.000011 
305 -115.647118 0.000000 -89.266298 1988.751153 0.000118 34.737833 0.000039 
306 -115.647118 0.000000 4.201920 1988.794312 0.000409 34.768260 -0.000005 
307 -41.428950 0.000000 -19.165134 1988.681191 0.002956 34.904610 0.000106 
308 -66.168339 0.000000 -19.165134 1988.744302 -0.000299 34.827809 0.000044 
309 -41.428950 0.000000 -42.532189 1988.623392 0.000082 34.816341 0.000166 
310 -41.428950 0.000000 4.201920 1988.818613 -0.000517 34.909714 -0.000032 
311 -4.319866 0.000000 -7.481607 1988.245934 -0.003202 35.812285 0.000528 
312 -16.689561 0.000000 -7.481607 1988.608393 -0.005318 35.250646 0.000174 
313 -4.319866 0.000000 -19.165134 1987.916267 -0.003189 35.269727 0.000869 
314 -4.319866 0.000000 4.201920 1989.133038 0.004114 35.934761 -0.000366 
315 14.234675 0.000000 -1.639843 1979.572610 -0.005986 45.384028 0.009029 
316 8.049828 0.000000 -1.639843 1987.830958 -0.005855 38.580123 0.000893 
317 14.234675 0.000000 -7.481607 1982.365607 -0.044727 35.534844 0.006434 
318 14.234675 0.000000 4.201920 1998.646254 0.059241 38.995324 -0.010013 
319 -115.647118 0.000000 50.936029 1988.822403 0.000500 34.754181 -0.000033 
320 -165.125896 0.000000 50.936029 1988.804732 0.000255 34.739259 -0.000015 
321 -115.647118 0.000000 97.670139 1988.831404 0.000472 34.734234 -0.000042 
322 -41.428950 0.000000 27.568975 1988.937923 -0.004705 34.873103 -0.000151 
323 -66.168339 0.000000 27.568975 1988.856282 0.004000 34.817092 -0.000068 
324 -41.428950 0.000000 50.936029 1988.967477 0.022970 34.789165 -0.000179 
325 -4.319866 0.000000 15.885447 1989.664150 -0.001047 35.424614 -0.000891 
326 -16.689561 0.000000 15.885447 1989.142913 0.005098 35.141625 -0.000362 
327 -4.319866 0.000000 27.568975 1989.617239 0.009334 34.940064 -0.000835 
328 14.234675 0.000000 10.043684 1994.306580 0.067631 34.822259 -0.005555 
329 8.049828 0.000000 10.043684 1991.523519 0.011989 36.265911 -0.002777 
330 14.234675 0.000000 15.885447 1992.543406 0.065525 34.366512 -0.003770 
331 17.327099 0.000000 1.281038 2033.176093 0.133912 22.833602 -0.044947 
332 14.234675 0.000000 1.281038 1996.272400 0.033021 49.506830 -0.007851 
333 17.327099 0.000000 -1.639843 1957.950625 -0.049660 31.118346 0.030824 
334 20.419523 0.000000 1.281038 2034.722913 -0.651683 -49.552323 -0.047027 
335 17.327099 0.000000 4.201920 2006.600984 0.106054 31.004806 -0.017924 
336 14.234675 0.000000 -13.323371 1984.571948 -0.034332 34.555265 0.004239 
337 8.049828 0.000000 -13.323371 1986.274228 -0.017859 35.781146 0.002509 
338 14.234675 0.000000 -19.165134 1985.694681 -0.042257 34.458160 0.003114 
339 17.327099 0.000000 -4.560725 1974.498291 -0.054077 32.232558 0.014359 
340 14.234675 0.000000 -4.560725 1980.594361 -0.030107 37.360148 0.008175 
341 17.327099 0.000000 -7.481607 1979.902132 -0.083470 32.815904 0.008948 
342 20.419523 0.000000 -4.560725 1972.151670 -0.115046 22.014713 0.016840 
343 23.511946 0.000000 1.281038 1988.984879 -0.595356 -47.855788 -0.000470 
344 23.511946 0.000000 -1.639843 1969.550849 -0.174121 -14.627421 0.019499 
345 23.511946 0.000000 4.201920 2003.704519 0.318653 13.993965 -0.014795 
346 18.873311 0.000000 -0.179403 2138.782229 -0.742176 -53.623883 -0.156900 
347 17.327099 0.000000 -0.179403 1941.779708 -0.110287 15.444045 0.046947 
348 18.873311 0.000000 -1.639843 1952.623081 -0.092391 14.910306 0.036278 
349 20.419523 0.000000 -0.179403 2038.329874 -0.678838 -49.629574 -0.050742 
350 18.873311 0.000000 1.281038 2177.471089 -0.769891 -55.187095 -0.199150 
351 47.864783 0.000000 8.948353 1991.378696 0.000000 17.564638 -0.002377 
352 47.864783 0.000000 8.583243 1991.357718 -0.000000 17.449262 -0.002355 
353 48.251336 0.000000 8.948353 1991.328480 0.000000 17.597762 -0.002327 
354 47.671506 0.000000 9.496019 1991.386246 0.000000 18.894665 -0.002397 
355 47.671506 0.000000 9.313463 1991.416140 0.000000 18.547047 -0.002424 
356 47.864783 0.000000 9.496019 1991.367223 0.000000 18.874717 -0.002378 
357 47.671506 0.000000 9.678574 1991.375490 0.000000 18.711456 -0.002384 
358 43.612700 0.000000 11.504125 1992.257065 0.976603 21.496808 -0.003301 
359 42.066488 0.000000 11.504125 1992.608628 0.925997 21.579706 -0.003656 
360 43.612700 0.000000 12.964566 1992.080186 0.863335 23.036464 -0.003140 
361 45.932018 0.000000 10.773904 1991.638825 1.100893 20.659538 -0.002669 
362 45.158912 0.000000 10.773904 1991.909638 1.079681 20.502312 -0.002940 
363 45.932018 0.000000 11.504125 1991.655117 1.052519 21.570100 -0.002695 
364 47.091677 0.000000 10.408794 1991.578687 0.000000 17.419679 -0.002577 
365 46.705124 0.000000 10.408794 1991.661841 0.000000 17.377425 -0.002661 
366 47.478230 0.000000 10.408794 1991.364253 1.069712 20.155762 -0.002388 
367 47.091677 0.000000 10.773904 1991.425617 1.113371 20.613432 -0.002454 
368 47.284953 0.000000 9.861129 1991.477415 0.000000 17.521230 -0.002476 
369 47.091677 0.000000 9.861129 1991.488389 0.000000 17.515980 -0.002487 
370 47.478230 0.000000 9.861129 1991.436130 0.000000 17.529741 -0.002435 
371 47.284953 0.000000 10.043684 1991.470943 0.000000 17.506429 -0.002469 
372 47.381591 0.000000 9.587296 1991.397145 0.000000 18.903089 -0.002408 
373 47.284953 0.000000 9.587296 1991.391966 -0.000000 18.914532 -0.002403 
374 47.381591 0.000000 9.496019 1991.439990 -0.000000 18.906755 -0.002451 
375 47.478230 0.000000 9.587296 1991.385525 0.000000 18.918636 -0.002396 
376 47.381591 0.000000 9.678574 1991.409114 0.000000 18.778316 -0.002419 
377 181.225553 0.000000 -136.000407 1988.760036 -0.000647 34.484588 0.000035 
378 181.225553 0.000000 -182.734516 1988.763389 -0.000077 34.588937 0.000029 
379 230.704331 0.000000 -136.000407 1988.773911 -0.000550 34.486006 0.000021 
380 -115.647118 0.000000 -136.000407 1988.753033 0.000074 34.722658 0.000037 
381 -165.125896 0.000000 -136.000407 1988.768496 0.000080 34.724867 0.000022 
382 -115.647118 0.000000 -182.734516 1988.759479 0.000058 34.714581 0.000031 
383 181.225553 0.000000 144.404248 1988.826634 0.003918 34.495723 -0.000033 
384 230.704331 0.000000 144.404248 1988.813864 0.004104 34.491417 -0.000020 
385 181.225553 0.000000 191.138357 1988.819963 0.001834 34.593612 -0.000028 
386 107.007385 0.000000 -65.899244 1988.681009 -0.008412 33.780443 0.000126 
387 107.007385 0.000000 -89.266298 1988.684745 -0.004566 34.194592 0.000115 
388 131.746774 0.000000 -65.899244 1988.728954 -0.012230 33.780474 0.000078 
389 -16.689561 0.000000 144.404248 1988.881563 0.001282 34.668746 -0.000091 
390 -66.168339 0.000000 144.404248 1988.851977 0.000709 34.706637 -0.000062 
391 -16.689561 0.000000 191.138357 1988.845539 0.000758 34.681014 -0.000055 
392 -115.647118 0.000000 144.404248 1988.827863 0.000399 34.720376 -0.000038 
393 -165.125896 0.000000 144.404248 1988.813046 0.000242 34.723441 -0.000023 
394 -115.647118 0.000000 191.138357 1988.821015 0.000318 34.713317 -0.000031 
395 -41.428950 0.000000 -65.899244 1988.629846 0.002191 34.747953 0.000161 
396 -66.168339 0.000000 -65.899244 1988.696218 0.000038 34.760188 0.000094 
397 -41.428950 0.000000 -89.266298 1988.657165 -0.000251 34.714749 0.000134 
398 107.007385 0.000000 74.303084 1988.924197 0.049066 33.916899 -0.000121 
399 131.746774 0.000000 74.303084 1988.878927 0.022805 33.900058 -0.000075 
400 107.007385 0.000000 97.670139 1988.902429 0.010120 34.258397 -0.000105 
401 69.898301 0.000000 -30.848662 1988.327553 -0.142014 31.122925 0.000525 
402 69.898301 0.000000 -42.532189 1988.351312 -0.037497 32.650195 0.000477 
403 82.267996 0.000000 -30.848662 1988.550260 -0.112903 31.167399 0.000301 
404 8.049828 0.000000 74.303084 1989.135629 -0.012251 34.521052 -0.000344 
405 -16.689561 0.000000 74.303084 1989.034956 -0.000044 34.671799 -0.000245 
406 8.049828 0.000000 97.670139 1989.003149 -0.026118 34.578177 -0.000211 
407 -41.428950 0.000000 74.303084 1988.946756 0.014064 34.733496 -0.000157 
408 -66.168339 0.000000 74.303084 1988.886544 0.001169 34.749017 -0.000097 
409 -41.428950 0.000000 97.670139 1988.916231 0.001596 34.706190 -0.000126 
410 -4.319866 0.000000 -30.848662 1988.052302 -0.007637 34.848304 0.000740 
411 -16.689561 0.000000 -30.848662 1988.365511 -0.010192 34.931995 0.000423 
412 -4.319866 0.000000 -42.532189 1988.212549 0.016585 34.707042 0.000581 
413 69.898301 0.000000 39.252502 1989.293813 0.082310 32.220946 -0.000464 
414 82.267996 0.000000 39.252502 1989.081130 0.113625 32.171067 -0.000249 
415 69.898301 0.000000 50.936029 1989.112566 0.128605 33.194936 -0.000298 
416 51.343759 0.000000 -13.323371 1986.806220 -0.874235 23.531313 0.002158 
417 51.343759 0.000000 -19.165134 1987.189333 -0.405436 27.454147 0.001723 
418 57.528607 0.000000 -13.323371 1987.849802 -0.938901 23.747266 0.001107 
419 20.419523 0.000000 39.252502 1990.087520 0.050194 33.901028 -0.001290 
420 8.049828 0.000000 39.252502 1989.778211 0.027749 34.451596 -0.000989 
421 20.419523 0.000000 50.936029 1989.544541 -0.008233 34.151851 -0.000748 
422 -4.319866 0.000000 39.252502 1989.430904 0.016572 34.724577 -0.000644 
423 -16.689561 0.000000 39.252502 1989.161167 -0.000514 34.779633 -0.000374 
424 -4.319866 0.000000 50.936029 1989.238297 0.007312 34.615155 -0.000449 
425 26.604370 0.000000 21.727211 1992.404193 0.172246 31.729535 -0.003586 
426 20.419523 0.000000 21.727211 1992.225248 0.086466 33.123005 -0.003429 
427 26.604370 0.000000 27.568975 1991.542674 0.074134 32.672784 -0.002734 
428 14.234675 0.000000 21.727211 1991.658646 0.011142 34.379084 -0.002880 
429 8.049828 0.000000 21.727211 1990.782672 0.055678 34.862818 -0.002006 
430 14.234675 0.000000 27.568975 1990.813571 0.004482 34.191037 -0.002026 
431 23.511946 0.000000 -4.560725 1974.058449 -0.221616 15.421399 0.015000 
432 23.511946 0.000000 -7.481607 1978.227685 -0.195722 24.537860 0.010743 
433 35.881641 0.000000 7.122802 1994.358944 1.052552 15.123630 -0.005360 
434 32.789217 0.000000 7.122802 1995.980735 0.840286 15.655326 -0.006999 
435 35.881641 0.000000 10.043684 1994.289198 0.810327 20.340545 -0.005336 
436 35.881641 0.000000 12.964566 1993.862649 0.596284 23.942689 -0.004946 
437 32.789217 0.000000 12.964566 1994.579636 0.495330 24.801672 -0.005679 
438 35.881641 0.000000 15.885447 1993.048218 0.455500 26.678529 -0.004160 
439 29.696794 0.000000 7.122802 1998.150480 0.620678 16.932449 -0.009200 
440 26.604370 0.000000 7.122802 1999.322546 0.439852 20.278960 -0.010416 
441 29.696794 0.000000 10.043684 1996.376224 0.517071 22.810534 -0.007468 
442 29.696794 0.000000 12.964566 1995.094309 0.380120 26.083232 -0.006215 
443 26.604370 0.000000 12.964566 1995.503719 0.305428 27.732361 -0.006650 
444 29.696794 0.000000 15.885447 1994.175868 0.286096 28.246255 -0.005319 
445 37.427853 0.000000 -3.100284 1989.351084 -1.194251 7.714048 -0.000275 
446 37.427853 0.000000 -4.560725 1986.278436 -1.375604 11.946016 0.002792 
447 38.974065 0.000000 -3.100284 1986.589288 -1.583035 10.126168 0.002490 
448 63.713454 0.000000 21.727211 1989.622514 0.421473 28.101672 -0.000732 
449 69.898301 0.000000 21.727211 1989.368164 0.447258 28.210098 -0.000477 
450 63.713454 0.000000 27.568975 1989.567757 0.230624 30.062468 -0.000705 
451 63.713454 0.000000 -1.639843 1988.818457 -6.366777 14.844189 0.000210 
452 63.713454 0.000000 -7.481607 1988.605201 -2.754093 18.664643 0.000401 
453 69.898301 0.000000 -1.639843 1988.935588 -7.135316 14.199802 0.000095 
454 48.251336 0.000000 -4.560725 1986.177742 -5.002300 14.765789 0.002868 
455 48.251336 0.000000 -7.481607 1986.059924 -2.432654 17.956239 0.002965 
456 51.343759 0.000000 -4.560725 1987.122396 -5.315110 14.922053 0.001917 
457 54.436183 0.000000 1.281038 1988.005865 2.358282 8.707602 0.001073 
458 54.436183 0.000000 -1.639843 1987.233489 -4.223311 17.085224 0.001791 
459 57.528607 0.000000 1.281038 1988.081087 2.917012 9.883756 0.000991 
460 49.797547 0.000000 5.662361 1990.658179 2.343185 12.310363 -0.001614 
461 49.797547 0.000000 4.201920 1990.387120 2.408098 9.230263 -0.001324 
462 51.343759 0.000000 5.662361 1990.296171 2.568567 12.318291 -0.001250 
463 43.612700 0.000000 5.662361 1992.520571 -0.000000 11.855725 -0.003484 
464 42.066488 0.000000 5.662361 1992.783767 0.000000 12.118923 -0.003751 
465 43.612700 0.000000 4.201920 1992.535491 0.000000 8.393149 -0.003482 
466 45.932018 0.000000 7.853022 1991.881794 0.000000 16.050081 -0.002871 
467 45.158912 0.000000 7.853022 1992.054963 0.000000 16.225397 -0.003047 
468 45.932018 0.000000 7.122802 1991.869981 0.000000 15.069404 -0.002851 
469 49.024441 0.000000 7.853022 1991.279564 0.000000 17.629837 -0.002278 
470 49.024441 0.000000 7.122802 1991.292893 0.000000 16.934924 -0.002285 
471 49.797547 0.000000 7.853022 1991.206910 0.000000 17.689428 -0.002205 
472 49.024441 0.000000 10.773904 1991.133387 1.179240 20.446778 -0.002158 
473 49.797547 0.000000 10.773904 1991.023680 1.222422 20.346888 -0.002047 
474 49.024441 0.000000 11.504125 1991.142449 1.121676 21.264674 -0.002176 
475 47.864783 0.000000 10.408794 1991.283802 1.065152 20.135308 -0.002306 
476 48.251336 0.000000 10.408794 1991.221951 1.070686 20.049449 -0.002243 
477 47.864783 0.000000 10.773904 1991.279143 1.122026 20.556203 -0.002306 
478 47.671506 0.000000 9.861129 1991.427286 0.000000 17.535475 -0.002426 
479 47.864783 0.000000 9.861129 1991.389335 0.000000 17.552085 -0.002388 
480 47.671506 0.000000 10.043684 1991.396914 0.000000 17.546382 -0.002395 
481 40.520276 0.000000 -0.179403 1990.789037 -0.015397 0.108043 -0.001706 
482 40.520276 0.000000 -1.639843 1988.150248 -0.050392 15.533976 0.000887 
483 40.520276 0.000000 1.281038 1991.789119 -0.000000 -1.012425 -0.002713 
484 43.612700 0.000000 2.741479 1992.571422 -0.000000 4.353514 -0.003505 
485 42.066488 0.000000 2.741479 1992.715356 -0.000000 4.586556 -0.003650 
486 45.158912 0.000000 2.741479 1992.318834 0.000000 6.698569 -0.003257 
487 40.520276 0.000000 2.741479 1992.473829 -0.000000 4.759864 -0.003408 
488 38.974065 0.000000 2.741479 1991.920624 0.000000 4.250314 -0.002849 
489 40.520276 0.000000 4.201920 1992.738476 0.000000 8.412454 -0.003686 
490 40.520276 0.000000 -3.100284 1984.818231 -2.353475 11.275490 0.004260 
491 40.520276 0.000000 -4.560725 1984.482450 -2.132973 14.052699 0.004580 
492 42.066488 0.000000 -3.100284 1984.124984 -3.502142 11.412453 0.004953 
493 37.427853 0.000000 2.741479 1991.427944 0.000000 2.511908 -0.002350 
494 35.881641 0.000000 2.741479 1991.344831 0.000000 -0.179651 -0.002265 
495 37.427853 0.000000 4.201920 1992.152209 0.000000 5.895395 -0.003087 
496 34.335429 0.000000 2.741479 1991.283730 0.000000 -0.114387 -0.002204 
497 32.789217 0.000000 2.741479 1995.569631 0.476452 -4.201390 -0.006527 
498 34.335429 0.000000 4.201920 1991.355919 0.000000 -0.384365 -0.002276 
499 23.511946 0.000000 7.122802 2000.711886 0.272538 22.910146 -0.011849 
500 20.419523 0.000000 7.122802 2000.836873 0.190735 27.735671 -0.012037 
501 23.511946 0.000000 10.043684 1996.864995 0.261368 27.902458 -0.008026 
502 23.511946 0.000000 12.964566 1995.545263 0.227956 29.582803 -0.006719 
503 20.419523 0.000000 12.964566 1994.937425 0.168738 31.451640 -0.006135 
504 23.511946 0.000000 15.885447 1994.099848 0.187910 30.928209 -0.005282 
505 63.713454 0.000000 -13.323371 1988.273831 -0.920379 23.920983 0.000679 
506 63.713454 0.000000 -19.165134 1988.095267 -0.407304 27.344069 0.000814 
507 69.898301 0.000000 -13.323371 1988.525165 -0.874914 24.227161 0.000423 
508 54.436183 0.000000 -4.560725 1987.863769 -5.360799 14.977317 0.001172 
509 54.436183 0.000000 -7.481607 1987.676648 -2.721031 17.922942 0.001341 
510 57.528607 0.000000 -4.560725 1988.393173 -5.516913 14.841265 0.000641 
511 40.520276 0.000000 5.662361 1992.919421 0.000000 11.869971 -0.003886 
512 38.974065 0.000000 5.662361 1992.826477 0.000000 10.311995 -0.003784 
513 40.520276 0.000000 7.122802 1992.879509 0.000000 13.509472 -0.003857 
514 40.520276 0.000000 8.583243 1992.811614 0.000000 14.974860 -0.003799 
515 38.974065 0.000000 8.583243 1993.383335 1.128240 17.726295 -0.004398 
516 40.520276 0.000000 10.043684 1992.958450 1.023029 19.997335 -0.003991 
517 40.520276 0.000000 11.504125 1992.883210 0.846510 21.728178 -0.003934 
518 38.974065 0.000000 11.504125 1993.288983 0.779061 21.799315 -0.004343 
519 40.520276 0.000000 12.964566 1992.802072 0.779344 23.290733 -0.003870 
520 46.705124 0.000000 2.741479 1991.228567 3.982020 4.553694 -0.002157 
521 46.705124 0.000000 1.281038 1990.191990 2.557171 1.677379 -0.001107 
522 48.251336 0.000000 2.741479 1990.435418 2.947569 5.695710 -0.001360 
523 43.612700 0.000000 -3.100284 1984.477553 -4.923548 11.798782 0.004594 
524 43.612700 0.000000 -4.560725 1984.228312 -3.523598 13.796828 0.004835 
525 45.158912 0.000000 -3.100284 1985.338918 -6.048948 12.593472 0.003722 
526 17.327099 0.000000 7.122802 1999.588413 0.119480 32.568297 -0.010848 
527 14.234675 0.000000 7.122802 1995.933689 0.076535 35.612651 -0.007210 
528 17.327099 0.000000 10.043684 1995.866509 0.121900 32.764584 -0.007093 
529 17.327099 0.000000 12.964566 1994.319198 0.111784 33.224580 -0.005540 
530 14.234675 0.000000 12.964566 1993.365837 0.065519 34.544935 -0.004602 
531 17.327099 0.000000 15.885447 1993.257922 0.086355 33.456226 -0.004475 
532 37.427853 0.000000 5.662361 1992.620885 0.000000 8.763836 -0.003569 
533 35.881641 0.000000 5.662361 1993.900694 1.154062 11.446244 -0.004873 
534 37.427853 0.000000 7.122802 1993.748140 1.192013 14.876113 -0.004742 
535 37.427853 0.000000 8.583243 1993.875274 1.018650 17.820665 -0.004894 
536 35.881641 0.000000 8.583243 1994.421451 0.911561 17.773665 -0.005444 
537 37.427853 0.000000 10.043684 1993.723736 0.859989 20.206752 -0.004765 
538 37.427853 0.000000 11.504125 1993.655369 0.759455 22.048467 -0.004715 
539 35.881641 0.000000 11.504125 1993.973317 0.696531 22.401106 -0.005040 
540 37.427853 0.000000 12.964566 1993.476711 0.646962 23.670872 -0.004554 
541 46.705124 0.000000 -0.179403 1988.404807 8.190154 13.204730 0.000631 
542 46.705124 0.000000 -1.639843 1987.045362 -6.511466 16.745194 0.001977 
543 48.251336 0.000000 -0.179403 1987.731820 7.153822 15.725646 0.001293 
544 49.797547 0.000000 2.741479 1989.812443 3.193653 6.627398 -0.000737 
545 49.797547 0.000000 1.281038 1988.713699 2.598167 5.090608 0.000373 
546 51.343759 0.000000 2.741479 1989.349849 3.405419 7.408016 -0.000275 
547 34.335429 0.000000 5.662361 1994.834710 0.978680 11.104311 -0.005813 
548 32.789217 0.000000 5.662361 1996.243220 0.874002 10.981243 -0.007233 
549 34.335429 0.000000 7.122802 1995.003378 0.922386 15.253884 -0.006010 
550 34.335429 0.000000 8.583243 1995.057827 0.854035 18.332482 -0.006091 
551 32.789217 0.000000 8.583243 1995.571894 0.761542 18.721108 -0.006613 
552 34.335429 0.000000 10.043684 1994.853987 0.738062 20.540252 -0.005907 
553 34.335429 0.000000 11.504125 1994.488882 0.630215 22.645111 -0.005562 
554 32.789217 0.000000 11.504125 1994.975189 0.573132 23.077700 -0.006057 
555 34.335429 0.000000 12.964566 1994.191442 0.523045 24.378761 -0.005283 
556 46.705124 0.000000 -3.100284 1986.017833 -6.612103 13.596935 0.003032 
557 46.705124 0.000000 -4.560725 1985.488614 -4.685884 14.152330 0.003565 
558 48.251336 0.000000 -3.100284 1986.520348 -6.913569 14.496786 0.002520 
1 79 97 95 96 
2 97 72 88 95 
3 95 88 5 98 
4 96 95 98 82 
5 7 101 99 100 
6 101 12 102 99 
7 99 102 10 25 
8 100 99 25 11 
9 11 105 103 104 
10 105 25 106 103 
11 103 106 23 41 
12 104 103 41 24 
13 24 109 107 108 
14 109 41 110 107 
15 107 110 39 57 
16 108 107 57 40 
17 40 113 111 112 
18 113 57 114 111 
19 111 114 55 73 
20 112 111 73 56 
21 56 117 115 116 
22 117 73 118 115 
23 72 121 119 120 
24 119 122 87 123 
25 120 119 123 88 
26 14 125 124 37 
27 125 8 126 124 
28 124 126 21 127 
29 37 124 127 19 
30 27 129 128 53 
31 129 14 130 128 
32 128 130 37 131 
33 53 128 131 35 
34 133 27 134 132 
35 132 134 53 135 
36 10 141 140 26 
37 141 13 142 140 
38 140 142 8 125 
39 26 140 125 14 
40 23 144 143 42 
41 144 26 145 143 
42 143 145 14 129 
43 42 143 129 27 
44 147 42 148 146 
45 146 148 27 133 
46 20 38 161 162 
47 38 19 163 161 
48 161 163 22 164 
49 162 161 164 9 
50 36 54 165 166 
51 54 35 167 165 
52 165 167 38 168 
53 166 165 168 20 
54 52 70 169 170 
55 70 51 171 169 
56 169 171 54 172 
57 170 169 172 36 
58 67 139 173 174 
59 139 69 175 173 
60 173 175 51 176 
61 174 173 176 70 
62 177 179 139 180 
63 178 177 180 67 
64 43 187 186 138 
65 187 133 188 186 
66 186 188 132 189 
67 138 186 189 69 
68 137 191 190 155 
69 191 43 192 190 
70 190 192 138 193 
71 155 190 193 136 
72 195 155 196 194 
73 194 196 136 197 
74 68 86 198 199 
75 86 67 174 198 
76 198 174 70 200 
77 199 198 200 52 
78 201 178 67 203 
79 202 201 203 86 
80 204 206 177 207 
81 205 204 207 178 
82 157 215 213 214 
83 215 153 182 213 
84 213 182 85 216 
85 214 213 216 160 
86 182 219 217 218 
87 219 181 209 217 
88 217 209 185 220 
89 218 217 220 85 
90 136 193 221 179 
91 193 138 222 221 
92 221 222 69 223 
93 179 221 223 139 
94 197 136 225 224 
95 224 225 179 226 
96 206 224 226 177 
97 227 229 206 230 
98 228 227 230 204 
99 209 233 231 232 
100 232 231 235 185 
101 238 149 239 236 
102 59 242 240 241 
103 242 154 243 240 
104 240 243 152 183 
105 241 240 183 153 
106 183 246 244 245 
107 246 152 247 244 
108 244 247 184 210 
109 245 244 210 181 
110 181 250 248 249 
111 250 210 251 248 
112 248 251 208 233 
113 249 248 233 209 
114 184 253 252 211 
115 253 194 254 252 
116 252 254 197 255 
117 211 252 255 156 
118 257 211 258 256 
119 256 258 156 259 
120 233 262 260 261 
121 262 208 263 260 
122 261 260 264 231 
123 73 268 267 118 
124 268 55 269 267 
125 266 272 270 271 
126 272 74 273 270 
127 270 273 237 274 
128 271 270 274 265 
129 17 277 275 276 
130 277 7 100 275 
131 275 100 11 33 
132 276 275 33 15 
133 33 280 278 279 
134 280 11 104 278 
135 278 104 24 49 
136 279 278 49 31 
137 49 283 281 282 
138 283 24 108 281 
139 281 108 40 65 
140 282 281 65 47 
141 65 286 284 285 
142 286 40 112 284 
143 284 112 56 81 
144 285 284 81 63 
145 81 289 287 288 
146 289 56 116 287 
147 287 116 72 97 
148 288 287 97 79 
149 116 292 290 291 
150 292 115 293 290 
151 290 293 89 121 
152 291 290 121 72 
153 89 295 294 122 
154 295 71 296 294 
155 294 296 90 297 
156 122 294 297 87 
157 121 300 298 299 
158 300 89 301 298 
159 298 301 122 302 
160 299 298 302 119 
161 16 305 303 304 
162 305 15 32 303 
163 303 32 18 306 
164 304 303 306 6 
165 32 309 307 308 
166 309 31 48 307 
167 307 48 34 310 
168 308 307 310 18 
169 48 313 311 312 
170 313 47 64 311 
171 311 64 50 314 
172 312 311 314 34 
173 64 317 315 316 
174 316 315 318 50 
175 6 306 319 320 
176 306 18 45 319 
177 319 45 28 321 
178 320 319 321 29 
179 18 310 322 323 
180 310 34 61 322 
181 322 61 44 324 
182 323 322 324 45 
183 34 314 325 326 
184 314 50 77 325 
185 325 77 60 327 
186 326 325 327 61 
187 50 318 328 329 
188 329 328 330 77 
189 315 333 331 332 
190 331 334 66 335 
191 332 331 335 318 
192 47 338 336 337 
193 338 65 285 336 
194 336 285 63 317 
195 337 336 317 64 
196 317 341 339 340 
197 341 63 342 339 
198 339 342 80 333 
199 340 339 333 315 
200 80 344 343 334 
201 344 79 96 343 
202 343 96 82 345 
203 334 343 345 66 
204 333 348 346 347 
205 348 80 349 346 
206 346 349 334 350 
207 347 346 350 331 
208 210 352 351 251 
209 352 184 353 351 
210 351 353 211 257 
211 251 351 257 208 
212 208 355 354 263 
213 355 257 356 354 
214 354 356 256 357 
215 263 354 357 234 
216 160 216 358 359 
217 216 85 205 358 
218 358 205 178 360 
219 359 358 360 201 
220 85 220 361 362 
221 220 185 228 361 
222 361 228 204 363 
223 362 361 363 205 
224 185 235 364 365 
225 235 212 366 364 
226 364 366 227 367 
227 365 364 367 228 
228 231 264 368 369 
229 264 234 370 368 
230 368 370 212 371 
231 369 368 371 235 
232 260 374 372 373 
233 374 263 375 372 
234 372 375 234 376 
235 373 372 376 264 
236 12 378 377 102 
237 378 2 379 377 
238 377 379 13 141 
239 102 377 141 10 
240 1 382 380 381 
241 382 17 276 380 
242 380 276 15 305 
243 381 380 305 16 
244 19 127 383 163 
245 127 21 384 383 
246 383 384 3 385 
247 163 383 385 22 
248 25 387 386 106 
249 387 10 388 386 
250 386 388 26 144 
251 106 386 144 23 
252 28 46 389 390 
253 46 20 162 389 
254 389 162 9 391 
255 390 389 391 30 
256 29 321 392 393 
257 321 28 390 392 
258 392 390 30 394 
259 393 392 394 4 
260 15 397 395 396 
261 397 33 279 395 
262 395 279 31 309 
263 396 395 309 32 
264 35 131 398 167 
265 131 37 399 398 
266 398 399 19 400 
267 167 398 400 38 
268 41 402 401 110 
269 402 23 403 401 
270 401 403 42 147 
271 110 401 147 39 
272 44 62 404 405 
273 62 36 166 404 
274 404 166 20 406 
275 405 404 406 46 
276 45 324 407 408 
277 324 44 405 407 
278 407 405 46 409 
279 408 407 409 28 
280 31 412 410 411 
281 412 49 282 410 
282 410 282 47 313 
283 411 410 313 48 
284 51 135 413 171 
285 135 53 414 413 
286 413 414 35 415 
287 171 413 415 54 
288 57 417 416 114 
289 417 39 418 416 
290 416 418 58 150 
291 114 416 150 55 
292 60 78 419 420 
293 78 52 170 419 
294 419 170 36 421 
295 420 419 421 62 
296 61 327 422 423 
297 327 60 420 422 
298 422 420 62 424 
299 423 422 424 44 
300 76 94 425 426 
301 94 68 199 425 
302 425 199 52 427 
303 426 425 427 78 
304 77 330 428 429 
305 330 76 426 428 
306 428 426 78 430 
307 429 428 430 60 
308 63 432 431 342 
309 432 81 288 431 
310 431 288 79 344 
311 342 431 344 80 
312 436 202 86 438 
313 437 436 438 68 
314 82 98 439 440 
315 98 5 434 439 
316 439 434 84 441 
317 440 439 441 92 
318 92 441 442 443 
319 441 84 437 442 
320 442 437 68 444 
321 443 442 444 94 
322 115 446 445 293 
323 446 118 447 445 
324 445 447 71 295 
325 293 445 295 89 
326 69 189 448 175 
327 189 132 449 448 
328 448 449 135 450 
329 175 448 450 51 
330 58 452 451 151 
331 452 146 453 451 
332 451 453 133 187 
333 151 451 187 43 
334 55 455 454 269 
335 455 150 456 454 
336 454 456 149 238 
337 149 458 457 239 
338 458 151 459 457 
339 457 459 43 191 
340 239 457 191 137 
341 154 461 460 243 
342 461 137 462 460 
343 460 462 155 195 
344 243 460 195 152 
345 159 465 463 464 
346 465 59 241 463 
347 463 241 153 215 
348 464 463 215 157 
349 153 468 466 467 
350 468 183 245 466 
351 466 245 181 219 
352 467 466 219 182 
353 152 470 469 247 
354 470 195 471 469 
355 469 471 194 253 
356 247 469 253 184 
357 156 255 472 229 
358 255 197 473 472 
359 472 473 224 474 
360 229 472 474 206 
361 212 259 475 366 
362 259 156 476 475 
363 475 476 229 477 
364 366 475 477 227 
365 234 357 478 370 
366 357 256 479 478 
367 478 479 259 480 
368 370 478 480 212 
369 71 482 481 296 
370 482 266 271 481 
371 481 271 265 483 
372 296 481 483 90 
373 265 274 484 485 
374 274 237 486 484 
375 484 486 59 465 
376 485 484 465 159 
377 90 483 487 488 
378 483 265 485 487 
379 487 485 159 489 
380 488 487 489 75 
381 118 491 490 447 
382 491 267 492 490 
383 490 492 266 482 
384 447 490 482 71 
385 87 297 493 494 
386 297 90 488 493 
387 493 488 75 495 
388 494 493 495 91 
389 88 123 496 497 
390 123 87 494 496 
391 496 494 91 498 
392 497 496 498 5 
393 66 345 499 500 
394 345 82 440 499 
395 499 440 92 501 
396 500 499 501 93 
397 93 501 502 503 
398 501 92 443 502 
399 502 443 94 504 
400 503 502 504 76 
401 39 506 505 418 
402 506 147 507 505 
403 505 507 146 452 
404 418 505 452 58 
405 150 509 508 456 
406 509 58 510 508 
407 508 510 151 458 
408 456 508 458 149 
409 75 489 511 512 
410 489 159 464 511 
411 511 464 157 513 
412 512 511 513 158 
413 158 513 514 515 
414 513 157 214 514 
415 514 214 160 516 
416 515 514 516 83 
417 83 516 517 518 
418 516 160 359 517 
419 517 359 201 519 
420 518 517 519 202 
421 237 521 520 486 
422 521 236 522 520 
423 520 522 154 242 
424 486 520 242 59 
425 267 524 523 492 
426 524 269 525 523 
427 523 525 74 272 
428 492 523 272 266 
429 318 335 526 527 
430 335 66 500 526 
431 526 500 93 528 
432 527 526 528 328 
433 328 528 529 530 
434 528 93 503 529 
435 529 503 76 531 
436 530 529 531 330 
437 91 495 532 533 
438 495 75 512 532 
439 532 512 158 534 
440 533 532 534 433 
441 433 534 535 536 
442 534 158 515 535 
443 535 515 83 537 
444 536 535 537 435 
445 435 537 538 539 
446 537 83 518 538 
447 538 518 202 540 
448 539 538 540 436 
449 74 542 541 273 
450 542 238 543 541 
451 541 543 236 521 
452 273 541 521 237 
453 236 545 544 522 
454 545 239 546 544 
455 544 546 137 461 
456 522 544 461 154 
457 5 498 547 548 
458 498 91 533 547 
459 547 533 433 549 
460 548 547 549 434 
461 434 549 550 551 
462 549 433 536 550 
463 550 536 435 552 
464 551 550 552 84 
465 84 552 553 554 
466 552 435 539 553 
467 553 539 436 555 
468 554 553 555 437 
469 269 557 556 525 
470 557 454 558 556 
471 556 558 238 542 
472 525 556 542 74 
