2 0.000000 1989.093400 115197.572811
558 472 
1 -165.125896 0.000000 -182.734516 1988.769473 0.000267 34.719096 0.000021 
2 230.704331 0.000000 -182.734516 1988.772746 0.001398 34.584445 0.000020 
3 230.704331 0.000000 191.138357 1988.811543 0.003344 34.587136 -0.000019 
4 -165.125896 0.000000 191.138357 1988.811582 0.000404 34.718070 -0.000021 
5 32.789217 0.000000 4.201920 1996.267513 0.815811 4.648483 -0.007232 
6 -165.125896 0.000000 4.201920 1988.792170 0.000519 34.743808 -0.000002 
7 32.789217 0.000000 -182.734516 1988.726502 0.000680 34.647023 0.000065 
8 230.704331 0.000000 4.201920 1989.144785 -0.747021 14.545743 -0.000105 
9 32.789217 0.000000 191.138357 1988.850974 0.001803 34.650899 -0.000060 
10 131.746774 0.000000 -89.266298 1988.722272 0.001463 34.180033 0.000078 
11 32.789217 0.000000 -89.266298 1988.532211 0.016306 34.426350 0.000265 
12 131.746774 0.000000 -182.734516 1988.749252 0.001077 34.595855 0.000043 
13 230.704331 0.000000 -89.266298 1988.780741 0.002797 34.203377 0.000019 
14 131.746774 0.000000 4.201920 1989.178719 6.680473 12.817722 -0.000139 
15 -66.168339 0.000000 -89.266298 1988.701287 0.000729 34.734877 0.000089 
16 -165.125896 0.000000 -89.266298 1988.770530 0.000385 34.733065 0.000020 
17 -66.168339 0.000000 -182.734516 1988.745129 0.000433 34.702976 0.000046 
18 -66.168339 0.000000 4.201920 1988.803119 0.002594 34.838350 -0.000015 
19 131.746774 0.000000 97.670139 1988.870745 0.015903 34.236733 -0.000072 
20 32.789217 0.000000 97.670139 1989.019953 0.045322 34.465141 -0.000226 
21 230.704331 0.000000 97.670139 1988.817016 0.018078 34.221367 -0.000018 
22 131.746774 0.000000 191.138357 1988.832369 0.002798 34.602376 -0.000040 
23 82.267996 0.000000 -42.532189 1988.556490 -0.017797 32.611254 0.000271 
24 32.789217 0.000000 -42.532189 1987.634278 -0.051873 33.500168 0.001183 
25 82.267996 0.000000 -89.266298 1988.627722 -0.034539 34.220458 0.000172 
26 131.746774 0.000000 -42.532189 1988.759307 -0.004446 32.674784 0.000066 
27 82.267996 0.000000 4.201920 1989.164430 6.759582 14.142997 -0.000134 
28 -66.168339 0.000000 97.670139 1988.878009 0.001735 34.727334 -0.000088 
29 -165.125896 0.000000 97.670139 1988.811958 0.000523 34.731373 -0.000022 
30 -66.168339 0.000000 191.138357 1988.834142 0.000861 34.701992 -0.000044 
31 -16.689561 0.000000 -42.532189 1988.446271 -0.008369 34.751094 0.000345 
32 -66.168339 0.000000 -42.532189 1988.705637 0.001107 34.796541 0.000084 
33 -16.689561 0.000000 -89.266298 1988.598331 0.003664 34.661738 0.000194 
34 -16.689561 0.000000 4.201920 1988.908401 0.004195 35.284578 -0.000129 
35 82.267996 0.000000 50.936029 1989.026417 0.044027 33.124127 -0.000210 
36 32.789217 0.000000 50.936029 1989.565445 -0.018594 33.813610 -0.000764 
37 131.746774 0.000000 50.936029 1988.887206 0.074049 33.038537 -0.000069 
38 82.267996 0.000000 97.670139 1988.947726 0.029968 34.291010 -0.000151 
39 57.528607 0.000000 -19.165134 1987.647103 -0.384709 27.119642 0.001268 
40 32.789217 0.000000 -19.165134 1985.032588 -0.216883 29.718657 0.003856 
41 57.528607 0.000000 -42.532189 1988.124116 -0.031778 32.778127 0.000703 
42 82.267996 0.000000 -19.165134 1988.657856 -0.298727 27.685719 0.000244 
43 57.528607 0.000000 4.201920 1988.782090 6.077196 11.372032 0.000271 
44 -16.689561 0.000000 50.936029 1989.109962 0.005671 34.713796 -0.000321 
45 -66.168339 0.000000 50.936029 1988.884701 0.002115 34.782582 -0.000096 
46 -16.689561 0.000000 97.670139 1988.966286 0.003800 34.658935 -0.000176 
47 8.049828 0.000000 -19.165134 1986.553283 0.005035 35.190926 0.002239 
48 -16.689561 0.000000 -19.165134 1988.408448 -0.010749 35.100191 0.000377 
49 8.049828 0.000000 -42.532189 1987.950963 -0.012180 34.441501 0.000849 
50 8.049828 0.000000 4.201920 1990.811308 0.010998 38.158188 -0.002096 
51 57.528607 0.000000 27.568975 1989.889878 0.261316 30.004344 -0.001029 
52 32.789217 0.000000 27.568975 1991.255674 0.181006 31.730482 -0.002430 
53 82.267996 0.000000 27.568975 1989.150135 0.331072 30.054413 -0.000285 
54 57.528607 0.000000 50.936029 1989.335122 0.055825 33.256942 -0.000523 
55 45.158912 0.000000 -7.481607 1984.622418 -2.222140 17.531193 0.004412 
56 32.789217 0.000000 -7.481607 1982.685540 -0.741670 18.076485 0.006350 
57 45.158912 0.000000 -19.165134 1986.287475 -0.319115 27.718204 0.002625 
58 57.528607 0.000000 -7.481607 1987.901011 -2.741563 17.195890 0.001122 
59 45.158912 0.000000 4.201920 1992.416252 2.620194 7.457194 -0.003360 
60 8.049828 0.000000 27.568975 1990.382603 -0.005675 34.654299 -0.001600 
61 -16.689561 0.000000 27.568975 1989.219495 0.006892 34.974517 -0.000436 
62 8.049828 0.000000 50.936029 1989.446673 0.016594 34.454631 -0.000655 
63 20.419523 0.000000 -7.481607 1978.109489 -0.121068 28.821554 0.010804 
64 8.049828 0.000000 -7.481607 1986.240834 -0.015303 36.894055 0.002522 
65 20.419523 0.000000 -19.165134 1985.087036 -0.063379 32.952742 0.003750 
66 20.419523 0.000000 4.201920 2006.302665 0.197659 19.796742 -0.017478 
67 45.158912 0.000000 15.885447 1991.579991 0.687632 25.321101 -0.002664 
68 32.789217 0.000000 15.885447 1993.776870 0.397805 27.280895 -0.004903 
69 57.528607 0.000000 15.885447 1989.998745 0.904408 24.818180 -0.001066 
70 45.158912 0.000000 27.568975 1990.696625 0.174549 30.478307 -0.001847 
71 38.974065 0.000000 -1.639843 1988.207022 -0.573282 15.580260 0.000830 
72 32.789217 0.000000 -1.639843 1983.327543 -0.083265 -21.956581 0.005667 
73 38.974065 0.000000 -7.481607 1984.132232 -1.223272 18.650895 0.004894 
74 45.158912 0.000000 -1.639843 1988.007892 2.694084 15.370835 0.001030 
75 38.974065 0.000000 4.201920 1992.774112 0.000000 7.928117 -0.003720 
76 20.419523 0.000000 15.885447 1993.934824 0.149892 32.280466 -0.005137 
77 8.049828 0.000000 15.885447 1991.264078 0.021898 35.475675 -0.002502 
78 20.419523 0.000000 27.568975 1991.292212 0.093764 33.538383 -0.002496 
79 26.604370 0.000000 -1.639843 1988.388475 -0.851847 -47.960551 0.000127 
80 20.419523 0.000000 -1.639843 1955.625587 -0.114184 -4.528011 0.033363 
81 26.604370 0.000000 -7.481607 1979.334861 -0.346244 21.823805 0.009668 
82 26.604370 0.000000 4.201920 2003.244774 0.525820 8.893583 -0.014300 
83 38.974065 0.000000 10.043684 1993.555988 0.981760 19.874904 -0.004592 
84 32.789217 0.000000 10.043684 1995.395212 0.693799 21.413356 -0.006462 
85 45.158912 0.000000 10.043684 1992.282290 0.000000 17.240181 -0.003284 
86 38.974065 0.000000 15.885447 1992.640284 0.540778 26.026928 -0.003741 
87 35.881641 0.000000 1.281038 1987.895149 0.000000 -10.356753 0.001177 
88 32.789217 0.000000 1.281038 1994.685130 -0.186233 -18.988250 -0.005721 
89 35.881641 0.000000 -1.639843 1987.921744 -0.079584 15.560859 0.001117 
90 38.974065 0.000000 1.281038 1990.559387 -0.000000 -2.221618 -0.001476 
91 35.881641 0.000000 4.201920 1991.816974 0.000000 2.525043 -0.002742 
92 26.604370 0.000000 10.043684 1997.059454 0.396168 25.126720 -0.008185 
93 20.419523 0.000000 10.043684 1996.711024 0.194478 30.446167 -0.007908 
94 26.604370 0.000000 15.885447 1994.241470 0.240774 29.521252 -0.005403 
95 29.696794 0.000000 1.281038 1988.393607 -1.745516 -48.209006 0.000115 
96 26.604370 0.000000 1.281038 1988.561314 -0.779588 -47.919462 -0.000046 
97 29.696794 0.000000 -1.639843 1988.393607 -1.745516 -48.209006 0.000115 
98 29.696794 0.000000 4.201920 2000.298825 0.704819 6.193002 -0.011308 
99 82.267996 0.000000 -136.000407 1988.698301 0.001045 34.520814 0.000096 
100 32.789217 0.000000 -136.000407 1988.674306 0.000741 34.591438 0.000119 
101 82.267996 0.000000 -182.734516 1988.734499 0.000866 34.615729 0.000058 
102 131.746774 0.000000 -136.000407 1988.734622 0.001553 34.488497 0.000060 
103 57.528607 0.000000 -65.899244 1988.494181 -0.010128 33.924873 0.000312 
104 32.789217 0.000000 -65.899244 1988.385708 -0.011275 34.183914 0.000416 
105 57.528607 0.000000 -89.266298 1988.570408 0.016398 34.300811 0.000228 
106 82.267996 0.000000 -65.899244 1988.588658 0.019910 33.789499 0.000219 
107 45.158912 0.000000 -30.848662 1987.205157 -0.065799 31.438842 0.001648 
108 32.789217 0.000000 -30.848662 1986.689479 -0.049555 32.454197 0.002149 
109 45.158912 0.000000 -42.532189 1987.842407 -0.046019 33.065194 0.000981 
110 57.528607 0.000000 -30.848662 1987.840970 -0.077518 30.999726 0.001016 
111 38.974065 0.000000 -13.323371 1984.542782 -0.541258 24.847430 0.004414 
112 32.789217 0.000000 -13.323371 1983.453388 -0.385630 26.051454 0.005491 
113 38.974065 0.000000 -19.165134 1985.624648 -0.318366 28.720325 0.003276 
114 45.158912 0.000000 -13.323371 1985.684508 -0.751013 24.063294 0.003278 
115 35.881641 0.000000 -4.560725 1986.124580 -1.201263 9.872742 0.002958 
116 32.789217 0.000000 -4.560725 1983.078008 -0.922542 7.306516 0.006026 
117 35.881641 0.000000 -7.481607 1983.895411 -0.962717 18.093489 0.005137 
118 38.974065 0.000000 -4.560725 1984.953035 -1.694965 13.214903 0.004114 
119 34.335429 0.000000 -0.179403 1985.955628 -5.082612 -39.127192 0.002759 
120 32.789217 0.000000 -0.179403 1988.533763 -9.186077 -45.650295 0.000015 
121 34.335429 0.000000 -1.639843 1987.975910 -0.230272 -23.439675 0.000984 
122 35.881641 0.000000 -0.179403 1985.079033 -0.027839 1.765131 0.004032 
123 34.335429 0.000000 1.281038 1990.250335 0.000000 -16.899025 -0.001236 
124 181.225553 0.000000 50.936029 1988.845003 0.091577 33.007781 -0.000026 
125 181.225553 0.000000 4.201920 1989.176112 1.368506 12.768661 -0.000125 
126 230.704331 0.000000 50.936029 1988.832374 0.096126 32.966169 -0.000012 
127 181.225553 0.000000 97.670139 1988.833198 0.017266 34.225918 -0.000034 
128 107.007385 0.000000 27.568975 1988.955988 0.351651 30.049462 -0.000090 
129 107.007385 0.000000 4.201920 1989.159838 1.951160 13.952961 -0.000117 
130 131.746774 0.000000 27.568975 1988.916560 0.406389 29.982546 -0.000049 
131 107.007385 0.000000 50.936029 1988.936966 0.078311 33.063969 -0.000119 
132 69.898301 0.000000 15.885447 1989.330646 0.991488 25.180040 -0.000399 
133 69.898301 0.000000 4.201920 1988.976822 5.665724 13.864589 0.000061 
134 82.267996 0.000000 15.885447 1989.127125 1.068370 25.406343 -0.000197 
135 69.898301 0.000000 27.568975 1989.364444 0.309890 30.053358 -0.000501 
136 51.343759 0.000000 10.043684 1990.776545 0.797533 19.233526 -0.001787 
137 51.343759 0.000000 4.201920 1989.817171 5.146983 9.412696 -0.000757 
138 57.528607 0.000000 10.043684 1989.721610 0.884024 19.738505 -0.000730 
139 51.343759 0.000000 15.885447 1990.613520 0.797365 24.912540 -0.001686 
140 181.225553 0.000000 -42.532189 1988.799971 -0.016304 32.768060 0.000024 
141 181.225553 0.000000 -89.266298 1988.763828 0.002405 34.189197 0.000036 
142 230.704331 0.000000 -42.532189 1988.811637 -0.014409 32.846283 0.000011 
143 107.007385 0.000000 -19.165134 1988.834689 -0.254305 27.990979 0.000062 
144 107.007385 0.000000 -42.532189 1988.707250 -0.007937 32.628772 0.000119 
145 131.746774 0.000000 -19.165134 1988.867607 -0.235991 28.202815 0.000026 
146 69.898301 0.000000 -7.481607 1988.697063 -2.392237 17.928666 0.000316 
147 69.898301 0.000000 -19.165134 1988.365212 -0.335213 27.355683 0.000543 
148 82.267996 0.000000 -7.481607 1988.930571 -2.169869 18.544324 0.000076 
149 51.343759 0.000000 -1.639843 1986.287359 -6.657731 17.627998 0.002730 
150 51.343759 0.000000 -7.481607 1986.745139 -2.806967 17.209064 0.002283 
151 57.528607 0.000000 -1.639843 1986.747796 -7.379744 13.376037 0.002298 
152 48.251336 0.000000 7.122802 1991.583114 0.000000 15.908938 -0.002569 
153 45.158912 0.000000 7.122802 1992.273878 0.000000 15.175155 -0.003259 
154 48.251336 0.000000 4.201920 1990.991093 4.509221 8.468746 -0.001932 
155 51.343759 0.000000 7.122802 1990.491245 2.837429 14.847541 -0.001464 
156 48.251336 0.000000 10.043684 1991.426628 0.000000 17.358334 -0.002424 
157 42.066488 0.000000 7.122802 1992.936446 0.000000 14.652112 -0.003922 
158 38.974065 0.000000 7.122802 1993.253982 0.000000 11.692056 -0.004222 
159 42.066488 0.000000 4.201920 1993.065887 0.166475 8.295538 -0.004016 
160 42.066488 0.000000 10.043684 1992.544575 0.000000 17.287839 -0.003549 
161 82.267996 0.000000 144.404248 1988.878052 0.004745 34.539202 -0.000085 
162 32.789217 0.000000 144.404248 1988.897143 0.003416 34.602058 -0.000105 
163 131.746774 0.000000 144.404248 1988.848996 0.005746 34.505477 -0.000055 
164 82.267996 0.000000 191.138357 1988.844712 0.002347 34.622091 -0.000053 
165 57.528607 0.000000 74.303084 1989.095874 0.032278 34.068460 -0.000296 
166 32.789217 0.000000 74.303084 1989.171528 0.023019 34.279565 -0.000376 
167 82.267996 0.000000 74.303084 1988.998948 0.015001 33.957166 -0.000196 
168 57.528607 0.000000 97.670139 1988.993596 0.046833 34.361546 -0.000198 
169 45.158912 0.000000 39.252502 1989.939181 0.146135 32.647549 -0.001120 
170 32.789217 0.000000 39.252502 1990.207236 0.111261 33.227394 -0.001399 
171 57.528607 0.000000 39.252502 1989.565431 0.154589 32.338202 -0.000739 
172 45.158912 0.000000 50.936029 1989.491052 -0.038475 33.494130 -0.000683 
173 51.343759 0.000000 21.727211 1990.373598 0.448517 28.216033 -0.001489 
174 45.158912 0.000000 21.727211 1990.990334 0.377373 28.584915 -0.002115 
175 57.528607 0.000000 21.727211 1990.011927 0.455979 27.978979 -0.001122 
176 51.343759 0.000000 27.568975 1990.267895 0.214501 30.177049 -0.001411 
177 48.251336 0.000000 12.964566 1991.306249 1.058166 22.613289 -0.002356 
178 45.158912 0.000000 12.964566 1991.858533 0.910931 22.915670 -0.002915 
179 51.343759 0.000000 12.964566 1990.739264 1.107385 22.461983 -0.001783 
180 48.251336 0.000000 15.885447 1991.153240 0.727731 24.952720 -0.002230 
181 46.705124 0.000000 8.583243 1991.763137 0.000000 16.677052 -0.002756 
182 45.158912 0.000000 8.583243 1992.187977 0.000000 16.944724 -0.003187 
183 46.705124 0.000000 7.122802 1991.831262 -0.000000 14.724736 -0.002810 
184 48.251336 0.000000 8.583243 1991.346447 0.000000 17.411681 -0.002343 
185 46.705124 0.000000 10.043684 1991.805274 -0.000000 17.209452 -0.002803 
186 63.713454 0.000000 10.043684 1989.296446 0.714970 20.339488 -0.000309 
187 63.713454 0.000000 4.201920 1988.528149 5.844353 13.253875 0.000515 
188 69.898301 0.000000 10.043684 1989.200521 0.097071 21.003169 -0.000219 
189 63.713454 0.000000 15.885447 1989.576038 0.957190 24.964461 -0.000643 
190 54.436183 0.000000 7.122802 1989.848218 3.082891 15.185897 -0.000820 
191 54.436183 0.000000 4.201920 1989.092584 5.650840 10.569997 -0.000035 
192 57.528607 0.000000 7.122802 1989.422889 3.358424 15.646977 -0.000396 
193 54.436183 0.000000 10.043684 1990.183941 0.871365 19.424331 -0.001192 
194 49.797547 0.000000 8.583243 1991.320988 0.000000 17.432050 -0.002318 
195 49.797547 0.000000 7.122802 1990.867037 2.672436 14.828461 -0.001842 
196 51.343759 0.000000 8.583243 1990.641642 3.035909 17.224673 -0.001635 
197 49.797547 0.000000 10.043684 1991.032432 0.736209 19.232052 -0.002044 
198 38.974065 0.000000 21.727211 1991.641564 0.307183 29.308190 -0.002781 
199 32.789217 0.000000 21.727211 1992.258314 0.251421 30.381586 -0.003418 
200 38.974065 0.000000 27.568975 1990.905550 0.127720 31.033084 -0.002066 
201 42.066488 0.000000 12.964566 1992.501536 0.867039 23.097946 -0.003565 
202 38.974065 0.000000 12.964566 1993.245736 0.767940 23.448357 -0.004319 
203 42.066488 0.000000 15.885447 1992.109997 0.606078 25.544905 -0.003200 
204 46.705124 0.000000 11.504125 1991.667058 1.121081 21.263864 -0.002704 
205 45.158912 0.000000 11.504125 1992.030554 1.074983 21.211812 -0.003069 
206 48.251336 0.000000 11.504125 1991.364773 1.183134 21.124824 -0.002398 
207 46.705124 0.000000 12.964566 1991.572336 0.993140 22.750791 -0.002625 
208 47.478230 0.000000 9.313463 1991.586919 0.000000 18.358846 -0.002594 
209 46.705124 0.000000 9.313463 1991.768634 0.000000 17.995311 -0.002774 
210 47.478230 0.000000 8.583243 1991.581166 0.000000 16.952769 -0.002576 
211 48.251336 0.000000 9.313463 1991.395271 -0.000000 18.142966 -0.002399 
212 47.478230 0.000000 10.043684 1991.549199 0.000000 17.281192 -0.002546 
213 43.612700 0.000000 8.583243 1992.520551 0.000000 17.034288 -0.003522 
214 42.066488 0.000000 8.583243 1992.746803 0.000000 15.948867 -0.003741 
215 43.612700 0.000000 7.122802 1992.640050 0.000000 14.850602 -0.003625 
216 43.612700 0.000000 10.043684 1992.470349 0.000000 17.247861 -0.003474 
217 45.932018 0.000000 9.313463 1992.016808 -0.000000 18.094291 -0.003024 
218 45.158912 0.000000 9.313463 1992.144269 0.000000 18.258806 -0.003154 
219 45.932018 0.000000 8.583243 1992.003739 -0.000000 16.680039 -0.002999 
220 45.932018 0.000000 10.043684 1992.011642 -0.000000 17.198079 -0.003011 
221 54.436183 0.000000 12.964566 1990.279640 1.212970 22.448254 -0.001321 
222 57.528607 0.000000 12.964566 1989.849303 1.276027 22.651239 -0.000890 
223 54.436183 0.000000 15.885447 1990.237834 0.859691 24.854612 -0.001307 
224 49.797547 0.000000 11.504125 1991.147880 1.243477 20.915405 -0.002178 
225 51.343759 0.000000 11.504125 1990.859485 1.293083 20.843326 -0.001887 
226 49.797547 0.000000 12.964566 1991.064961 1.074997 22.412656 -0.002111 
227 47.478230 0.000000 10.773904 1991.451377 1.138987 20.396306 -0.002478 
228 46.705124 0.000000 10.773904 1991.617727 1.133474 20.443099 -0.002646 
229 48.251336 0.000000 10.773904 1991.392166 1.164555 20.263616 -0.002417 
230 47.478230 0.000000 11.504125 1991.502333 1.170816 21.204436 -0.002538 
231 47.091677 0.000000 9.678574 1991.585854 -0.000000 18.600354 -0.002595 
232 46.705124 0.000000 9.678574 1991.716562 -0.000000 18.467389 -0.002725 
233 47.091677 0.000000 9.313463 1991.669056 0.000000 18.283375 -0.002676 
234 47.478230 0.000000 9.678574 1991.498709 0.000000 18.547717 -0.002507 
235 47.091677 0.000000 10.043684 1991.669556 -0.000000 17.232501 -0.002667 
236 48.251336 0.000000 1.281038 1988.999815 3.298116 3.609244 0.000088 
237 45.158912 0.000000 1.281038 1991.489064 2.544178 -0.069368 -0.002412 
238 48.251336 0.000000 -1.639843 1986.495567 -6.938334 17.987269 0.002516 
239 51.343759 0.000000 1.281038 1987.732455 2.658782 7.065471 0.001354 
240 46.705124 0.000000 5.662361 1991.981083 0.209267 12.719163 -0.002947 
241 45.158912 0.000000 5.662361 1992.401148 0.737524 11.367907 -0.003361 
242 46.705124 0.000000 4.201920 1992.390456 2.678099 7.368779 -0.003333 
243 48.251336 0.000000 5.662361 1991.636198 0.000000 14.309455 -0.002610 
244 47.478230 0.000000 7.853022 1991.599567 0.000000 15.973282 -0.002586 
245 46.705124 0.000000 7.853022 1991.797044 0.000000 15.884516 -0.002784 
246 47.478230 0.000000 7.122802 1991.690505 0.000000 15.165440 -0.002671 
247 48.251336 0.000000 7.853022 1991.520740 0.000000 16.575072 -0.002512 
248 47.091677 0.000000 8.948353 1991.661185 0.000000 17.415782 -0.002660 
249 46.705124 0.000000 8.948353 1991.740920 0.000000 17.394033 -0.002740 
250 47.091677 0.000000 8.583243 1991.671344 0.000000 16.922181 -0.002666 
251 47.478230 0.000000 8.948353 1991.590903 0.000000 17.310263 -0.002589 
252 49.024441 0.000000 9.313463 1991.381358 0.000000 17.378941 -0.002378 
253 49.024441 0.000000 8.583243 1991.400335 0.000000 17.374779 -0.002397 
254 49.797547 0.000000 9.313463 1991.302277 0.000000 17.439566 -0.002299 
255 49.024441 0.000000 10.043684 1991.302608 0.000000 17.444378 -0.002299 
256 47.864783 0.000000 9.678574 1991.487680 0.000000 18.362543 -0.002494 
257 47.864783 0.000000 9.313463 1991.494370 0.000000 18.407020 -0.002501 
258 48.251336 0.000000 9.678574 1991.481528 0.000000 17.314270 -0.002478 
259 47.864783 0.000000 10.043684 1991.500494 0.000000 17.301151 -0.002497 
260 47.284953 0.000000 9.496019 1991.576802 -0.000000 18.655245 -0.002587 
261 47.091677 0.000000 9.496019 1991.631366 -0.000000 18.676253 -0.002642 
262 47.284953 0.000000 9.313463 1991.625481 0.000000 18.287053 -0.002632 
263 47.478230 0.000000 9.496019 1991.536152 0.000000 18.660565 -0.002546 
264 47.284953 0.000000 9.678574 1991.534374 0.000000 18.599108 -0.002543 
265 42.066488 0.000000 1.281038 1992.953252 0.000000 -1.115221 -0.003885 
266 42.066488 0.000000 -1.639843 1988.148588 0.851630 15.466043 0.000889 
267 42.066488 0.000000 -4.560725 1983.563318 -2.927745 13.696105 0.005503 
268 42.066488 0.000000 -7.481607 1984.102760 -1.671311 18.274785 0.004927 
269 45.158912 0.000000 -4.560725 1984.298548 -4.552834 13.451497 0.004764 
270 43.612700 0.000000 -0.179403 1990.630238 0.688206 6.124180 -0.001555 
271 42.066488 0.000000 -0.179403 1991.817230 0.104429 2.121977 -0.002742 
272 43.612700 0.000000 -1.639843 1988.103162 2.054755 15.399354 0.000934 
273 45.158912 0.000000 -0.179403 1989.524202 8.809522 9.991069 -0.000478 
274 43.612700 0.000000 1.281038 1992.397157 0.000000 -1.043647 -0.003325 
275 -16.689561 0.000000 -136.000407 1988.689937 0.000641 34.668068 0.000102 
276 -66.168339 0.000000 -136.000407 1988.725704 0.000551 34.709324 0.000065 
277 -16.689561 0.000000 -182.734516 1988.731492 0.000542 34.679911 0.000060 
278 8.049828 0.000000 -65.899244 1988.415887 -0.015707 34.497667 0.000380 
279 -16.689561 0.000000 -65.899244 1988.515521 0.012196 34.687784 0.000277 
280 8.049828 0.000000 -89.266298 1988.545962 -0.045794 34.563735 0.000248 
281 20.419523 0.000000 -30.848662 1986.775933 0.018462 33.737443 0.002041 
282 8.049828 0.000000 -30.848662 1987.416862 -0.013612 34.597698 0.001382 
283 20.419523 0.000000 -42.532189 1987.707596 0.016452 34.042856 0.001100 
284 26.604370 0.000000 -13.323371 1982.614164 -0.211969 28.496956 0.006299 
285 20.419523 0.000000 -13.323371 1982.957013 -0.103057 31.830729 0.005904 
286 26.604370 0.000000 -19.165134 1984.772270 -0.147742 31.275876 0.004093 
287 29.696794 0.000000 -4.560725 1979.072073 -0.609158 7.817286 0.010035 
288 26.604370 0.000000 -4.560725 1975.936595 -0.377312 11.141033 0.013154 
289 29.696794 0.000000 -7.481607 1980.749153 -0.534853 19.157919 0.008280 
290 34.335429 0.000000 -3.100284 1986.734957 -0.885630 -2.575811 0.002368 
291 32.789217 0.000000 -3.100284 1983.483263 -0.766354 -3.784236 0.005629 
292 34.335429 0.000000 -4.560725 1984.908293 -1.072704 8.209196 0.004186 
293 35.881641 0.000000 -3.100284 1989.915526 -0.995245 1.578056 -0.000828 
294 37.427853 0.000000 -0.179403 1985.460337 -0.073690 -2.344285 0.003648 
295 37.427853 0.000000 -1.639843 1988.068496 -0.441359 15.587025 0.000969 
296 38.974065 0.000000 -0.179403 1988.795635 -0.174835 2.622864 0.000298 
297 37.427853 0.000000 1.281038 1988.600467 0.000000 -5.012850 0.000489 
298 35.108535 0.000000 -0.909623 1987.308445 -1.472925 3.902926 0.001790 
299 34.335429 0.000000 -0.909623 1985.454825 -7.691997 -47.776957 0.003063 
300 35.108535 0.000000 -1.639843 1987.883535 -0.024751 15.553617 0.001155 
301 35.881641 0.000000 -0.909623 1987.668136 -0.087231 14.330978 0.001381 
302 35.108535 0.000000 -0.179403 1984.558290 -2.273030 -23.135522 0.004418 
303 -115.647118 0.000000 -42.532189 1988.763334 0.000769 34.758500 0.000026 
304 -165.125896 0.000000 -42.532189 1988.778811 0.000457 34.740862 0.000011 
305 -115.647118 0.000000 -89.266298 1988.750653 0.000544 34.738163 0.000040 
306 -115.647118 0.000000 4.201920 1988.794342 0.000914 34.768922 -0.000005 
307 -41.428950 0.000000 -19.165134 1988.680057 0.004540 34.906741 0.000108 
308 -66.168339 0.000000 -19.165134 1988.743774 0.000706 34.829189 0.000045 
309 -41.428950 0.000000 -42.532189 1988.621559 0.001512 34.817676 0.000168 
310 -41.428950 0.000000 4.201920 1988.818825 0.001135 34.912111 -0.000032 
311 -4.319866 0.000000 -7.481607 1988.242354 -0.001603 35.822639 0.000531 
312 -16.689561 0.000000 -7.481607 1988.606772 -0.003935 35.256873 0.000175 
313 -4.319866 0.000000 -19.165134 1987.909424 -0.001492 35.276882 0.000876 
314 -4.319866 0.000000 4.201920 1989.135100 0.005784 35.945610 -0.000369 
315 14.234675 0.000000 -1.639843 1979.554676 -0.001441 45.428031 0.009046 
316 8.049828 0.000000 -1.639843 1987.827419 -0.002240 38.606286 0.000896 
317 14.234675 0.000000 -7.481607 1982.339919 -0.036780 35.557156 0.006459 
318 14.234675 0.000000 4.201920 1998.672207 0.064253 39.027375 -0.010039 
319 -115.647118 0.000000 50.936029 1988.822769 0.000974 34.754701 -0.000033 
320 -165.125896 0.000000 50.936029 1988.804903 0.000545 34.739591 -0.000015 
321 -115.647118 0.000000 97.670139 1988.831900 0.000875 34.734522 -0.000042 
322 -41.428950 0.000000 27.568975 1988.939297 -0.003140 34.874944 -0.000152 
323 -66.168339 0.000000 27.568975 1988.856949 0.004968 34.818361 -0.000069 
324 -41.428950 0.000000 50.936029 1988.969280 0.024278 34.790197 -0.000181 
325 -4.319866 0.000000 15.885447 1989.670277 0.000783 35.432636 -0.000897 
326 -16.689561 0.000000 15.885447 1989.145908 0.006047 35.147021 -0.000365 
327 -4.319866 0.000000 27.568975 1989.624371 0.011415 34.944731 -0.000843 
328 14.234675 0.000000 10.043684 1994.332459 0.071247 34.837395 -0.005581 
329 8.049828 0.000000 10.043684 1991.537771 0.015845 36.283919 -0.002792 
330 14.234675 0.000000 15.885447 1992.568392 0.082252 34.379086 -0.003796 
331 17.327099 0.000000 1.281038 2033.236415 0.147945 22.904641 -0.045010 
332 14.234675 0.000000 1.281038 1996.286168 0.038092 49.556813 -0.007866 
333 17.327099 0.000000 -1.639843 1957.896681 -0.046951 31.169614 0.030876 
334 20.419523 0.000000 1.281038 2034.714168 -0.725532 -49.552148 -0.047018 
335 17.327099 0.000000 4.201920 2006.649170 0.111766 31.035027 -0.017973 
336 14.234675 0.000000 -13.323371 1984.547087 -0.028738 34.566670 0.004264 
337 8.049828 0.000000 -13.323371 1986.258555 -0.014344 35.796440 0.002524 
338 14.234675 0.000000 -19.165134 1985.670423 -0.049299 34.468277 0.003139 
339 17.327099 0.000000 -4.560725 1974.455385 -0.046926 32.262459 0.014401 
340 14.234675 0.000000 -4.560725 1980.569841 -0.025439 37.389570 0.008199 
341 17.327099 0.000000 -7.481607 1979.864673 -0.074456 32.838320 0.008985 
342 20.419523 0.000000 -4.560725 1972.094534 -0.106761 22.029998 0.016896 
343 23.511946 0.000000 1.281038 1988.987285 -0.662149 -47.855879 -0.000472 
344 23.511946 0.000000 -1.639843 1969.488364 -0.168979 -14.640556 0.019561 
345 23.511946 0.000000 4.201920 2003.770159 0.334751 13.990662 -0.014861 
346 18.873311 0.000000 -0.179403 2138.779632 -0.822831 -53.624559 -0.156897 
347 17.327099 0.000000 -0.179403 1941.742596 -0.117285 15.567835 0.046982 
348 18.873311 0.000000 -1.639843 1952.547507 -0.091192 14.943607 0.036352 
349 20.419523 0.000000 -0.179403 2038.325246 -0.754119 -49.629552 -0.050737 
350 18.873311 0.000000 1.281038 2177.472566 -0.856466 -55.188004 -0.199151 
351 47.864783 0.000000 8.948353 1991.486951 0.000000 17.315291 -0.002484 
352 47.864783 0.000000 8.583243 1991.465160 -0.000000 17.197367 -0.002461 
353 48.251336 0.000000 8.948353 1991.433124 0.000000 17.347945 -0.002430 
354 47.671506 0.000000 9.496019 1991.502079 0.000000 18.667926 -0.002511 
355 47.671506 0.000000 9.313463 1991.532983 0.000000 18.313662 -0.002539 
356 47.864783 0.000000 9.496019 1991.481682 0.000000 18.656358 -0.002491 
357 47.671506 0.000000 9.678574 1991.490685 0.000000 18.479605 -0.002498 
358 43.612700 0.000000 11.504125 1992.388559 1.019591 21.350899 -0.003431 
359 42.066488 0.000000 11.504125 1992.742434 0.968798 21.456445 -0.003789 
360 43.612700 0.000000 12.964566 1992.189848 0.911196 22.907688 -0.003249 
361 45.932018 0.000000 10.773904 1991.759919 1.122277 20.471951 -0.002789 
362 45.158912 0.000000 10.773904 1992.037332 1.105266 20.324952 -0.003067 
363 45.932018 0.000000 11.504125 1991.773295 1.095388 21.393089 -0.002812 
364 47.091677 0.000000 10.408794 1991.701515 0.000000 17.172008 -0.002699 
365 46.705124 0.000000 10.408794 1991.791010 0.000000 17.132261 -0.002788 
366 47.478230 0.000000 10.408794 1991.470874 1.050442 19.944504 -0.002493 
367 47.091677 0.000000 10.773904 1991.533875 1.134726 20.413432 -0.002561 
368 47.284953 0.000000 9.861129 1991.592878 0.000000 17.273975 -0.002590 
369 47.091677 0.000000 9.861129 1991.604655 0.000000 17.268945 -0.002602 
370 47.478230 0.000000 9.861129 1991.548533 0.000000 17.281246 -0.002546 
371 47.284953 0.000000 10.043684 1991.585919 0.000000 17.258235 -0.002583 
372 47.381591 0.000000 9.587296 1991.515938 0.000000 18.665404 -0.002525 
373 47.284953 0.000000 9.587296 1991.511501 -0.000000 18.662507 -0.002521 
374 47.381591 0.000000 9.496019 1991.560415 -0.000000 18.670747 -0.002570 
375 47.478230 0.000000 9.587296 1991.503386 0.000000 18.686322 -0.002513 
376 47.381591 0.000000 9.678574 1991.527937 0.000000 18.536644 -0.002536 
377 181.225553 0.000000 -136.000407 1988.759466 0.001918 34.480913 0.000035 
378 181.225553 0.000000 -182.734516 1988.762913 0.001263 34.586990 0.000030 
379 230.704331 0.000000 -136.000407 1988.773597 0.002140 34.482320 0.000021 
380 -115.647118 0.000000 -136.000407 1988.752536 0.000426 34.722794 0.000038 
381 -165.125896 0.000000 -136.000407 1988.768203 0.000320 34.725020 0.000022 
382 -115.647118 0.000000 -182.734516 1988.759053 0.000341 34.714604 0.000032 
383 181.225553 0.000000 144.404248 1988.827238 0.006364 34.492710 -0.000033 
384 230.704331 0.000000 144.404248 1988.814256 0.006746 34.488320 -0.000020 
385 181.225553 0.000000 191.138357 1988.820440 0.003122 34.591933 -0.000028 
386 107.007385 0.000000 -65.899244 1988.678265 0.001895 33.764203 0.000129 
387 107.007385 0.000000 -89.266298 1988.682582 0.000788 34.186230 0.000118 
388 131.746774 0.000000 -65.899244 1988.727486 -0.001109 33.764017 0.000080 
389 -16.689561 0.000000 144.404248 1988.882758 0.002055 34.668287 -0.000092 
390 -66.168339 0.000000 144.404248 1988.852760 0.001206 34.706607 -0.000063 
391 -16.689561 0.000000 191.138357 1988.846293 0.001274 34.680635 -0.000056 
392 -115.647118 0.000000 144.404248 1988.828338 0.000728 34.720488 -0.000038 
393 -165.125896 0.000000 144.404248 1988.813336 0.000469 34.723577 -0.000023 
394 -115.647118 0.000000 191.138357 1988.821417 0.000582 34.713329 -0.000031 
395 -41.428950 0.000000 -65.899244 1988.627942 0.003450 34.748581 0.000163 
396 -66.168339 0.000000 -65.899244 1988.695108 0.000868 34.760816 0.000095 
397 -41.428950 0.000000 -89.266298 1988.655513 0.000740 34.714898 0.000136 
398 107.007385 0.000000 74.303084 1988.926585 0.057724 33.906745 -0.000123 
399 131.746774 0.000000 74.303084 1988.880500 0.032456 33.889525 -0.000076 
400 107.007385 0.000000 97.670139 1988.904302 0.014805 34.252519 -0.000106 
401 69.898301 0.000000 -30.848662 1988.312443 -0.091536 31.043569 0.000542 
402 69.898301 0.000000 -42.532189 1988.341018 -0.015937 32.610921 0.000488 
403 82.267996 0.000000 -30.848662 1988.542699 -0.070957 31.087288 0.000309 
404 8.049828 0.000000 74.303084 1989.139740 -0.009996 34.519560 -0.000348 
405 -16.689561 0.000000 74.303084 1989.037708 0.001625 34.671734 -0.000248 
406 8.049828 0.000000 97.670139 1989.005867 -0.024365 34.576917 -0.000214 
407 -41.428950 0.000000 74.303084 1988.948490 0.015179 34.733938 -0.000159 
408 -66.168339 0.000000 74.303084 1988.887614 0.001947 34.749524 -0.000098 
409 -41.428950 0.000000 97.670139 1988.917701 0.002503 34.706252 -0.000128 
410 -4.319866 0.000000 -30.848662 1988.044779 -0.006049 34.852504 0.000747 
411 -16.689561 0.000000 -30.848662 1988.361134 -0.011336 34.935940 0.000428 
412 -4.319866 0.000000 -42.532189 1988.205634 0.018997 34.708876 0.000588 
413 69.898301 0.000000 39.252502 1989.298786 0.116016 32.189607 -0.000468 
414 82.267996 0.000000 39.252502 1989.085355 0.151519 32.141543 -0.000253 
415 69.898301 0.000000 50.936029 1989.122094 0.144017 33.176362 -0.000307 
416 51.343759 0.000000 -13.323371 1986.673758 -0.867911 23.227841 0.002295 
417 51.343759 0.000000 -19.165134 1987.120522 -0.383752 27.301530 0.001794 
418 57.528607 0.000000 -13.323371 1987.771338 -0.894118 23.408583 0.001190 
419 20.419523 0.000000 39.252502 1990.103669 0.054769 33.898964 -0.001307 
420 8.049828 0.000000 39.252502 1989.787966 0.035135 34.450686 -0.000998 
421 20.419523 0.000000 50.936029 1989.554771 -0.004821 34.148976 -0.000759 
422 -4.319866 0.000000 39.252502 1989.437662 0.017570 34.726878 -0.000651 
423 -16.689561 0.000000 39.252502 1989.165422 0.003526 34.782430 -0.000378 
424 -4.319866 0.000000 50.936029 1989.243995 0.013134 34.616457 -0.000454 
425 26.604370 0.000000 21.727211 1992.441291 0.182929 31.718509 -0.003623 
426 20.419523 0.000000 21.727211 1992.251737 0.092870 33.115474 -0.003455 
427 26.604370 0.000000 27.568975 1991.571551 0.088124 32.663075 -0.002763 
428 14.234675 0.000000 21.727211 1991.681526 0.015356 34.386506 -0.002903 
429 8.049828 0.000000 21.727211 1990.797911 0.058750 34.871109 -0.002022 
430 14.234675 0.000000 27.568975 1990.831599 0.009410 34.193409 -0.002044 
431 23.511946 0.000000 -4.560725 1973.995733 -0.211397 15.425480 0.015063 
432 23.511946 0.000000 -7.481607 1978.168770 -0.188899 24.546894 0.010802 
433 35.881641 0.000000 7.122802 1994.509868 1.085528 15.083644 -0.005511 
434 32.789217 0.000000 7.122802 1996.094654 0.863753 15.633741 -0.007114 
435 35.881641 0.000000 10.043684 1994.409532 0.840780 20.289577 -0.005457 
436 35.881641 0.000000 12.964566 1993.958494 0.622993 23.893069 -0.005042 
437 32.789217 0.000000 12.964566 1994.662389 0.517917 24.772976 -0.005763 
438 35.881641 0.000000 15.885447 1993.125256 0.480776 26.634830 -0.004237 
439 29.696794 0.000000 7.122802 1998.241875 0.637866 16.924244 -0.009292 
440 26.604370 0.000000 7.122802 1999.396653 0.452599 20.277683 -0.010491 
441 29.696794 0.000000 10.043684 1996.456980 0.534240 22.797812 -0.007549 
442 29.696794 0.000000 12.964566 1995.163254 0.397682 26.066873 -0.006284 
443 26.604370 0.000000 12.964566 1995.561909 0.313893 27.722656 -0.006709 
444 29.696794 0.000000 15.885447 1994.234163 0.304273 28.228217 -0.005377 
445 37.427853 0.000000 -3.100284 1989.024832 -1.198219 7.715489 0.000054 
446 37.427853 0.000000 -4.560725 1985.991112 -1.385504 11.936223 0.003080 
447 38.974065 0.000000 -3.100284 1986.169055 -1.620881 10.060844 0.002912 
448 63.713454 0.000000 21.727211 1989.633106 0.493760 28.019815 -0.000741 
449 69.898301 0.000000 21.727211 1989.369829 0.528479 28.140916 -0.000478 
450 63.713454 0.000000 27.568975 1989.579148 0.274001 30.004111 -0.000716 
451 63.713454 0.000000 -1.639843 1988.333139 -8.869100 12.040226 0.000708 
452 63.713454 0.000000 -7.481607 1988.469559 -2.568943 17.648556 0.000547 
453 69.898301 0.000000 -1.639843 1988.836333 -9.599649 11.031965 0.000204 
454 48.251336 0.000000 -4.560725 1985.842287 -5.474418 14.255104 0.003207 
455 48.251336 0.000000 -7.481607 1985.798855 -2.643982 17.461204 0.003231 
456 51.343759 0.000000 -4.560725 1986.837147 -5.664699 14.291355 0.002208 
457 54.436183 0.000000 1.281038 1987.352447 2.080575 9.630207 0.001725 
458 54.436183 0.000000 -1.639843 1986.078670 -5.832301 15.777596 0.002957 
459 57.528607 0.000000 1.281038 1987.494447 1.743504 11.519678 0.001573 
460 49.797547 0.000000 5.662361 1990.671721 3.065365 12.045349 -0.001627 
461 49.797547 0.000000 4.201920 1990.324785 4.855197 9.047902 -0.001265 
462 51.343759 0.000000 5.662361 1990.254673 3.298356 12.113570 -0.001208 
463 43.612700 0.000000 5.662361 1992.767775 0.157027 11.612997 -0.003732 
464 42.066488 0.000000 5.662361 1993.034167 0.000000 11.934416 -0.004002 
465 43.612700 0.000000 4.201920 1992.827475 1.758626 8.122335 -0.003776 
466 45.932018 0.000000 7.853022 1992.035871 0.000000 15.798541 -0.003024 
467 45.158912 0.000000 7.853022 1992.221183 0.000000 15.989716 -0.003212 
468 45.932018 0.000000 7.122802 1992.029776 0.000000 14.802724 -0.003010 
469 49.024441 0.000000 7.853022 1991.380610 0.000000 17.379555 -0.002377 
470 49.024441 0.000000 7.122802 1991.397813 0.000000 16.675806 -0.002389 
471 49.797547 0.000000 7.853022 1991.302277 0.000000 17.439566 -0.002299 
472 49.024441 0.000000 10.773904 1991.223177 1.211940 20.230606 -0.002246 
473 49.797547 0.000000 10.773904 1991.101348 1.255741 20.127268 -0.002123 
474 49.024441 0.000000 11.504125 1991.229653 1.181823 21.060981 -0.002262 
475 47.864783 0.000000 10.408794 1991.384939 1.047322 19.921172 -0.002406 
476 48.251336 0.000000 10.408794 1991.317474 1.055656 19.832872 -0.002337 
477 47.864783 0.000000 10.773904 1991.377650 1.146954 20.349739 -0.002403 
478 47.671506 0.000000 9.861129 1991.539049 0.000000 17.286871 -0.002536 
479 47.864783 0.000000 9.861129 1991.498339 0.000000 17.302667 -0.002495 
480 47.671506 0.000000 10.043684 1991.506465 0.000000 17.297027 -0.002503 
481 40.520276 0.000000 -0.179403 1991.190254 -0.015497 -0.006045 -0.002109 
482 40.520276 0.000000 -1.639843 1988.107765 -0.052036 15.532630 0.000930 
483 40.520276 0.000000 1.281038 1992.193192 -0.000000 -1.127895 -0.003120 
484 43.612700 0.000000 2.741479 1992.926138 0.749718 4.077061 -0.003862 
485 42.066488 0.000000 2.741479 1993.082255 0.247432 4.377723 -0.004020 
486 45.158912 0.000000 2.741479 1992.606121 2.070966 6.387496 -0.003546 
487 40.520276 0.000000 2.741479 1992.808871 -0.000000 4.625961 -0.003745 
488 38.974065 0.000000 2.741479 1992.203396 0.000000 4.179315 -0.003134 
489 40.520276 0.000000 4.201920 1993.022748 0.000000 8.279272 -0.003972 
490 40.520276 0.000000 -3.100284 1984.306901 -2.447177 11.147831 0.004774 
491 40.520276 0.000000 -4.560725 1984.042165 -2.213920 13.915927 0.005022 
492 42.066488 0.000000 -3.100284 1983.542107 -3.675626 11.207996 0.005539 
493 37.427853 0.000000 2.741479 1991.661243 0.000000 2.478667 -0.002585 
494 35.881641 0.000000 2.741479 1991.531604 0.000000 -0.184335 -0.002453 
495 37.427853 0.000000 4.201920 1992.376891 0.000000 5.845289 -0.003313 
496 34.335429 0.000000 2.741479 1991.473282 0.000000 -0.118657 -0.002394 
497 32.789217 0.000000 2.741479 1995.692761 0.502458 -4.205283 -0.006651 
498 34.335429 0.000000 4.201920 1991.539354 0.000000 -0.387430 -0.002461 
499 23.511946 0.000000 7.122802 2000.773186 0.285245 22.913348 -0.011911 
500 20.419523 0.000000 7.122802 2000.887224 0.205911 27.747760 -0.012088 
501 23.511946 0.000000 10.043684 1996.918619 0.273237 27.904170 -0.008080 
502 23.511946 0.000000 12.964566 1995.594908 0.228218 29.584515 -0.006769 
503 20.419523 0.000000 12.964566 1994.977962 0.183124 31.460574 -0.006176 
504 23.511946 0.000000 15.885447 1994.144731 0.198423 30.928327 -0.005327 
505 63.713454 0.000000 -13.323371 1988.219307 -0.826962 23.538026 0.000738 
506 63.713454 0.000000 -19.165134 1988.056857 -0.347690 27.144407 0.000856 
507 69.898301 0.000000 -13.323371 1988.492789 -0.736934 23.815453 0.000460 
508 54.436183 0.000000 -4.560725 1987.437535 -5.505578 14.034295 0.001607 
509 54.436183 0.000000 -7.481607 1987.480414 -2.788188 17.279365 0.001544 
510 57.528607 0.000000 -4.560725 1987.912515 -5.495265 13.360190 0.001134 
511 40.520276 0.000000 5.662361 1993.162660 0.000000 11.731229 -0.004131 
512 38.974065 0.000000 5.662361 1993.064980 0.000000 10.208632 -0.004024 
513 40.520276 0.000000 7.122802 1993.104148 0.000000 13.357877 -0.004082 
514 40.520276 0.000000 8.583243 1993.022368 0.000000 14.807083 -0.004010 
515 38.974065 0.000000 8.583243 1993.546386 1.166364 17.636496 -0.004561 
516 40.520276 0.000000 10.043684 1993.112674 1.066363 19.888984 -0.004146 
517 40.520276 0.000000 11.504125 1993.011599 0.887886 21.626883 -0.004062 
518 38.974065 0.000000 11.504125 1993.412385 0.816954 21.718146 -0.004467 
519 40.520276 0.000000 12.964566 1992.914888 0.818604 23.197215 -0.003982 
520 46.705124 0.000000 2.741479 1991.348587 18.731648 3.425322 -0.002360 
521 46.705124 0.000000 1.281038 1990.154263 3.188039 1.551926 -0.001070 
522 48.251336 0.000000 2.741479 1990.358991 3.695264 5.556556 -0.001284 
523 43.612700 0.000000 -3.100284 1983.883615 -5.198934 11.526208 0.005191 
524 43.612700 0.000000 -4.560725 1983.703132 -3.765054 13.473789 0.005363 
525 45.158912 0.000000 -3.100284 1984.807439 -6.451346 12.308040 0.004256 
526 17.327099 0.000000 7.122802 1999.628223 0.123069 32.589641 -0.010889 
527 14.234675 0.000000 7.122802 1995.960394 0.078628 35.635513 -0.007238 
528 17.327099 0.000000 10.043684 1995.900923 0.131606 32.778263 -0.007128 
529 17.327099 0.000000 12.964566 1994.349561 0.120458 33.227732 -0.005571 
530 14.234675 0.000000 12.964566 1993.392078 0.071238 34.560695 -0.004629 
531 17.327099 0.000000 15.885447 1993.287159 0.092402 33.462164 -0.004504 
532 37.427853 0.000000 5.662361 1992.850846 0.000000 8.688903 -0.003801 
533 35.881641 0.000000 5.662361 1994.061019 1.188465 11.411133 -0.005034 
534 37.427853 0.000000 7.122802 1993.916405 1.229080 14.813190 -0.004911 
535 37.427853 0.000000 8.583243 1994.028337 1.053943 17.756358 -0.005048 
536 35.881641 0.000000 8.583243 1994.555370 0.944302 17.725654 -0.005579 
537 37.427853 0.000000 10.043684 1993.855124 0.896098 20.140585 -0.004896 
538 37.427853 0.000000 11.504125 1993.771553 0.792826 21.983260 -0.004832 
539 35.881641 0.000000 11.504125 1994.081461 0.726560 22.350807 -0.005148 
540 37.427853 0.000000 12.964566 1993.579961 0.679706 23.609231 -0.004657 
541 46.705124 0.000000 -0.179403 1988.128178 8.539020 13.704496 0.000904 
542 46.705124 0.000000 -1.639843 1986.621626 -6.938109 17.016781 0.002398 
543 48.251336 0.000000 -0.179403 1987.169469 7.150174 16.463933 0.001852 
544 49.797547 0.000000 2.741479 1989.590861 3.944260 6.691886 -0.000516 
545 49.797547 0.000000 1.281038 1988.223033 3.055659 5.422449 0.000865 
546 51.343759 0.000000 2.741479 1989.036404 4.132956 7.708255 0.000038 
547 34.335429 0.000000 5.662361 1994.972342 1.010481 11.083832 -0.005951 
548 32.789217 0.000000 5.662361 1996.361646 0.898784 10.964226 -0.007352 
549 34.335429 0.000000 7.122802 1995.132333 0.951663 15.224860 -0.006140 
550 34.335429 0.000000 8.583243 1995.177112 0.881657 18.297602 -0.006211 
551 32.789217 0.000000 8.583243 1995.677240 0.786314 18.695429 -0.006719 
552 34.335429 0.000000 10.043684 1994.964279 0.765060 20.502494 -0.006018 
553 34.335429 0.000000 11.504125 1994.588030 0.655024 22.604888 -0.005662 
554 32.789217 0.000000 11.504125 1995.067925 0.596324 23.050489 -0.006151 
555 34.335429 0.000000 12.964566 1994.283145 0.548174 24.342156 -0.005375 
556 46.705124 0.000000 -3.100284 1985.575524 -7.123741 13.328788 0.003476 
557 46.705124 0.000000 -4.560725 1985.067792 -5.126719 13.680754 0.003990 
558 48.251336 0.000000 -3.100284 1986.138460 -7.455588 14.194166 0.002904 
1 79 97 95 96 
2 97 72 88 95 
3 95 88 5 98 
4 96 95 98 82 
5 7 101 99 100 
6 101 12 102 99 
7 99 102 10 25 
8 100 99 25 11 
9 11 105 103 104 
10 105 25 106 103 
11 103 106 23 41 
12 104 103 41 24 
13 24 109 107 108 
14 109 41 110 107 
15 107 110 39 57 
16 108 107 57 40 
17 40 113 111 112 
18 113 57 114 111 
19 111 114 55 73 
20 112 111 73 56 
21 56 117 115 116 
22 117 73 118 115 
23 72 121 119 120 
24 119 122 87 123 
25 120 119 123 88 
26 14 125 124 37 
27 125 8 126 124 
28 124 126 21 127 
29 37 124 127 19 
30 27 129 128 53 
31 129 14 130 128 
32 128 130 37 131 
33 53 128 131 35 
34 133 27 134 132 
35 132 134 53 135 
36 10 141 140 26 
37 141 13 142 140 
38 140 142 8 125 
39 26 140 125 14 
40 23 144 143 42 
41 144 26 145 143 
42 143 145 14 129 
43 42 143 129 27 
44 147 42 148 146 
45 146 148 27 133 
46 20 38 161 162 
47 38 19 163 161 
48 161 163 22 164 
49 162 161 164 9 
50 36 54 165 166 
51 54 35 167 165 
52 165 167 38 168 
53 166 165 168 20 
54 52 70 169 170 
55 70 51 171 169 
56 169 171 54 172 
57 170 169 172 36 
58 67 139 173 174 
59 139 69 175 173 
60 173 175 51 176 
61 174 173 176 70 
62 177 179 139 180 
63 178 177 180 67 
64 43 187 186 138 
65 187 133 188 186 
66 186 188 132 189 
67 138 186 189 69 
68 137 191 190 155 
69 191 43 192 190 
70 190 192 138 193 
71 155 190 193 136 
72 195 155 196 194 
73 194 196 136 197 
74 68 86 198 199 
75 86 67 174 198 
76 198 174 70 200 
77 199 198 200 52 
78 201 178 67 203 
79 202 201 203 86 
80 204 206 177 207 
81 205 204 207 178 
82 157 215 213 214 
83 215 153 182 213 
84 213 182 85 216 
85 214 213 216 160 
86 182 219 217 218 
87 219 181 209 217 
88 217 209 185 220 
89 218 217 220 85 
90 136 193 221 179 
91 193 138 222 221 
92 221 222 69 223 
93 179 221 223 139 
94 197 136 225 224 
95 224 225 179 226 
96 206 224 226 177 
97 227 229 206 230 
98 228 227 230 204 
99 209 233 231 232 
100 232 231 235 185 
101 238 149 239 236 
102 59 242 240 241 
103 242 154 243 240 
104 240 243 152 183 
105 241 240 183 153 
106 183 246 244 245 
107 246 152 247 244 
108 244 247 184 210 
109 245 244 210 181 
110 181 250 248 249 
111 250 210 251 248 
112 248 251 208 233 
113 249 248 233 209 
114 184 253 252 211 
115 253 194 254 252 
116 252 254 197 255 
117 211 252 255 156 
118 257 211 258 256 
119 256 258 156 259 
120 233 262 260 261 
121 262 208 263 260 
122 261 260 264 231 
123 73 268 267 118 
124 268 55 269 267 
125 266 272 270 271 
126 272 74 273 270 
127 270 273 237 274 
128 271 270 274 265 
129 17 277 275 276 
130 277 7 100 275 
131 275 100 11 33 
132 276 275 33 15 
133 33 280 278 279 
134 280 11 104 278 
135 278 104 24 49 
136 279 278 49 31 
137 49 283 281 282 
138 283 24 108 281 
139 281 108 40 65 
140 282 281 65 47 
141 65 286 284 285 
142 286 40 112 284 
143 284 112 56 81 
144 285 284 81 63 
145 81 289 287 288 
146 289 56 116 287 
147 287 116 72 97 
148 288 287 97 79 
149 116 292 290 291 
150 292 115 293 290 
151 290 293 89 121 
152 291 290 121 72 
153 89 295 294 122 
154 295 71 296 294 
155 294 296 90 297 
156 122 294 297 87 
157 121 300 298 299 
158 300 89 301 298 
159 298 301 122 302 
160 299 298 302 119 
161 16 305 303 304 
162 305 15 32 303 
163 303 32 18 306 
164 304 303 306 6 
165 32 309 307 308 
166 309 31 48 307 
167 307 48 34 310 
168 308 307 310 18 
169 48 313 311 312 
170 313 47 64 311 
171 311 64 50 314 
172 312 311 314 34 
173 64 317 315 316 
174 316 315 318 50 
175 6 306 319 320 
176 306 18 45 319 
177 319 45 28 321 
178 320 319 321 29 
179 18 310 322 323 
180 310 34 61 322 
181 322 61 44 324 
182 323 322 324 45 
183 34 314 325 326 
184 314 50 77 325 
185 325 77 60 327 
186 326 325 327 61 
187 50 318 328 329 
188 329 328 330 77 
189 315 333 331 332 
190 331 334 66 335 
191 332 331 335 318 
192 47 338 336 337 
193 338 65 285 336 
194 336 285 63 317 
195 337 336 317 64 
196 317 341 339 340 
197 341 63 342 339 
198 339 342 80 333 
199 340 339 333 315 
200 80 344 343 334 
201 344 79 96 343 
202 343 96 82 345 
203 334 343 345 66 
204 333 348 346 347 
205 348 80 349 346 
206 346 349 334 350 
207 347 346 350 331 
208 210 352 351 251 
209 352 184 353 351 
210 351 353 211 257 
211 251 351 257 208 
212 208 355 354 263 
213 355 257 356 354 
214 354 356 256 357 
215 263 354 357 234 
216 160 216 358 359 
217 216 85 205 358 
218 358 205 178 360 
219 359 358 360 201 
220 85 220 361 362 
221 220 185 228 361 
222 361 228 204 363 
223 362 361 363 205 
224 185 235 364 365 
225 235 212 366 364 
226 364 366 227 367 
227 365 364 367 228 
228 231 264 368 369 
229 264 234 370 368 
230 368 370 212 371 
231 369 368 371 235 
232 260 374 372 373 
233 374 263 375 372 
234 372 375 234 376 
235 373 372 376 264 
236 12 378 377 102 
237 378 2 379 377 
238 377 379 13 141 
239 102 377 141 10 
240 1 382 380 381 
241 382 17 276 380 
242 380 276 15 305 
243 381 380 305 16 
244 19 127 383 163 
245 127 21 384 383 
246 383 384 3 385 
247 163 383 385 22 
248 25 387 386 106 
249 387 10 388 386 
250 386 388 26 144 
251 106 386 144 23 
252 28 46 389 390 
253 46 20 162 389 
254 389 162 9 391 
255 390 389 391 30 
256 29 321 392 393 
257 321 28 390 392 
258 392 390 30 394 
259 393 392 394 4 
260 15 397 395 396 
261 397 33 279 395 
262 395 279 31 309 
263 396 395 309 32 
264 35 131 398 167 
265 131 37 399 398 
266 398 399 19 400 
267 167 398 400 38 
268 41 402 401 110 
269 402 23 403 401 
270 401 403 42 147 
271 110 401 147 39 
272 44 62 404 405 
273 62 36 166 404 
274 404 166 20 406 
275 405 404 406 46 
276 45 324 407 408 
277 324 44 405 407 
278 407 405 46 409 
279 408 407 409 28 
280 31 412 410 411 
281 412 49 282 410 
282 410 282 47 313 
283 411 410 313 48 
284 51 135 413 171 
285 135 53 414 413 
286 413 414 35 415 
287 171 413 415 54 
288 57 417 416 114 
289 417 39 418 416 
290 416 418 58 150 
291 114 416 150 55 
292 60 78 419 420 
293 78 52 170 419 
294 419 170 36 421 
295 420 419 421 62 
296 61 327 422 423 
297 327 60 420 422 
298 422 420 62 424 
299 423 422 424 44 
300 76 94 425 426 
301 94 68 199 425 
302 425 199 52 427 
303 426 425 427 78 
304 77 330 428 429 
305 330 76 426 428 
306 428 426 78 430 
307 429 428 430 60 
308 63 432 431 342 
309 432 81 288 431 
310 431 288 79 344 
311 342 431 344 80 
312 436 202 86 438 
313 437 436 438 68 
314 82 98 439 440 
315 98 5 434 439 
316 439 434 84 441 
317 440 439 441 92 
318 92 441 442 443 
319 441 84 437 442 
320 442 437 68 444 
321 443 442 444 94 
322 115 446 445 293 
323 446 118 447 445 
324 445 447 71 295 
325 293 445 295 89 
326 69 189 448 175 
327 189 132 449 448 
328 448 449 135 450 
329 175 448 450 51 
330 58 452 451 151 
331 452 146 453 451 
332 451 453 133 187 
333 151 451 187 43 
334 55 455 454 269 
335 455 150 456 454 
336 454 456 149 238 
337 149 458 457 239 
338 458 151 459 457 
339 457 459 43 191 
340 239 457 191 137 
341 154 461 460 243 
342 461 137 462 460 
343 460 462 155 195 
344 243 460 195 152 
345 159 465 463 464 
346 465 59 241 463 
347 463 241 153 215 
348 464 463 215 157 
349 153 468 466 467 
350 468 183 245 466 
351 466 245 181 219 
352 467 466 219 182 
353 152 470 469 247 
354 470 195 471 469 
355 469 471 194 253 
356 247 469 253 184 
357 156 255 472 229 
358 255 197 473 472 
359 472 473 224 474 
360 229 472 474 206 
361 212 259 475 366 
362 259 156 476 475 
363 475 476 229 477 
364 366 475 477 227 
365 234 357 478 370 
366 357 256 479 478 
367 478 479 259 480 
368 370 478 480 212 
369 71 482 481 296 
370 482 266 271 481 
371 481 271 265 483 
372 296 481 483 90 
373 265 274 484 485 
374 274 237 486 484 
375 484 486 59 465 
376 485 484 465 159 
377 90 483 487 488 
378 483 265 485 487 
379 487 485 159 489 
380 488 487 489 75 
381 118 491 490 447 
382 491 267 492 490 
383 490 492 266 482 
384 447 490 482 71 
385 87 297 493 494 
386 297 90 488 493 
387 493 488 75 495 
388 494 493 495 91 
389 88 123 496 497 
390 123 87 494 496 
391 496 494 91 498 
392 497 496 498 5 
393 66 345 499 500 
394 345 82 440 499 
395 499 440 92 501 
396 500 499 501 93 
397 93 501 502 503 
398 501 92 443 502 
399 502 443 94 504 
400 503 502 504 76 
401 39 506 505 418 
402 506 147 507 505 
403 505 507 146 452 
404 418 505 452 58 
405 150 509 508 456 
406 509 58 510 508 
407 508 510 151 458 
408 456 508 458 149 
409 75 489 511 512 
410 489 159 464 511 
411 511 464 157 513 
412 512 511 513 158 
413 158 513 514 515 
414 513 157 214 514 
415 514 214 160 516 
416 515 514 516 83 
417 83 516 517 518 
418 516 160 359 517 
419 517 359 201 519 
420 518 517 519 202 
421 237 521 520 486 
422 521 236 522 520 
423 520 522 154 242 
424 486 520 242 59 
425 267 524 523 492 
426 524 269 525 523 
427 523 525 74 272 
428 492 523 272 266 
429 318 335 526 527 
430 335 66 500 526 
431 526 500 93 528 
432 527 526 528 328 
433 328 528 529 530 
434 528 93 503 529 
435 529 503 76 531 
436 530 529 531 330 
437 91 495 532 533 
438 495 75 512 532 
439 532 512 158 534 
440 533 532 534 433 
441 433 534 535 536 
442 534 158 515 535 
443 535 515 83 537 
444 536 535 537 435 
445 435 537 538 539 
446 537 83 518 538 
447 538 518 202 540 
448 539 538 540 436 
449 74 542 541 273 
450 542 238 543 541 
451 541 543 236 521 
452 273 541 521 237 
453 236 545 544 522 
454 545 239 546 544 
455 544 546 137 461 
456 522 544 461 154 
457 5 498 547 548 
458 498 91 533 547 
459 547 533 433 549 
460 548 547 549 434 
461 434 549 550 551 
462 549 433 536 550 
463 550 536 435 552 
464 551 550 552 84 
465 84 552 553 554 
466 552 435 539 553 
467 553 539 436 555 
468 554 553 555 437 
469 269 557 556 525 
470 557 454 558 556 
471 556 558 238 542 
472 525 556 542 74 
