2 0.000000 1989.093400 115197.572811
558 472 
1 -165.125896 0.000000 -182.734516 1988.765847 0.000065 35.065595 0.000019 
2 230.704331 0.000000 -182.734516 1988.769025 0.000459 34.947854 0.000017 
3 230.704331 0.000000 191.138357 1988.802753 0.000545 34.949652 -0.000017 
4 -165.125896 0.000000 191.138357 1988.803033 0.000058 35.064686 -0.000019 
5 32.789217 0.000000 4.201920 1995.041327 -0.594678 4.170492 -0.005994 
6 -165.125896 0.000000 4.201920 1988.785899 0.000084 35.087539 -0.000002 
7 32.789217 0.000000 -182.734516 1988.728418 0.000219 35.001962 0.000057 
8 230.704331 0.000000 4.201920 1989.243884 1.273293 8.970819 -0.000172 
9 32.789217 0.000000 191.138357 1988.837474 0.000230 35.005230 -0.000052 
10 131.746774 0.000000 -89.266298 1988.726029 0.001343 34.594941 0.000067 
11 32.789217 0.000000 -89.266298 1988.557826 0.012533 34.803609 0.000232 
12 131.746774 0.000000 -182.734516 1988.748581 0.000366 34.957578 0.000038 
13 230.704331 0.000000 -89.266298 1988.776140 0.001840 34.615806 0.000016 
14 131.746774 0.000000 4.201920 1989.226395 1.552501 10.246836 -0.000161 
15 -66.168339 0.000000 -89.266298 1988.705063 0.000306 35.079161 0.000079 
16 -165.125896 0.000000 -89.266298 1988.766706 0.000079 35.077962 0.000017 
17 -66.168339 0.000000 -182.734516 1988.744425 0.000116 35.051237 0.000040 
18 -66.168339 0.000000 4.201920 1988.795807 -0.000160 35.171478 -0.000013 
19 131.746774 0.000000 97.670139 1988.854060 0.002013 34.640604 -0.000063 
20 32.789217 0.000000 97.670139 1988.985546 0.033312 34.837879 -0.000198 
21 230.704331 0.000000 97.670139 1988.807579 0.002697 34.627014 -0.000016 
22 131.746774 0.000000 191.138357 1988.820944 0.000411 34.962867 -0.000035 
23 82.267996 0.000000 -42.532189 1988.598485 -0.053306 33.222919 0.000219 
24 32.789217 0.000000 -42.532189 1987.772626 -0.048293 33.936571 0.001036 
25 82.267996 0.000000 -89.266298 1988.644975 -0.029563 34.627608 0.000148 
26 131.746774 0.000000 -42.532189 1988.759666 0.020393 33.289811 0.000055 
27 82.267996 0.000000 4.201920 1989.239301 1.373552 11.572942 -0.000181 
28 -66.168339 0.000000 97.670139 1988.862281 0.000305 35.072492 -0.000079 
29 -165.125896 0.000000 97.670139 1988.803443 0.000075 35.076463 -0.000019 
30 -66.168339 0.000000 191.138357 1988.822921 0.000110 35.050356 -0.000039 
31 -16.689561 0.000000 -42.532189 1988.470558 -0.002162 35.091281 0.000315 
32 -66.168339 0.000000 -42.532189 1988.708436 0.000235 35.133909 0.000075 
33 -16.689561 0.000000 -89.266298 1988.614657 0.007911 35.012332 0.000171 
34 -16.689561 0.000000 4.201920 1988.892166 -0.003944 35.572643 -0.000118 
35 82.267996 0.000000 50.936029 1988.994515 -0.004825 33.651768 -0.000187 
36 32.789217 0.000000 50.936029 1989.456265 -0.028318 34.241248 -0.000661 
37 131.746774 0.000000 50.936029 1988.867808 -0.004531 33.577211 -0.000058 
38 82.267996 0.000000 97.670139 1988.919154 0.000200 34.687343 -0.000129 
39 57.528607 0.000000 -19.165134 1987.858018 -0.033946 28.487552 0.001037 
40 32.789217 0.000000 -19.165134 1985.571781 0.016727 30.288575 0.003306 
41 57.528607 0.000000 -42.532189 1988.219119 -0.010967 33.349499 0.000598 
42 82.267996 0.000000 -19.165134 1988.672557 -0.022932 28.996714 0.000211 
43 57.528607 0.000000 4.201920 1989.578179 1.334563 11.223650 -0.000520 
44 -16.689561 0.000000 50.936029 1989.075340 -0.015418 35.058444 -0.000292 
45 -66.168339 0.000000 50.936029 1988.868718 0.000283 35.121445 -0.000086 
46 -16.689561 0.000000 97.670139 1988.940069 0.000413 35.010469 -0.000156 
47 8.049828 0.000000 -19.165134 1986.693537 -0.033083 35.414092 0.002095 
48 -16.689561 0.000000 -19.165134 1988.430959 -0.009756 35.409040 0.000349 
49 8.049828 0.000000 -42.532189 1988.031914 -0.017699 34.791501 0.000761 
50 8.049828 0.000000 4.201920 1990.733242 0.004406 38.265622 -0.002020 
51 57.528607 0.000000 27.568975 1989.728496 0.020754 30.867403 -0.000879 
52 32.789217 0.000000 27.568975 1990.937043 -0.001939 32.288961 -0.002118 
53 82.267996 0.000000 27.568975 1989.109388 0.069069 30.861073 -0.000257 
54 57.528607 0.000000 50.936029 1989.259873 0.019577 33.753770 -0.000455 
55 45.158912 0.000000 -7.481607 1986.478093 -0.318255 19.552031 0.002531 
56 32.789217 0.000000 -7.481607 1983.592524 0.117267 17.682529 0.005444 
57 45.158912 0.000000 -19.165134 1986.828591 0.007502 28.832105 0.002066 
58 57.528607 0.000000 -7.481607 1988.130931 -0.628870 20.157753 0.000865 
59 45.158912 0.000000 4.201920 1990.803799 0.000000 9.363123 -0.001743 
60 8.049828 0.000000 27.568975 1990.253477 0.001858 34.970901 -0.001476 
61 -16.689561 0.000000 27.568975 1989.177586 -0.004822 35.293644 -0.000399 
62 8.049828 0.000000 50.936029 1989.372982 -0.013425 34.817015 -0.000588 
63 20.419523 0.000000 -7.481607 1978.463775 0.047958 28.804099 0.010450 
64 8.049828 0.000000 -7.481607 1986.328591 0.013814 37.039775 0.002431 
65 20.419523 0.000000 -19.165134 1985.411364 0.033517 33.247166 0.003419 
66 20.419523 0.000000 4.201920 2005.800391 -0.016247 19.662938 -0.016967 
67 45.158912 0.000000 15.885447 1991.020263 0.005470 26.551682 -0.002117 
68 32.789217 0.000000 15.885447 1993.111411 0.011285 27.907780 -0.004241 
69 57.528607 0.000000 15.885447 1989.872284 0.088786 26.139801 -0.000956 
70 45.158912 0.000000 27.568975 1990.389328 0.009102 31.252596 -0.001550 
71 38.974065 0.000000 -1.639843 1988.341559 0.345900 15.592594 0.000694 
72 32.789217 0.000000 -1.639843 1983.399066 0.539850 -23.583299 0.005577 
73 38.974065 0.000000 -7.481607 1986.011784 0.013796 18.808956 0.003007 
74 45.158912 0.000000 -1.639843 1987.838429 2.350489 15.434131 0.001200 
75 38.974065 0.000000 4.201920 1990.875728 0.000000 8.056774 -0.001809 
76 20.419523 0.000000 15.885447 1993.547087 0.008797 32.545072 -0.004751 
77 8.049828 0.000000 15.885447 1991.105896 0.012626 35.698049 -0.002347 
78 20.419523 0.000000 27.568975 1991.041515 0.004163 33.898746 -0.002250 
79 26.604370 0.000000 -1.639843 1988.154741 0.092284 -47.969585 0.000362 
80 20.419523 0.000000 -1.639843 1956.232110 0.127613 -4.816343 0.032763 
81 26.604370 0.000000 -7.481607 1979.854230 0.094078 21.676473 0.009149 
82 26.604370 0.000000 4.201920 2002.625486 -0.112085 8.640138 -0.013671 
83 38.974065 0.000000 10.043684 1992.477358 -0.136819 20.869459 -0.003515 
84 32.789217 0.000000 10.043684 1994.409393 -0.059543 21.880492 -0.005473 
85 45.158912 0.000000 10.043684 1991.282452 0.000000 18.904758 -0.002293 
86 38.974065 0.000000 15.885447 1991.943423 0.014762 26.967631 -0.003052 
87 35.881641 0.000000 1.281038 1986.220457 0.000000 -11.677754 0.002852 
88 32.789217 0.000000 1.281038 1993.451520 -1.688527 -20.452411 -0.004493 
89 35.881641 0.000000 -1.639843 1988.048662 0.441000 15.613255 0.000989 
90 38.974065 0.000000 1.281038 1987.905969 -0.000000 -2.974628 0.001191 
91 35.881641 0.000000 4.201920 1990.069606 0.000000 1.800676 -0.000983 
92 26.604370 0.000000 10.043684 1996.343377 -0.024188 25.332094 -0.007465 
93 20.419523 0.000000 10.043684 1996.272585 0.003092 30.553121 -0.007468 
94 26.604370 0.000000 15.885447 1993.688720 0.008974 29.917419 -0.004852 
95 29.696794 0.000000 1.281038 1988.196199 -0.279442 -48.221074 0.000314 
96 26.604370 0.000000 1.281038 1988.352325 0.110917 -47.924708 0.000164 
97 29.696794 0.000000 -1.639843 1988.196199 -0.279442 -48.221074 0.000314 
98 29.696794 0.000000 4.201920 1999.388357 -0.310950 5.742135 -0.010387 
99 82.267996 0.000000 -136.000407 1988.704433 0.000453 34.891340 0.000083 
100 32.789217 0.000000 -136.000407 1988.682853 0.000345 34.952522 0.000104 
101 82.267996 0.000000 -182.734516 1988.735624 0.000293 34.974729 0.000051 
102 131.746774 0.000000 -136.000407 1988.736099 0.000658 34.863721 0.000052 
103 57.528607 0.000000 -65.899244 1988.528521 0.002574 34.362605 0.000269 
104 32.789217 0.000000 -65.899244 1988.428162 0.002530 34.584712 0.000366 
105 57.528607 0.000000 -89.266298 1988.593224 0.013312 34.695035 0.000199 
106 82.267996 0.000000 -65.899244 1988.611454 0.021385 34.250341 0.000188 
107 45.158912 0.000000 -30.848662 1987.450419 0.025509 32.147958 0.001390 
108 32.789217 0.000000 -30.848662 1986.967022 0.035472 32.948055 0.001863 
109 45.158912 0.000000 -42.532189 1987.978089 -0.000913 33.585143 0.000836 
110 57.528607 0.000000 -30.848662 1988.003618 0.011976 31.829764 0.000839 
111 38.974065 0.000000 -13.323371 1985.551746 0.033528 25.740563 0.003390 
112 32.789217 0.000000 -13.323371 1984.264779 0.053447 26.455546 0.004672 
113 38.974065 0.000000 -19.165134 1986.249820 0.022466 29.536982 0.002637 
114 45.158912 0.000000 -13.323371 1986.620475 0.011715 25.615247 0.002319 
115 35.881641 0.000000 -4.560725 1987.638589 0.062212 8.230135 0.001445 
116 32.789217 0.000000 -4.560725 1983.668615 0.151117 5.914491 0.005438 
117 35.881641 0.000000 -7.481607 1985.255079 0.081390 17.743028 0.003776 
118 38.974065 0.000000 -4.560725 1987.659067 -0.056491 12.212976 0.001404 
119 34.335429 0.000000 -0.179403 1985.100046 -0.700799 -39.809595 0.003611 
120 32.789217 0.000000 -0.179403 1987.767620 -3.568628 -45.390972 0.000809 
121 34.335429 0.000000 -1.639843 1988.339665 0.487789 -25.250859 0.000597 
122 35.881641 0.000000 -0.179403 1984.285880 0.245231 1.191441 0.004828 
123 34.335429 0.000000 1.281038 1988.914307 0.000000 -18.229941 0.000096 
124 181.225553 0.000000 50.936029 1988.832439 0.012002 33.547447 -0.000022 
125 181.225553 0.000000 4.201920 1989.138538 3.658305 14.977916 -0.000105 
126 230.704331 0.000000 50.936029 1988.821546 0.012674 33.509377 -0.000010 
127 181.225553 0.000000 97.670139 1988.821590 0.002503 34.631119 -0.000030 
128 107.007385 0.000000 27.568975 1988.934622 0.051949 30.859770 -0.000081 
129 107.007385 0.000000 4.201920 1989.217502 3.654281 10.931838 -0.000158 
130 131.746774 0.000000 27.568975 1988.897444 0.066830 30.796736 -0.000043 
131 107.007385 0.000000 50.936029 1988.913240 0.007819 33.595758 -0.000104 
132 69.898301 0.000000 15.885447 1989.314470 0.126993 26.311133 -0.000397 
133 69.898301 0.000000 4.201920 1989.308755 1.640387 11.638184 -0.000251 
134 82.267996 0.000000 15.885447 1989.109112 0.138337 26.408013 -0.000192 
135 69.898301 0.000000 27.568975 1989.293397 0.023799 30.894718 -0.000442 
136 51.343759 0.000000 10.043684 1990.435565 -0.635768 21.032998 -0.001462 
137 51.343759 0.000000 4.201920 1990.028421 0.635226 10.865912 -0.000970 
138 57.528607 0.000000 10.043684 1989.783705 -0.538154 21.172753 -0.000808 
139 51.343759 0.000000 15.885447 1990.294638 0.049430 26.280223 -0.001383 
140 181.225553 0.000000 -42.532189 1988.793270 0.005016 33.370842 0.000020 
141 181.225553 0.000000 -89.266298 1988.761613 0.001748 34.603309 0.000031 
142 230.704331 0.000000 -42.532189 1988.803166 0.005112 33.439058 0.000009 
143 107.007385 0.000000 -19.165134 1988.821320 -0.068880 29.256068 0.000057 
144 107.007385 0.000000 -42.532189 1988.715061 0.017566 33.245981 0.000101 
145 131.746774 0.000000 -19.165134 1988.852900 -0.013791 29.456640 0.000022 
146 69.898301 0.000000 -7.481607 1988.771901 -0.714896 21.058674 0.000211 
147 69.898301 0.000000 -19.165134 1988.435958 -0.037789 28.731580 0.000452 
148 82.267996 0.000000 -7.481607 1988.913232 -0.660042 21.626798 0.000063 
149 51.343759 0.000000 -1.639843 1987.451543 -0.082943 10.760041 0.001621 
150 51.343759 0.000000 -7.481607 1987.476748 -0.507003 20.083467 0.001523 
151 57.528607 0.000000 -1.639843 1988.317364 -1.120708 10.148037 0.000754 
152 48.251336 0.000000 7.122802 1990.818298 0.000000 17.855333 -0.001816 
153 45.158912 0.000000 7.122802 1991.184814 0.000000 16.950883 -0.002177 
154 48.251336 0.000000 4.201920 1990.399222 0.401600 10.526729 -0.001341 
155 51.343759 0.000000 7.122802 1990.269515 0.462920 16.879766 -0.001255 
156 48.251336 0.000000 10.043684 1990.756147 0.000000 19.252429 -0.001766 
157 42.066488 0.000000 7.122802 1991.554555 0.000000 15.977055 -0.002541 
158 38.974065 0.000000 7.122802 1991.586194 0.000000 12.437350 -0.002547 
159 42.066488 0.000000 4.201920 1991.050344 -0.000000 9.297740 -0.001990 
160 42.066488 0.000000 10.043684 1991.457953 0.000000 18.824839 -0.002468 
161 82.267996 0.000000 144.404248 1988.860839 0.000598 34.906718 -0.000074 
162 32.789217 0.000000 144.404248 1988.877992 0.000405 34.961640 -0.000092 
163 131.746774 0.000000 144.404248 1988.835343 0.000811 34.877507 -0.000048 
164 82.267996 0.000000 191.138357 1988.831820 0.000320 34.980022 -0.000046 
165 57.528607 0.000000 74.303084 1989.052819 0.008732 34.484845 -0.000260 
166 32.789217 0.000000 74.303084 1989.122066 0.005293 34.669043 -0.000333 
167 82.267996 0.000000 74.303084 1988.965933 -0.008621 34.390053 -0.000171 
168 57.528607 0.000000 97.670139 1988.961282 0.033093 34.747585 -0.000172 
169 45.158912 0.000000 39.252502 1989.782898 0.015119 33.162866 -0.000971 
170 32.789217 0.000000 39.252502 1990.038702 0.002034 33.687599 -0.001238 
171 57.528607 0.000000 39.252502 1989.453747 -0.024403 32.919929 -0.000636 
172 45.158912 0.000000 50.936029 1989.367996 0.099707 33.950738 -0.000567 
173 51.343759 0.000000 21.727211 1990.113756 0.052595 29.245905 -0.001242 
174 45.158912 0.000000 21.727211 1990.609174 0.033807 29.529726 -0.001745 
175 57.528607 0.000000 21.727211 1989.824872 0.046102 29.053776 -0.000949 
176 51.343759 0.000000 27.568975 1990.032679 0.014691 31.009434 -0.001188 
177 48.251336 0.000000 12.964566 1990.766245 -0.013346 24.156019 -0.001830 
178 45.158912 0.000000 12.964566 1991.144402 -0.034775 24.342218 -0.002213 
179 51.343759 0.000000 12.964566 1990.392907 0.024106 24.036554 -0.001453 
180 48.251336 0.000000 15.885447 1990.708117 0.024059 26.274845 -0.001799 
181 46.705124 0.000000 8.583243 1990.951522 0.000000 18.545358 -0.001956 
182 45.158912 0.000000 8.583243 1991.202499 0.000000 18.668062 -0.002210 
183 46.705124 0.000000 7.122802 1990.935908 -0.000000 16.684171 -0.001924 
184 48.251336 0.000000 8.583243 1990.702524 0.000000 19.311511 -0.001713 
185 46.705124 0.000000 10.043684 1990.992445 -0.000000 19.038300 -0.002002 
186 63.713454 0.000000 10.043684 1989.480680 -0.574007 21.245963 -0.000504 
187 63.713454 0.000000 4.201920 1989.384845 1.652244 11.626402 -0.000328 
188 69.898301 0.000000 10.043684 1989.296313 -0.858918 21.404585 -0.000320 
189 63.713454 0.000000 15.885447 1989.535078 0.120483 26.191313 -0.000618 
190 54.436183 0.000000 7.122802 1989.935882 0.615893 16.965928 -0.000920 
191 54.436183 0.000000 4.201920 1989.735280 0.963177 11.163916 -0.000677 
192 57.528607 0.000000 7.122802 1989.725865 0.780226 17.006757 -0.000709 
193 54.436183 0.000000 10.043684 1990.068373 -0.578063 21.088485 -0.001093 
194 49.797547 0.000000 8.583243 1990.684366 0.000000 19.335524 -0.001695 
195 49.797547 0.000000 7.122802 1990.437695 0.425549 16.896624 -0.001424 
196 51.343759 0.000000 8.583243 1990.328342 0.343327 19.183205 -0.001335 
197 49.797547 0.000000 10.043684 1990.557302 -0.648048 21.063523 -0.001585 
198 38.974065 0.000000 21.727211 1991.187359 0.011153 30.095081 -0.002335 
199 32.789217 0.000000 21.727211 1991.802332 -0.032766 30.986379 -0.002968 
200 38.974065 0.000000 27.568975 1990.582764 -0.003628 31.714740 -0.001752 
201 42.066488 0.000000 12.964566 1991.684052 -0.022503 24.326932 -0.002756 
202 38.974065 0.000000 12.964566 1992.371376 -0.014601 24.450352 -0.003450 
203 42.066488 0.000000 15.885447 1991.472673 0.015459 26.646196 -0.002573 
204 46.705124 0.000000 11.504125 1990.980990 -0.109541 22.873974 -0.002031 
205 45.158912 0.000000 11.504125 1991.250215 -0.102093 22.739203 -0.002301 
206 48.251336 0.000000 11.504125 1990.783259 -0.124065 22.798397 -0.001831 
207 46.705124 0.000000 12.964566 1990.955070 -0.031534 24.236333 -0.002021 
208 47.478230 0.000000 9.313463 1990.842435 0.000000 20.207057 -0.001863 
209 46.705124 0.000000 9.313463 1990.976767 0.000000 19.811256 -0.001994 
210 47.478230 0.000000 8.583243 1990.848143 0.000000 18.843632 -0.001855 
211 48.251336 0.000000 9.313463 1990.728354 -0.000000 20.052625 -0.001746 
212 47.478230 0.000000 10.043684 1990.833835 0.000000 19.158223 -0.001844 
213 43.612700 0.000000 8.583243 1991.426753 0.000000 18.592586 -0.002435 
214 42.066488 0.000000 8.583243 1991.512891 0.000000 17.383666 -0.002511 
215 43.612700 0.000000 7.122802 1991.367941 0.000000 16.403476 -0.002356 
216 43.612700 0.000000 10.043684 1991.405045 0.000000 18.828642 -0.002415 
217 45.932018 0.000000 9.313463 1991.146561 -0.000000 19.853716 -0.002165 
218 45.158912 0.000000 9.313463 1991.224813 0.000000 19.950525 -0.002245 
219 45.932018 0.000000 8.583243 1991.090463 -0.000000 18.483294 -0.002095 
220 45.932018 0.000000 10.043684 1991.113318 -0.000000 18.969098 -0.002123 
221 54.436183 0.000000 12.964566 1990.085171 0.067893 24.008196 -0.001143 
222 57.528607 0.000000 12.964566 1989.794780 0.095196 24.098122 -0.000852 
223 54.436183 0.000000 15.885447 1990.031962 0.066580 26.212928 -0.001118 
224 49.797547 0.000000 11.504125 1990.643444 -0.072519 22.634639 -0.001689 
225 51.343759 0.000000 11.504125 1990.466056 -0.048801 22.572316 -0.001509 
226 49.797547 0.000000 12.964566 1990.614762 -0.012757 23.994281 -0.001676 
227 47.478230 0.000000 10.773904 1990.796761 -0.223060 22.113781 -0.001837 
228 46.705124 0.000000 10.773904 1990.903329 -0.221296 22.123145 -0.001944 
229 48.251336 0.000000 10.773904 1990.797205 -0.224552 22.014768 -0.001836 
230 47.478230 0.000000 11.504125 1990.869876 -0.112941 22.848120 -0.001919 
231 47.091677 0.000000 9.678574 1990.836121 -0.000000 20.467153 -0.001859 
232 46.705124 0.000000 9.678574 1990.945961 -0.000000 20.268133 -0.001967 
233 47.091677 0.000000 9.313463 1990.901070 0.000000 20.114527 -0.001921 
234 47.478230 0.000000 9.678574 1990.787822 0.000000 20.397611 -0.001810 
235 47.091677 0.000000 10.043684 1990.909375 -0.000000 19.090942 -0.001919 
236 48.251336 0.000000 1.281038 1989.384096 2.097450 3.836957 -0.000297 
237 45.158912 0.000000 1.281038 1989.473455 1.745494 1.240960 -0.000383 
238 48.251336 0.000000 -1.639843 1987.593088 0.224103 11.030893 0.001477 
239 51.343759 0.000000 1.281038 1989.266514 2.534782 5.644936 -0.000184 
240 46.705124 0.000000 5.662361 1990.938363 0.000000 14.741091 -0.001911 
241 45.158912 0.000000 5.662361 1991.057878 0.000000 13.261754 -0.002021 
242 46.705124 0.000000 4.201920 1990.793980 0.000000 9.298156 -0.001732 
243 48.251336 0.000000 5.662361 1990.816338 0.000000 16.338704 -0.001801 
244 47.478230 0.000000 7.853022 1990.828920 0.000000 17.912450 -0.001827 
245 46.705124 0.000000 7.853022 1990.941292 0.000000 17.788591 -0.001939 
246 47.478230 0.000000 7.122802 1990.865015 0.000000 17.132423 -0.001856 
247 48.251336 0.000000 7.853022 1990.796702 0.000000 18.495892 -0.001800 
248 47.091677 0.000000 8.948353 1990.904135 0.000000 19.273620 -0.001915 
249 46.705124 0.000000 8.948353 1990.954449 0.000000 19.235395 -0.001966 
250 47.091677 0.000000 8.583243 1990.902123 0.000000 18.800322 -0.001909 
251 47.478230 0.000000 8.948353 1990.860886 0.000000 19.182537 -0.001871 
252 49.024441 0.000000 9.313463 1990.725929 0.000000 19.279055 -0.001736 
253 49.024441 0.000000 8.583243 1990.738470 0.000000 19.271491 -0.001749 
254 49.797547 0.000000 9.313463 1990.674855 0.000000 19.343025 -0.001685 
255 49.024441 0.000000 10.043684 1990.673466 0.000000 19.347701 -0.001684 
256 47.864783 0.000000 9.678574 1990.787375 0.000000 20.207923 -0.001807 
257 47.864783 0.000000 9.313463 1990.789574 0.000000 20.270360 -0.001810 
258 48.251336 0.000000 9.678574 1990.790703 0.000000 19.202154 -0.001801 
259 47.864783 0.000000 10.043684 1990.803045 0.000000 19.186832 -0.001813 
260 47.284953 0.000000 9.496019 1990.832053 -0.000000 20.506743 -0.001855 
261 47.091677 0.000000 9.496019 1990.867574 -0.000000 20.511500 -0.001891 
262 47.284953 0.000000 9.313463 1990.868552 0.000000 20.136304 -0.001888 
263 47.478230 0.000000 9.496019 1990.811796 0.000000 20.503273 -0.001835 
264 47.284953 0.000000 9.678574 1990.806399 0.000000 20.461305 -0.001829 
265 42.066488 0.000000 1.281038 1989.734623 0.000000 -0.880445 -0.000645 
266 42.066488 0.000000 -1.639843 1988.296946 1.382346 15.484580 0.000740 
267 42.066488 0.000000 -4.560725 1986.875898 -0.365979 14.056043 0.002178 
268 42.066488 0.000000 -7.481607 1986.205583 -0.139600 19.373414 0.002807 
269 45.158912 0.000000 -4.560725 1986.988935 -0.646918 15.112849 0.002057 
270 43.612700 0.000000 -0.179403 1988.451808 0.707177 7.274496 0.000632 
271 42.066488 0.000000 -0.179403 1988.833634 0.215014 3.136377 0.000259 
272 43.612700 0.000000 -1.639843 1987.999846 2.031033 15.445816 0.001038 
273 45.158912 0.000000 -0.179403 1987.995600 -14.176305 12.220443 0.001015 
274 43.612700 0.000000 1.281038 1989.418516 0.000000 0.002585 -0.000327 
275 -16.689561 0.000000 -136.000407 1988.695844 0.000282 35.019942 0.000090 
276 -66.168339 0.000000 -136.000407 1988.727115 0.000139 35.056678 0.000058 
277 -16.689561 0.000000 -182.734516 1988.732560 0.000159 35.030835 0.000053 
278 8.049828 0.000000 -65.899244 1988.448652 -0.004943 34.863210 0.000341 
279 -16.689561 0.000000 -65.899244 1988.537637 0.008070 35.034679 0.000249 
280 8.049828 0.000000 -89.266298 1988.568713 -0.039651 34.924404 0.000219 
281 20.419523 0.000000 -30.848662 1986.982651 -0.000953 34.100515 0.001827 
282 8.049828 0.000000 -30.848662 1987.525004 0.029166 34.921434 0.001268 
283 20.419523 0.000000 -42.532189 1987.818583 0.046299 34.430980 0.000982 
284 26.604370 0.000000 -13.323371 1983.176372 0.035878 28.727592 0.005732 
285 20.419523 0.000000 -13.323371 1983.331253 0.035688 31.980763 0.005527 
286 26.604370 0.000000 -19.165134 1985.210752 0.042369 31.675145 0.003647 
287 29.696794 0.000000 -4.560725 1979.371802 0.201798 6.964999 0.009739 
288 26.604370 0.000000 -4.560725 1976.208528 0.165210 10.766100 0.012884 
289 29.696794 0.000000 -7.481607 1981.410114 0.133368 18.866493 0.007621 
290 34.335429 0.000000 -3.100284 1987.481561 0.153806 -4.736331 0.001614 
291 32.789217 0.000000 -3.100284 1983.774948 0.221916 -5.611638 0.005332 
292 34.335429 0.000000 -4.560725 1985.868930 0.102403 6.589634 0.003229 
293 35.881641 0.000000 -3.100284 1991.471043 0.112459 -0.661545 -0.002392 
294 37.427853 0.000000 -0.179403 1983.518420 0.039900 -2.764124 0.005596 
295 37.427853 0.000000 -1.639843 1988.253463 0.226017 15.628649 0.000783 
296 38.974065 0.000000 -0.179403 1986.786087 0.105081 2.768899 0.002317 
297 37.427853 0.000000 1.281038 1986.442543 0.000000 -6.091596 0.002654 
298 35.108535 0.000000 -0.909623 1987.287307 0.183394 3.931466 0.001811 
299 34.335429 0.000000 -0.909623 1984.878332 -1.036507 -47.847542 0.003655 
300 35.108535 0.000000 -1.639843 1987.991798 0.485390 15.605897 0.001046 
301 35.881641 0.000000 -0.909623 1987.723742 0.413067 14.324048 0.001325 
302 35.108535 0.000000 -0.179403 1983.529115 -0.260414 -24.051985 0.005441 
303 -115.647118 0.000000 -42.532189 1988.760182 0.000132 35.100594 0.000024 
304 -165.125896 0.000000 -42.532189 1988.774029 0.000083 35.084907 0.000010 
305 -115.647118 0.000000 -89.266298 1988.749016 0.000111 35.082403 0.000035 
306 -115.647118 0.000000 4.201920 1988.787850 0.000266 35.109941 -0.000004 
307 -41.428950 0.000000 -19.165134 1988.683677 0.000801 35.234689 0.000098 
308 -66.168339 0.000000 -19.165134 1988.742496 0.000422 35.162829 0.000040 
309 -41.428950 0.000000 -42.532189 1988.631456 0.004279 35.152715 0.000152 
310 -41.428950 0.000000 4.201920 1988.810412 -0.003185 35.242379 -0.000029 
311 -4.319866 0.000000 -7.481607 1988.265109 0.000861 36.074799 0.000504 
312 -16.689561 0.000000 -7.481607 1988.613808 -0.004844 35.546504 0.000163 
313 -4.319866 0.000000 -19.165134 1987.964041 0.002014 35.551168 0.000816 
314 -4.319866 0.000000 4.201920 1989.107519 -0.001684 36.193482 -0.000345 
315 14.234675 0.000000 -1.639843 1979.528322 0.019227 45.396779 0.009074 
316 8.049828 0.000000 -1.639843 1987.834753 0.008719 38.722965 0.000886 
317 14.234675 0.000000 -7.481607 1982.507308 0.019669 35.614978 0.006291 
318 14.234675 0.000000 4.201920 1998.541909 0.007181 39.017932 -0.009908 
319 -115.647118 0.000000 50.936029 1988.813193 0.000117 35.097183 -0.000030 
320 -165.125896 0.000000 50.936029 1988.797211 0.000081 35.083778 -0.000013 
321 -115.647118 0.000000 97.670139 1988.821203 0.000110 35.079174 -0.000037 
322 -41.428950 0.000000 27.568975 1988.919968 -0.006197 35.205667 -0.000139 
323 -66.168339 0.000000 27.568975 1988.844087 -0.000099 35.153115 -0.000062 
324 -41.428950 0.000000 50.936029 1988.945167 0.017261 35.127064 -0.000163 
325 -4.319866 0.000000 15.885447 1989.603342 -0.006730 35.695913 -0.000835 
326 -16.689561 0.000000 15.885447 1989.114349 -0.007183 35.453871 -0.000339 
327 -4.319866 0.000000 27.568975 1989.551206 0.001230 35.254404 -0.000775 
328 14.234675 0.000000 10.043684 1994.096109 0.004323 34.972177 -0.005346 
329 8.049828 0.000000 10.043684 1991.392026 0.004609 36.444525 -0.002648 
330 14.234675 0.000000 15.885447 1992.309917 -0.011555 34.604392 -0.003539 
331 17.327099 0.000000 1.281038 2033.557727 -0.047395 21.705863 -0.045327 
332 14.234675 0.000000 1.281038 1996.268115 0.010335 49.564218 -0.007848 
333 17.327099 0.000000 -1.639843 1957.847811 0.055169 30.576392 0.030934 
334 20.419523 0.000000 1.281038 2035.166098 0.306781 -49.576181 -0.047483 
335 17.327099 0.000000 4.201920 2006.394371 0.000473 30.860721 -0.017712 
336 14.234675 0.000000 -13.323371 1984.758840 0.027968 34.766292 0.004048 
337 8.049828 0.000000 -13.323371 1986.391405 0.005706 35.984673 0.002388 
338 14.234675 0.000000 -19.165134 1985.903056 0.025617 34.703918 0.002901 
339 17.327099 0.000000 -4.560725 1974.660000 0.033838 32.127428 0.014199 
340 14.234675 0.000000 -4.560725 1980.673980 0.020482 37.375148 0.008095 
341 17.327099 0.000000 -7.481607 1980.118917 0.027639 32.794634 0.008732 
342 20.419523 0.000000 -4.560725 1972.445652 0.061760 21.902908 0.016548 
343 23.511946 0.000000 1.281038 1988.880438 0.122221 -47.860907 -0.000365 
344 23.511946 0.000000 -1.639843 1969.662629 0.207022 -14.532188 0.019388 
345 23.511946 0.000000 4.201920 2003.252336 -0.048993 13.961222 -0.014337 
346 18.873311 0.000000 -0.179403 2139.562602 0.678206 -53.651015 -0.157744 
347 17.327099 0.000000 -0.179403 1940.687985 0.124863 12.964407 0.048036 
348 18.873311 0.000000 -1.639843 1952.964381 0.095214 14.308713 0.035945 
349 20.419523 0.000000 -0.179403 2038.668260 0.312613 -49.649081 -0.051091 
350 18.873311 0.000000 1.281038 2178.235246 0.804311 -55.211748 -0.199992 
351 47.864783 0.000000 8.948353 1990.794132 0.000000 19.202019 -0.001804 
352 47.864783 0.000000 8.583243 1990.777955 -0.000000 19.099111 -0.001787 
353 48.251336 0.000000 8.948353 1990.758998 0.000000 19.241189 -0.001769 
354 47.671506 0.000000 9.496019 1990.793604 0.000000 20.510307 -0.001817 
355 47.671506 0.000000 9.313463 1990.811462 0.000000 20.174896 -0.001831 
356 47.864783 0.000000 9.496019 1990.781710 0.000000 20.498792 -0.001804 
357 47.671506 0.000000 9.678574 1990.786842 0.000000 20.316818 -0.001808 
358 43.612700 0.000000 11.504125 1991.541735 -0.095582 22.759456 -0.002594 
359 42.066488 0.000000 11.504125 1991.835208 -0.083999 22.742870 -0.002889 
360 43.612700 0.000000 12.964566 1991.425271 -0.023185 24.238558 -0.002495 
361 45.932018 0.000000 10.773904 1990.990528 -0.209754 22.113114 -0.002032 
362 45.158912 0.000000 10.773904 1991.228307 -0.202738 21.904407 -0.002269 
363 45.932018 0.000000 11.504125 1991.036581 -0.104577 22.973066 -0.002088 
364 47.091677 0.000000 10.408794 1990.932139 0.000000 19.031928 -0.001941 
365 46.705124 0.000000 10.408794 1990.985986 0.000000 18.973925 -0.001995 
366 47.478230 0.000000 10.408794 1990.799812 -0.341723 21.697300 -0.001836 
367 47.091677 0.000000 10.773904 1990.849073 -0.223341 22.113152 -0.001890 
368 47.284953 0.000000 9.861129 1990.860353 0.000000 19.142480 -0.001870 
369 47.091677 0.000000 9.861129 1990.867736 0.000000 19.135488 -0.001877 
370 47.478230 0.000000 9.861129 1990.833457 0.000000 19.158482 -0.001843 
371 47.284953 0.000000 10.043684 1990.857444 0.000000 19.130990 -0.001867 
372 47.381591 0.000000 9.587296 1990.796727 0.000000 20.515157 -0.001820 
373 47.284953 0.000000 9.587296 1990.789267 -0.000000 20.548456 -0.001813 
374 47.381591 0.000000 9.496019 1990.823754 -0.000000 20.518535 -0.001847 
375 47.478230 0.000000 9.587296 1990.790265 0.000000 20.523899 -0.001813 
376 47.381591 0.000000 9.678574 1990.804056 0.000000 20.396823 -0.001826 
377 181.225553 0.000000 -136.000407 1988.757616 0.000774 34.857407 0.000030 
378 181.225553 0.000000 -182.734516 1988.760484 0.000422 34.949991 0.000026 
379 230.704331 0.000000 -136.000407 1988.769833 0.000835 34.858755 0.000018 
380 -115.647118 0.000000 -136.000407 1988.750814 0.000100 35.068780 0.000034 
381 -165.125896 0.000000 -136.000407 1988.764686 0.000073 35.070826 0.000020 
382 -115.647118 0.000000 -182.734516 1988.756659 0.000086 35.061579 0.000028 
383 181.225553 0.000000 144.404248 1988.816394 0.000968 34.866476 -0.000029 
384 230.704331 0.000000 144.404248 1988.805113 0.001068 34.862661 -0.000017 
385 181.225553 0.000000 191.138357 1988.810510 0.000488 34.953810 -0.000024 
386 107.007385 0.000000 -65.899244 1988.688975 0.014300 34.230695 0.000110 
387 107.007385 0.000000 -89.266298 1988.692292 0.001155 34.599836 0.000101 
388 131.746774 0.000000 -65.899244 1988.731288 0.002452 34.233587 0.000068 
389 -16.689561 0.000000 144.404248 1988.865866 0.000239 35.020126 -0.000081 
390 -66.168339 0.000000 144.404248 1988.839525 0.000142 35.054280 -0.000055 
391 -16.689561 0.000000 191.138357 1988.833533 0.000159 35.031428 -0.000049 
392 -115.647118 0.000000 144.404248 1988.817921 0.000094 35.066740 -0.000034 
393 -165.125896 0.000000 144.404248 1988.804622 0.000067 35.069549 -0.000021 
394 -115.647118 0.000000 191.138357 1988.811719 0.000078 35.060449 -0.000027 
395 -41.428950 0.000000 -65.899244 1988.639497 0.005966 35.089893 0.000145 
396 -66.168339 0.000000 -65.899244 1988.699407 0.000215 35.101915 0.000085 
397 -41.428950 0.000000 -89.266298 1988.664702 0.000223 35.060648 0.000120 
398 107.007385 0.000000 74.303084 1988.902031 0.029012 34.348213 -0.000106 
399 131.746774 0.000000 74.303084 1988.862320 0.004198 34.333844 -0.000066 
400 107.007385 0.000000 97.670139 1988.882882 0.001832 34.654326 -0.000092 
401 69.898301 0.000000 -30.848662 1988.385205 0.020562 31.873423 0.000455 
402 69.898301 0.000000 -42.532189 1988.396754 -0.009180 33.205933 0.000422 
403 82.267996 0.000000 -30.848662 1988.575339 -0.007068 31.900047 0.000264 
404 8.049828 0.000000 74.303084 1989.096125 -0.015376 34.882842 -0.000310 
405 -16.689561 0.000000 74.303084 1989.006320 -0.011678 35.020412 -0.000222 
406 8.049828 0.000000 97.670139 1988.974094 -0.029701 34.936482 -0.000189 
407 -41.428950 0.000000 74.303084 1988.926031 -0.001466 35.077549 -0.000143 
408 -66.168339 0.000000 74.303084 1988.870959 0.000260 35.091910 -0.000088 
409 -41.428950 0.000000 97.670139 1988.897293 0.000303 35.053114 -0.000113 
410 -4.319866 0.000000 -30.848662 1988.105850 -0.011207 35.163066 0.000680 
411 -16.689561 0.000000 -30.848662 1988.393284 -0.005905 35.256223 0.000390 
412 -4.319866 0.000000 -42.532189 1988.255143 -0.029638 35.049021 0.000532 
413 69.898301 0.000000 39.252502 1989.233682 0.034827 32.807078 -0.000413 
414 82.267996 0.000000 39.252502 1989.039373 0.032566 32.765578 -0.000217 
415 69.898301 0.000000 50.936029 1989.075186 0.054209 33.693900 -0.000269 
416 51.343759 0.000000 -13.323371 1987.264936 -0.081841 25.201432 0.001677 
417 51.343759 0.000000 -19.165134 1987.485246 -0.011061 28.614558 0.001409 
418 57.528607 0.000000 -13.323371 1987.984138 -0.127809 25.377821 0.000952 
419 20.419523 0.000000 39.252502 1989.962542 0.041950 34.287524 -0.001171 
420 8.049828 0.000000 39.252502 1989.685022 -0.011624 34.798232 -0.000901 
421 20.419523 0.000000 50.936029 1989.457448 0.007855 34.539439 -0.000668 
422 -4.319866 0.000000 39.252502 1989.372257 -0.003628 35.060316 -0.000591 
423 -16.689561 0.000000 39.252502 1989.128207 -0.008834 35.121788 -0.000347 
424 -4.319866 0.000000 50.936029 1989.197210 -0.009115 34.968171 -0.000413 
425 26.604370 0.000000 21.727211 1992.042528 -0.021604 32.165748 -0.003229 
426 20.419523 0.000000 21.727211 1991.941489 -0.022159 33.467170 -0.003149 
427 26.604370 0.000000 27.568975 1991.264442 0.002895 33.105467 -0.002461 
428 14.234675 0.000000 21.727211 1991.446413 0.007029 34.651284 -0.002671 
429 8.049828 0.000000 21.727211 1990.657671 0.030859 35.159963 -0.001886 
430 14.234675 0.000000 27.568975 1990.648602 0.036052 34.509796 -0.001865 
431 23.511946 0.000000 -4.560725 1974.325009 0.107795 15.304339 0.014735 
432 23.511946 0.000000 -7.481607 1978.625190 0.077169 24.490890 0.010346 
433 35.881641 0.000000 7.122802 1993.204796 -0.312132 15.499929 -0.004199 
434 32.789217 0.000000 7.122802 1994.927106 -0.211688 15.812337 -0.005938 
435 35.881641 0.000000 10.043684 1993.348737 -0.100420 20.987650 -0.004395 
436 35.881641 0.000000 12.964566 1993.083048 -0.007522 24.686579 -0.004170 
437 32.789217 0.000000 12.964566 1993.825843 0.007494 25.356319 -0.004927 
438 35.881641 0.000000 15.885447 1992.410195 0.025180 27.416389 -0.003528 
439 29.696794 0.000000 7.122802 1997.297960 -0.117098 16.972081 -0.008339 
440 26.604370 0.000000 7.122802 1998.649685 -0.052683 20.286043 -0.009736 
441 29.696794 0.000000 10.043684 1995.583928 -0.026148 23.098613 -0.006672 
442 29.696794 0.000000 12.964566 1994.408261 -0.010484 26.498995 -0.005529 
443 26.604370 0.000000 12.964566 1994.934761 -0.003651 28.038849 -0.006081 
444 29.696794 0.000000 15.885447 1993.614765 0.015274 28.729651 -0.004760 
445 37.427853 0.000000 -3.100284 1991.477136 0.109617 5.745552 -0.002407 
446 37.427853 0.000000 -4.560725 1988.131991 0.021442 10.476545 0.000939 
447 38.974065 0.000000 -3.100284 1989.375401 0.093824 8.566419 -0.000302 
448 63.713454 0.000000 21.727211 1989.520919 0.062686 29.072799 -0.000644 
449 69.898301 0.000000 21.727211 1989.312145 0.058799 29.142551 -0.000435 
450 63.713454 0.000000 27.568975 1989.467946 0.026537 30.874747 -0.000618 
451 63.713454 0.000000 -1.639843 1989.299001 -1.724435 11.294821 -0.000240 
452 63.713454 0.000000 -7.481607 1988.595078 -0.708562 20.606125 0.000394 
453 69.898301 0.000000 -1.639843 1989.122460 -1.824650 11.466388 -0.000063 
454 48.251336 0.000000 -4.560725 1987.388449 -0.855185 16.206975 0.001647 
455 48.251336 0.000000 -7.481607 1987.074165 -0.432488 20.089488 0.001927 
456 51.343759 0.000000 -4.560725 1987.642925 -0.983588 16.321437 0.001390 
457 54.436183 0.000000 1.281038 1989.221097 3.008504 6.968200 -0.000143 
458 54.436183 0.000000 -1.639843 1987.484190 -0.252097 10.251395 0.001591 
459 57.528607 0.000000 1.281038 1989.301077 1.746422 7.677068 -0.000224 
460 49.797547 0.000000 5.662361 1990.324839 0.412331 14.128944 -0.001289 
461 49.797547 0.000000 4.201920 1990.184541 0.506836 10.860825 -0.001127 
462 51.343759 0.000000 5.662361 1990.178917 0.502166 14.047089 -0.001142 
463 43.612700 0.000000 5.662361 1991.219825 -0.000000 13.181090 -0.002183 
464 42.066488 0.000000 5.662361 1991.392869 0.000000 13.130430 -0.002357 
465 43.612700 0.000000 4.201920 1990.975658 0.000000 9.662766 -0.001917 
466 45.932018 0.000000 7.853022 1991.079320 0.000000 17.637519 -0.002076 
467 45.158912 0.000000 7.853022 1991.187603 0.000000 17.742122 -0.002186 
468 45.932018 0.000000 7.122802 1991.038499 0.000000 16.711278 -0.002027 
469 49.024441 0.000000 7.853022 1990.725423 0.000000 19.279715 -0.001736 
470 49.024441 0.000000 7.122802 1990.716607 0.000000 18.609731 -0.001720 
471 49.797547 0.000000 7.853022 1990.674855 0.000000 19.343025 -0.001685 
472 49.024441 0.000000 10.773904 1990.691644 -0.234189 22.000543 -0.001730 
473 49.797547 0.000000 10.773904 1990.619491 -0.218485 21.902483 -0.001656 
474 49.024441 0.000000 11.504125 1990.699185 -0.112673 22.765356 -0.001746 
475 47.864783 0.000000 10.408794 1990.746832 -0.344241 21.689430 -0.001782 
476 48.251336 0.000000 10.408794 1990.714292 -0.344467 21.610985 -0.001749 
477 47.864783 0.000000 10.773904 1990.753366 -0.222039 22.083100 -0.001793 
478 47.671506 0.000000 9.861129 1990.827360 0.000000 19.165429 -0.001837 
479 47.864783 0.000000 9.861129 1990.801667 0.000000 19.188633 -0.001811 
480 47.671506 0.000000 10.043684 1990.806928 0.000000 19.182012 -0.001817 
481 40.520276 0.000000 -0.179403 1988.248576 0.073898 0.598743 0.000849 
482 40.520276 0.000000 -1.639843 1988.377296 0.774716 15.540692 0.000659 
483 40.520276 0.000000 1.281038 1989.249134 -0.000000 -1.452714 -0.000157 
484 43.612700 0.000000 2.741479 1990.561490 -0.000000 5.353119 -0.001484 
485 42.066488 0.000000 2.741479 1990.601827 -0.000000 5.096272 -0.001524 
486 45.158912 0.000000 2.741479 1990.758807 0.000000 8.135112 -0.001692 
487 40.520276 0.000000 2.741479 1990.430522 -0.000000 4.767139 -0.001351 
488 38.974065 0.000000 2.741479 1990.039795 0.000000 3.815320 -0.000955 
489 40.520276 0.000000 4.201920 1991.023813 0.000000 8.789480 -0.001961 
490 40.520276 0.000000 -3.100284 1988.081576 -0.055833 10.193885 0.000991 
491 40.520276 0.000000 -4.560725 1987.175103 -0.194774 13.522208 0.001882 
492 42.066488 0.000000 -3.100284 1987.566919 -0.269708 10.927578 0.001504 
493 37.427853 0.000000 2.741479 1989.752385 0.000000 1.746417 -0.000663 
494 35.881641 0.000000 2.741479 1989.884122 0.000000 -1.216085 -0.000796 
495 37.427853 0.000000 4.201920 1990.570649 0.000000 5.548887 -0.001494 
496 34.335429 0.000000 2.741479 1989.808610 0.000000 -1.155305 -0.000720 
497 32.789217 0.000000 2.741479 1994.488439 -1.021441 -5.212723 -0.005439 
498 34.335429 0.000000 4.201920 1989.910906 0.000000 -1.438500 -0.000823 
499 23.511946 0.000000 7.122802 2000.190537 -0.027052 22.947748 -0.011322 
500 20.419523 0.000000 7.122802 2000.440093 -0.003512 27.749558 -0.011636 
501 23.511946 0.000000 10.043684 1996.342658 -0.014886 28.053534 -0.007501 
502 23.511946 0.000000 12.964566 1995.075379 0.003129 29.818113 -0.006249 
503 20.419523 0.000000 12.964566 1994.555806 0.008408 31.637011 -0.005753 
504 23.511946 0.000000 15.885447 1993.666174 0.008408 31.222375 -0.004850 
505 63.713454 0.000000 -13.323371 1988.320671 -0.145633 25.487837 0.000613 
506 63.713454 0.000000 -19.165134 1988.195117 -0.029428 28.551485 0.000697 
507 69.898301 0.000000 -13.323371 1988.559114 -0.142961 25.782133 0.000369 
508 54.436183 0.000000 -4.560725 1987.890114 -1.059245 16.281437 0.001142 
509 54.436183 0.000000 -7.481607 1987.852848 -0.568382 20.197315 0.001144 
510 57.528607 0.000000 -4.560725 1988.263912 -1.135773 16.071099 0.000768 
511 40.520276 0.000000 5.662361 1991.483021 0.000000 12.599914 -0.002444 
512 38.974065 0.000000 5.662361 1991.321433 0.000000 10.685496 -0.002270 
513 40.520276 0.000000 7.122802 1991.582810 0.000000 14.427132 -0.002557 
514 40.520276 0.000000 8.583243 1991.634368 0.000000 16.081583 -0.002622 
515 38.974065 0.000000 8.583243 1992.325967 -0.227760 18.575956 -0.003340 
516 40.520276 0.000000 10.043684 1992.054142 -0.170539 21.055915 -0.003091 
517 40.520276 0.000000 11.504125 1992.068501 -0.060147 22.807341 -0.003125 
518 38.974065 0.000000 11.504125 1992.447071 -0.061890 22.756709 -0.003506 
519 40.520276 0.000000 12.964566 1992.062402 -0.016865 24.315777 -0.003137 
520 46.705124 0.000000 2.741479 1990.262877 -3.203153 6.130661 -0.001188 
521 46.705124 0.000000 1.281038 1989.443434 1.858621 2.526783 -0.000354 
522 48.251336 0.000000 2.741479 1990.067557 -3.613095 6.850118 -0.000995 
523 43.612700 0.000000 -3.100284 1987.546040 -0.436833 11.837464 0.001520 
524 43.612700 0.000000 -4.560725 1986.862023 -0.520699 14.590865 0.002188 
525 45.158912 0.000000 -3.100284 1987.543404 -0.539524 12.555411 0.001518 
526 17.327099 0.000000 7.122802 1999.312570 0.004986 32.556091 -0.010569 
527 14.234675 0.000000 7.122802 1995.753692 0.007328 35.685494 -0.007030 
528 17.327099 0.000000 10.043684 1995.574610 0.003989 32.869660 -0.006800 
529 17.327099 0.000000 12.964566 1994.026956 0.003767 33.403570 -0.005249 
530 14.234675 0.000000 12.964566 1993.148290 -0.008435 34.758259 -0.004387 
531 17.327099 0.000000 15.885447 1992.992007 -0.006531 33.721495 -0.004211 
532 37.427853 0.000000 5.662361 1991.077686 0.000000 8.812242 -0.002016 
533 35.881641 0.000000 5.662361 1992.628733 -0.549543 11.537415 -0.003592 
534 37.427853 0.000000 7.122802 1992.561201 -0.357334 15.407495 -0.003550 
535 37.427853 0.000000 8.583243 1992.817008 -0.207038 18.510703 -0.003834 
536 35.881641 0.000000 8.583243 1993.394416 -0.163487 18.343057 -0.004414 
537 37.427853 0.000000 10.043684 1992.794539 -0.101452 20.999042 -0.003836 
538 37.427853 0.000000 11.504125 1992.807526 -0.061950 22.859639 -0.003870 
539 35.881641 0.000000 11.504125 1993.131126 -0.056998 23.107716 -0.004199 
540 37.427853 0.000000 12.964566 1992.690152 -0.025824 24.511684 -0.003772 
541 46.705124 0.000000 -0.179403 1987.957976 -13.846178 14.195253 0.001042 
542 46.705124 0.000000 -1.639843 1987.663361 0.340530 10.933863 0.001407 
543 48.251336 0.000000 -0.179403 1987.988284 -14.069071 16.572020 0.000991 
544 49.797547 0.000000 2.741479 1989.904371 0.890706 7.597207 -0.000830 
545 49.797547 0.000000 1.281038 1989.318736 2.309657 4.796271 -0.000234 
546 51.343759 0.000000 2.741479 1989.780413 1.061100 7.913477 -0.000707 
547 34.335429 0.000000 5.662361 1993.648042 -0.448308 11.102171 -0.004616 
548 32.789217 0.000000 5.662361 1995.164005 -0.350364 10.888309 -0.006143 
549 34.335429 0.000000 7.122802 1993.901119 -0.246342 15.542692 -0.004901 
550 34.335429 0.000000 8.583243 1994.040153 -0.150437 18.757009 -0.005069 
551 32.789217 0.000000 8.583243 1994.591559 -0.132886 19.071097 -0.005628 
552 34.335429 0.000000 10.043684 1993.938804 -0.087790 21.082373 -0.004990 
553 34.335429 0.000000 11.504125 1993.659938 -0.039737 23.259523 -0.004734 
554 32.789217 0.000000 11.504125 1994.169909 -0.024888 23.589461 -0.005252 
555 34.335429 0.000000 12.964566 1993.415715 -0.021823 25.029641 -0.004509 
556 46.705124 0.000000 -3.100284 1987.526924 -0.617840 13.045855 0.001531 
557 46.705124 0.000000 -4.560725 1987.154319 -0.761400 15.553662 0.001887 
558 48.251336 0.000000 -3.100284 1987.592688 -0.713889 13.548866 0.001462 
1 79 97 95 96 
2 97 72 88 95 
3 95 88 5 98 
4 96 95 98 82 
5 7 101 99 100 
6 101 12 102 99 
7 99 102 10 25 
8 100 99 25 11 
9 11 105 103 104 
10 105 25 106 103 
11 103 106 23 41 
12 104 103 41 24 
13 24 109 107 108 
14 109 41 110 107 
15 107 110 39 57 
16 108 107 57 40 
17 40 113 111 112 
18 113 57 114 111 
19 111 114 55 73 
20 112 111 73 56 
21 56 117 115 116 
22 117 73 118 115 
23 72 121 119 120 
24 119 122 87 123 
25 120 119 123 88 
26 14 125 124 37 
27 125 8 126 124 
28 124 126 21 127 
29 37 124 127 19 
30 27 129 128 53 
31 129 14 130 128 
32 128 130 37 131 
33 53 128 131 35 
34 133 27 134 132 
35 132 134 53 135 
36 10 141 140 26 
37 141 13 142 140 
38 140 142 8 125 
39 26 140 125 14 
40 23 144 143 42 
41 144 26 145 143 
42 143 145 14 129 
43 42 143 129 27 
44 147 42 148 146 
45 146 148 27 133 
46 20 38 161 162 
47 38 19 163 161 
48 161 163 22 164 
49 162 161 164 9 
50 36 54 165 166 
51 54 35 167 165 
52 165 167 38 168 
53 166 165 168 20 
54 52 70 169 170 
55 70 51 171 169 
56 169 171 54 172 
57 170 169 172 36 
58 67 139 173 174 
59 139 69 175 173 
60 173 175 51 176 
61 174 173 176 70 
62 177 179 139 180 
63 178 177 180 67 
64 43 187 186 138 
65 187 133 188 186 
66 186 188 132 189 
67 138 186 189 69 
68 137 191 190 155 
69 191 43 192 190 
70 190 192 138 193 
71 155 190 193 136 
72 195 155 196 194 
73 194 196 136 197 
74 68 86 198 199 
75 86 67 174 198 
76 198 174 70 200 
77 199 198 200 52 
78 201 178 67 203 
79 202 201 203 86 
80 204 206 177 207 
81 205 204 207 178 
82 157 215 213 214 
83 215 153 182 213 
84 213 182 85 216 
85 214 213 216 160 
86 182 219 217 218 
87 219 181 209 217 
88 217 209 185 220 
89 218 217 220 85 
90 136 193 221 179 
91 193 138 222 221 
92 221 222 69 223 
93 179 221 223 139 
94 197 136 225 224 
95 224 225 179 226 
96 206 224 226 177 
97 227 229 206 230 
98 228 227 230 204 
99 209 233 231 232 
100 232 231 235 185 
101 238 149 239 236 
102 59 242 240 241 
103 242 154 243 240 
104 240 243 152 183 
105 241 240 183 153 
106 183 246 244 245 
107 246 152 247 244 
108 244 247 184 210 
109 245 244 210 181 
110 181 250 248 249 
111 250 210 251 248 
112 248 251 208 233 
113 249 248 233 209 
114 184 253 252 211 
115 253 194 254 252 
116 252 254 197 255 
117 211 252 255 156 
118 257 211 258 256 
119 256 258 156 259 
120 233 262 260 261 
121 262 208 263 260 
122 261 260 264 231 
123 73 268 267 118 
124 268 55 269 267 
125 266 272 270 271 
126 272 74 273 270 
127 270 273 237 274 
128 271 270 274 265 
129 17 277 275 276 
130 277 7 100 275 
131 275 100 11 33 
132 276 275 33 15 
133 33 280 278 279 
134 280 11 104 278 
135 278 104 24 49 
136 279 278 49 31 
137 49 283 281 282 
138 283 24 108 281 
139 281 108 40 65 
140 282 281 65 47 
141 65 286 284 285 
142 286 40 112 284 
143 284 112 56 81 
144 285 284 81 63 
145 81 289 287 288 
146 289 56 116 287 
147 287 116 72 97 
148 288 287 97 79 
149 116 292 290 291 
150 292 115 293 290 
151 290 293 89 121 
152 291 290 121 72 
153 89 295 294 122 
154 295 71 296 294 
155 294 296 90 297 
156 122 294 297 87 
157 121 300 298 299 
158 300 89 301 298 
159 298 301 122 302 
160 299 298 302 119 
161 16 305 303 304 
162 305 15 32 303 
163 303 32 18 306 
164 304 303 306 6 
165 32 309 307 308 
166 309 31 48 307 
167 307 48 34 310 
168 308 307 310 18 
169 48 313 311 312 
170 313 47 64 311 
171 311 64 50 314 
172 312 311 314 34 
173 64 317 315 316 
174 316 315 318 50 
175 6 306 319 320 
176 306 18 45 319 
177 319 45 28 321 
178 320 319 321 29 
179 18 310 322 323 
180 310 34 61 322 
181 322 61 44 324 
182 323 322 324 45 
183 34 314 325 326 
184 314 50 77 325 
185 325 77 60 327 
186 326 325 327 61 
187 50 318 328 329 
188 329 328 330 77 
189 315 333 331 332 
190 331 334 66 335 
191 332 331 335 318 
192 47 338 336 337 
193 338 65 285 336 
194 336 285 63 317 
195 337 336 317 64 
196 317 341 339 340 
197 341 63 342 339 
198 339 342 80 333 
199 340 339 333 315 
200 80 344 343 334 
201 344 79 96 343 
202 343 96 82 345 
203 334 343 345 66 
204 333 348 346 347 
205 348 80 349 346 
206 346 349 334 350 
207 347 346 350 331 
208 210 352 351 251 
209 352 184 353 351 
210 351 353 211 257 
211 251 351 257 208 
212 208 355 354 263 
213 355 257 356 354 
214 354 356 256 357 
215 263 354 357 234 
216 160 216 358 359 
217 216 85 205 358 
218 358 205 178 360 
219 359 358 360 201 
220 85 220 361 362 
221 220 185 228 361 
222 361 228 204 363 
223 362 361 363 205 
224 185 235 364 365 
225 235 212 366 364 
226 364 366 227 367 
227 365 364 367 228 
228 231 264 368 369 
229 264 234 370 368 
230 368 370 212 371 
231 369 368 371 235 
232 260 374 372 373 
233 374 263 375 372 
234 372 375 234 376 
235 373 372 376 264 
236 12 378 377 102 
237 378 2 379 377 
238 377 379 13 141 
239 102 377 141 10 
240 1 382 380 381 
241 382 17 276 380 
242 380 276 15 305 
243 381 380 305 16 
244 19 127 383 163 
245 127 21 384 383 
246 383 384 3 385 
247 163 383 385 22 
248 25 387 386 106 
249 387 10 388 386 
250 386 388 26 144 
251 106 386 144 23 
252 28 46 389 390 
253 46 20 162 389 
254 389 162 9 391 
255 390 389 391 30 
256 29 321 392 393 
257 321 28 390 392 
258 392 390 30 394 
259 393 392 394 4 
260 15 397 395 396 
261 397 33 279 395 
262 395 279 31 309 
263 396 395 309 32 
264 35 131 398 167 
265 131 37 399 398 
266 398 399 19 400 
267 167 398 400 38 
268 41 402 401 110 
269 402 23 403 401 
270 401 403 42 147 
271 110 401 147 39 
272 44 62 404 405 
273 62 36 166 404 
274 404 166 20 406 
275 405 404 406 46 
276 45 324 407 408 
277 324 44 405 407 
278 407 405 46 409 
279 408 407 409 28 
280 31 412 410 411 
281 412 49 282 410 
282 410 282 47 313 
283 411 410 313 48 
284 51 135 413 171 
285 135 53 414 413 
286 413 414 35 415 
287 171 413 415 54 
288 57 417 416 114 
289 417 39 418 416 
290 416 418 58 150 
291 114 416 150 55 
292 60 78 419 420 
293 78 52 170 419 
294 419 170 36 421 
295 420 419 421 62 
296 61 327 422 423 
297 327 60 420 422 
298 422 420 62 424 
299 423 422 424 44 
300 76 94 425 426 
301 94 68 199 425 
302 425 199 52 427 
303 426 425 427 78 
304 77 330 428 429 
305 330 76 426 428 
306 428 426 78 430 
307 429 428 430 60 
308 63 432 431 342 
309 432 81 288 431 
310 431 288 79 344 
311 342 431 344 80 
312 436 202 86 438 
313 437 436 438 68 
314 82 98 439 440 
315 98 5 434 439 
316 439 434 84 441 
317 440 439 441 92 
318 92 441 442 443 
319 441 84 437 442 
320 442 437 68 444 
321 443 442 444 94 
322 115 446 445 293 
323 446 118 447 445 
324 445 447 71 295 
325 293 445 295 89 
326 69 189 448 175 
327 189 132 449 448 
328 448 449 135 450 
329 175 448 450 51 
330 58 452 451 151 
331 452 146 453 451 
332 451 453 133 187 
333 151 451 187 43 
334 55 455 454 269 
335 455 150 456 454 
336 454 456 149 238 
337 149 458 457 239 
338 458 151 459 457 
339 457 459 43 191 
340 239 457 191 137 
341 154 461 460 243 
342 461 137 462 460 
343 460 462 155 195 
344 243 460 195 152 
345 159 465 463 464 
346 465 59 241 463 
347 463 241 153 215 
348 464 463 215 157 
349 153 468 466 467 
350 468 183 245 466 
351 466 245 181 219 
352 467 466 219 182 
353 152 470 469 247 
354 470 195 471 469 
355 469 471 194 253 
356 247 469 253 184 
357 156 255 472 229 
358 255 197 473 472 
359 472 473 224 474 
360 229 472 474 206 
361 212 259 475 366 
362 259 156 476 475 
363 475 476 229 477 
364 366 475 477 227 
365 234 357 478 370 
366 357 256 479 478 
367 478 479 259 480 
368 370 478 480 212 
369 71 482 481 296 
370 482 266 271 481 
371 481 271 265 483 
372 296 481 483 90 
373 265 274 484 485 
374 274 237 486 484 
375 484 486 59 465 
376 485 484 465 159 
377 90 483 487 488 
378 483 265 485 487 
379 487 485 159 489 
380 488 487 489 75 
381 118 491 490 447 
382 491 267 492 490 
383 490 492 266 482 
384 447 490 482 71 
385 87 297 493 494 
386 297 90 488 493 
387 493 488 75 495 
388 494 493 495 91 
389 88 123 496 497 
390 123 87 494 496 
391 496 494 91 498 
392 497 496 498 5 
393 66 345 499 500 
394 345 82 440 499 
395 499 440 92 501 
396 500 499 501 93 
397 93 501 502 503 
398 501 92 443 502 
399 502 443 94 504 
400 503 502 504 76 
401 39 506 505 418 
402 506 147 507 505 
403 505 507 146 452 
404 418 505 452 58 
405 150 509 508 456 
406 509 58 510 508 
407 508 510 151 458 
408 456 508 458 149 
409 75 489 511 512 
410 489 159 464 511 
411 511 464 157 513 
412 512 511 513 158 
413 158 513 514 515 
414 513 157 214 514 
415 514 214 160 516 
416 515 514 516 83 
417 83 516 517 518 
418 516 160 359 517 
419 517 359 201 519 
420 518 517 519 202 
421 237 521 520 486 
422 521 236 522 520 
423 520 522 154 242 
424 486 520 242 59 
425 267 524 523 492 
426 524 269 525 523 
427 523 525 74 272 
428 492 523 272 266 
429 318 335 526 527 
430 335 66 500 526 
431 526 500 93 528 
432 527 526 528 328 
433 328 528 529 530 
434 528 93 503 529 
435 529 503 76 531 
436 530 529 531 330 
437 91 495 532 533 
438 495 75 512 532 
439 532 512 158 534 
440 533 532 534 433 
441 433 534 535 536 
442 534 158 515 535 
443 535 515 83 537 
444 536 535 537 435 
445 435 537 538 539 
446 537 83 518 538 
447 538 518 202 540 
448 539 538 540 436 
449 74 542 541 273 
450 542 238 543 541 
451 541 543 236 521 
452 273 541 521 237 
453 236 545 544 522 
454 545 239 546 544 
455 544 546 137 461 
456 522 544 461 154 
457 5 498 547 548 
458 498 91 533 547 
459 547 533 433 549 
460 548 547 549 434 
461 434 549 550 551 
462 549 433 536 550 
463 550 536 435 552 
464 551 550 552 84 
465 84 552 553 554 
466 552 435 539 553 
467 553 539 436 555 
468 554 553 555 437 
469 269 557 556 525 
470 557 454 558 556 
471 556 558 238 542 
472 525 556 542 74 
