2 0.000000 1989.093400 115197.572811
558 472 
1 -165.125896 0.000000 -182.734516 1988.772512 -0.000187 34.718362 0.000018 
2 230.704331 0.000000 -182.734516 1988.775537 -0.001210 34.604055 0.000017 
3 230.704331 0.000000 191.138357 1988.808255 -0.001630 34.606221 -0.000016 
4 -165.125896 0.000000 191.138357 1988.808517 -0.000220 34.717492 -0.000018 
5 32.789217 0.000000 4.201920 1994.016340 0.058163 5.300573 -0.004963 
6 -165.125896 0.000000 4.201920 1988.791918 -0.000316 34.739600 -0.000002 
7 32.789217 0.000000 -182.734516 1988.736174 -0.000650 34.656678 0.000056 
8 230.704331 0.000000 4.201920 1989.246819 1.509367 8.625479 -0.000174 
9 32.789217 0.000000 191.138357 1988.841869 -0.000875 34.659990 -0.000051 
10 131.746774 0.000000 -89.266298 1988.733579 -0.004273 34.260482 0.000065 
11 32.789217 0.000000 -89.266298 1988.568041 0.013097 34.464938 0.000228 
12 131.746774 0.000000 -182.734516 1988.755701 -0.000999 34.613543 0.000037 
13 230.704331 0.000000 -89.266298 1988.782367 -0.004736 34.280532 0.000016 
14 131.746774 0.000000 4.201920 1989.198488 1.957044 11.578741 -0.000141 
15 -66.168339 0.000000 -89.266298 1988.713618 -0.000540 34.731580 0.000077 
16 -165.125896 0.000000 -89.266298 1988.773346 -0.000261 34.730334 0.000017 
17 -66.168339 0.000000 -182.734516 1988.751746 -0.000349 34.704460 0.000039 
18 -66.168339 0.000000 4.201920 1988.801426 -0.000675 34.820955 -0.000013 
19 131.746774 0.000000 97.670139 1988.857814 -0.006918 34.307688 -0.000061 
20 32.789217 0.000000 97.670139 1988.986270 0.031296 34.498396 -0.000193 
21 230.704331 0.000000 97.670139 1988.812857 -0.007886 34.294876 -0.000015 
22 131.746774 0.000000 191.138357 1988.825869 -0.001351 34.618990 -0.000034 
23 82.267996 0.000000 -42.532189 1988.611560 -0.072514 32.910698 0.000211 
24 32.789217 0.000000 -42.532189 1987.797240 -0.034838 33.627142 0.001017 
25 82.267996 0.000000 -89.266298 1988.653625 -0.035858 34.292161 0.000145 
26 131.746774 0.000000 -42.532189 1988.765670 0.000832 32.980136 0.000055 
27 82.267996 0.000000 4.201920 1989.212509 1.225680 12.812225 -0.000162 
28 -66.168339 0.000000 97.670139 1988.865817 -0.000736 34.725155 -0.000076 
29 -165.125896 0.000000 97.670139 1988.808900 -0.000292 34.728890 -0.000019 
30 -66.168339 0.000000 191.138357 1988.827764 -0.000441 34.703643 -0.000037 
31 -16.689561 0.000000 -42.532189 1988.484107 -0.001271 34.745972 0.000307 
32 -66.168339 0.000000 -42.532189 1988.716706 -0.000687 34.785009 0.000073 
33 -16.689561 0.000000 -89.266298 1988.625561 0.004331 34.666883 0.000167 
34 -16.689561 0.000000 4.201920 1988.891509 -0.020363 35.208562 -0.000110 
35 82.267996 0.000000 50.936029 1988.991839 -0.043937 33.349438 -0.000179 
36 32.789217 0.000000 50.936029 1989.444570 -0.074924 33.925293 -0.000644 
37 131.746774 0.000000 50.936029 1988.870634 -0.049031 33.283267 -0.000056 
38 82.267996 0.000000 97.670139 1988.921128 -0.006923 34.352057 -0.000125 
39 57.528607 0.000000 -19.165134 1987.905047 -0.038807 28.133278 0.000994 
40 32.789217 0.000000 -19.165134 1985.602842 0.000135 30.030922 0.003279 
41 57.528607 0.000000 -42.532189 1988.234923 0.017147 33.050379 0.000587 
42 82.267996 0.000000 -19.165134 1988.690689 -0.043780 28.699582 0.000197 
43 57.528607 0.000000 4.201920 1989.229946 1.177520 12.418953 -0.000177 
44 -16.689561 0.000000 50.936029 1989.073158 -0.010885 34.714521 -0.000284 
45 -66.168339 0.000000 50.936029 1988.872177 -0.000855 34.772929 -0.000083 
46 -16.689561 0.000000 97.670139 1988.941565 -0.001509 34.665485 -0.000151 
47 8.049828 0.000000 -19.165134 1986.766315 -0.040594 35.042357 0.002028 
48 -16.689561 0.000000 -19.165134 1988.448901 -0.002290 35.046974 0.000337 
49 8.049828 0.000000 -42.532189 1988.055515 -0.020882 34.454034 0.000743 
50 8.049828 0.000000 4.201920 1990.664091 -0.029327 37.793436 -0.001941 
51 57.528607 0.000000 27.568975 1989.706164 -0.114220 30.666371 -0.000854 
52 32.789217 0.000000 27.568975 1990.877345 -0.069085 32.064408 -0.002054 
53 82.267996 0.000000 27.568975 1989.100733 -0.136422 30.688774 -0.000245 
54 57.528607 0.000000 50.936029 1989.253356 -0.063254 33.452857 -0.000444 
55 45.158912 0.000000 -7.481607 1986.076016 -0.179629 18.238777 0.002948 
56 32.789217 0.000000 -7.481607 1983.481875 0.269122 17.340084 0.005558 
57 45.158912 0.000000 -19.165134 1986.820169 -0.009397 28.510454 0.002079 
58 57.528607 0.000000 -7.481607 1988.428150 -0.544415 18.707496 0.000580 
59 45.158912 0.000000 4.201920 1991.432730 0.000000 10.044346 -0.002379 
60 8.049828 0.000000 27.568975 1990.198681 -0.054968 34.637268 -0.001415 
61 -16.689561 0.000000 27.568975 1989.171489 -0.014605 34.941686 -0.000387 
62 8.049828 0.000000 50.936029 1989.362797 -0.015454 34.479467 -0.000571 
63 20.419523 0.000000 -7.481607 1978.673155 -0.006275 28.469903 0.010245 
64 8.049828 0.000000 -7.481607 1986.389448 -0.011139 36.606948 0.002378 
65 20.419523 0.000000 -19.165134 1985.510982 -0.001289 32.934851 0.003325 
66 20.419523 0.000000 4.201920 2005.322124 -0.129758 19.399771 -0.016479 
67 45.158912 0.000000 15.885447 1991.049908 -0.287773 26.572966 -0.002147 
68 32.789217 0.000000 15.885447 1992.947800 -0.160592 27.967931 -0.004077 
69 57.528607 0.000000 15.885447 1989.837870 -0.312513 26.106948 -0.000921 
70 45.158912 0.000000 27.568975 1990.359807 -0.099913 31.058998 -0.001518 
71 38.974065 0.000000 -1.639843 1988.159125 2.438988 15.592872 0.000876 
72 32.789217 0.000000 -1.639843 1983.006572 1.973578 -23.763976 0.005967 
73 38.974065 0.000000 -7.481607 1985.650297 0.272629 18.118929 0.003376 
74 45.158912 0.000000 -1.639843 1987.588615 3.309161 15.462753 0.001449 
75 38.974065 0.000000 4.201920 1991.151700 0.000000 9.348771 -0.002093 
76 20.419523 0.000000 15.885447 1993.353525 -0.072132 32.303296 -0.004552 
77 8.049828 0.000000 15.885447 1991.019319 -0.026902 35.333933 -0.002253 
78 20.419523 0.000000 27.568975 1990.949700 -0.033876 33.613559 -0.002153 
79 26.604370 0.000000 -1.639843 1987.489232 0.208797 -47.937887 0.001031 
80 20.419523 0.000000 -1.639843 1956.467571 0.037042 -4.962616 0.032529 
81 26.604370 0.000000 -7.481607 1980.050773 0.048866 21.413470 0.008956 
82 26.604370 0.000000 4.201920 2001.543843 -0.212537 8.600486 -0.012577 
83 38.974065 0.000000 10.043684 1992.485623 -0.372551 21.488800 -0.003530 
84 32.789217 0.000000 10.043684 1994.028318 -0.204663 22.379984 -0.005095 
85 45.158912 0.000000 10.043684 1991.510403 0.000000 19.445531 -0.002527 
86 38.974065 0.000000 15.885447 1991.918292 -0.223875 27.060369 -0.003027 
87 35.881641 0.000000 1.281038 1985.938002 0.000000 -11.071860 0.003139 
88 32.789217 0.000000 1.281038 1991.993179 -0.505470 -19.833869 -0.003017 
89 35.881641 0.000000 -1.639843 1987.602496 2.697239 15.605251 0.001435 
90 38.974065 0.000000 1.281038 1988.419719 -0.000000 -2.570409 0.000676 
91 35.881641 0.000000 4.201920 1989.973321 0.000000 3.049859 -0.000887 
92 26.604370 0.000000 10.043684 1995.859935 -0.168782 25.367737 -0.006978 
93 20.419523 0.000000 10.043684 1995.945224 -0.097595 30.311863 -0.007133 
94 26.604370 0.000000 15.885447 1993.464661 -0.124123 29.820946 -0.004625 
95 29.696794 0.000000 1.281038 1987.264157 -0.018103 -48.178595 0.001252 
96 26.604370 0.000000 1.281038 1987.797141 0.183547 -47.898031 0.000723 
97 29.696794 0.000000 -1.639843 1987.264157 -0.018103 -48.178595 0.001252 
98 29.696794 0.000000 4.201920 1998.059388 -0.107683 6.221427 -0.009045 
99 82.267996 0.000000 -136.000407 1988.712745 -0.001499 34.549228 0.000081 
100 32.789217 0.000000 -136.000407 1988.691864 -0.001040 34.608755 0.000101 
101 82.267996 0.000000 -182.734516 1988.743138 -0.000833 34.630224 0.000049 
102 131.746774 0.000000 -136.000407 1988.743534 -0.001834 34.522315 0.000051 
103 57.528607 0.000000 -65.899244 1988.538195 -0.000426 34.033287 0.000265 
104 32.789217 0.000000 -65.899244 1988.440441 0.000169 34.251317 0.000360 
105 57.528607 0.000000 -89.266298 1988.602192 0.012358 34.358544 0.000195 
106 82.267996 0.000000 -65.899244 1988.620686 0.015263 33.924224 0.000184 
107 45.158912 0.000000 -30.848662 1987.482534 0.004653 31.851114 0.001363 
108 32.789217 0.000000 -30.848662 1987.019289 0.031667 32.668043 0.001815 
109 45.158912 0.000000 -42.532189 1987.998548 -0.037949 33.278322 0.000821 
110 57.528607 0.000000 -30.848662 1988.024954 -0.004008 31.524331 0.000823 
111 38.974065 0.000000 -13.323371 1985.449563 0.036297 25.385396 0.003498 
112 32.789217 0.000000 -13.323371 1984.253519 0.036043 26.223384 0.004687 
113 38.974065 0.000000 -19.165134 1986.238375 0.008451 29.245161 0.002652 
114 45.158912 0.000000 -13.323371 1986.494060 -0.006107 25.060108 0.002453 
115 35.881641 0.000000 -4.560725 1987.201501 0.937282 7.628268 0.001886 
116 32.789217 0.000000 -4.560725 1983.394417 0.722335 5.492198 0.005714 
117 35.881641 0.000000 -7.481607 1985.013894 0.336434 17.256994 0.004022 
118 38.974065 0.000000 -4.560725 1986.992365 0.802673 11.365686 0.002079 
119 34.335429 0.000000 -0.179403 1984.398723 0.521532 -39.727649 0.004316 
120 32.789217 0.000000 -0.179403 1987.207522 -9.306830 -44.892171 0.001364 
121 34.335429 0.000000 -1.639843 1987.814977 2.311214 -25.506313 0.001119 
122 35.881641 0.000000 -0.179403 1983.952075 1.440744 1.096720 0.005162 
123 34.335429 0.000000 1.281038 1988.119786 0.000000 -17.588156 0.000901 
124 181.225553 0.000000 50.936029 1988.836578 -0.034991 33.255684 -0.000021 
125 181.225553 0.000000 4.201920 1989.233573 3.405090 9.407044 -0.000166 
126 230.704331 0.000000 50.936029 1988.826105 -0.036684 33.219585 -0.000010 
127 181.225553 0.000000 97.670139 1988.826393 -0.007499 34.298734 -0.000029 
128 107.007385 0.000000 27.568975 1988.929542 -0.144409 30.676395 -0.000073 
129 107.007385 0.000000 4.201920 1989.189390 2.362041 12.278028 -0.000136 
130 131.746774 0.000000 27.568975 1988.898257 -0.117484 30.612874 -0.000041 
131 107.007385 0.000000 50.936029 1988.913256 -0.040787 33.300727 -0.000099 
132 69.898301 0.000000 15.885447 1989.284548 -0.342576 26.321399 -0.000367 
133 69.898301 0.000000 4.201920 1989.285979 1.241358 12.891913 -0.000236 
134 82.267996 0.000000 15.885447 1989.095977 -0.362346 26.436512 -0.000179 
135 69.898301 0.000000 27.568975 1989.278946 -0.126727 30.700940 -0.000425 
136 51.343759 0.000000 10.043684 1990.476988 -1.656018 21.225347 -0.001506 
137 51.343759 0.000000 4.201920 1989.987607 1.182835 11.430453 -0.000933 
138 57.528607 0.000000 10.043684 1989.693525 -1.803417 21.423764 -0.000720 
139 51.343759 0.000000 15.885447 1990.298339 -0.297008 26.249398 -0.001386 
140 181.225553 0.000000 -42.532189 1988.798887 -0.015026 33.059132 0.000020 
141 181.225553 0.000000 -89.266298 1988.768238 -0.004591 34.268488 0.000030 
142 230.704331 0.000000 -42.532189 1988.808572 -0.014841 33.125564 0.000009 
143 107.007385 0.000000 -19.165134 1988.830812 -0.107983 28.956105 0.000052 
144 107.007385 0.000000 -42.532189 1988.721635 -0.001122 32.938229 0.000100 
145 131.746774 0.000000 -19.165134 1988.856671 -0.047570 29.146269 0.000023 
146 69.898301 0.000000 -7.481607 1988.868158 -0.403233 20.153795 0.000124 
147 69.898301 0.000000 -19.165134 1988.469782 -0.050548 28.410101 0.000423 
148 82.267996 0.000000 -7.481607 1988.937084 -0.395315 20.758213 0.000048 
149 51.343759 0.000000 -1.639843 1987.201286 -0.052508 12.003644 0.001865 
150 51.343759 0.000000 -7.481607 1987.467887 -0.422482 18.441579 0.001548 
151 57.528607 0.000000 -1.639843 1988.534762 0.856701 10.321907 0.000535 
152 48.251336 0.000000 7.122802 1991.048399 0.000000 18.296690 -0.002051 
153 45.158912 0.000000 7.122802 1991.488979 0.000000 17.578654 -0.002488 
154 48.251336 0.000000 4.201920 1990.708523 1.215367 10.973816 -0.001655 
155 51.343759 0.000000 7.122802 1990.326927 0.319118 17.241403 -0.001316 
156 48.251336 0.000000 10.043684 1990.935322 0.000000 19.613361 -0.001950 
157 42.066488 0.000000 7.122802 1991.861402 0.000000 16.871127 -0.002857 
158 38.974065 0.000000 7.122802 1991.862564 0.000000 13.685589 -0.002834 
159 42.066488 0.000000 4.201920 1991.633459 -0.000000 10.325532 -0.002583 
160 42.066488 0.000000 10.043684 1991.683845 0.000000 19.439363 -0.002702 
161 82.267996 0.000000 144.404248 1988.864482 -0.002162 34.564722 -0.000072 
162 32.789217 0.000000 144.404248 1988.881132 -0.001529 34.617881 -0.000089 
163 131.746774 0.000000 144.404248 1988.839785 -0.002646 34.536485 -0.000046 
164 82.267996 0.000000 191.138357 1988.836401 -0.001131 34.635590 -0.000045 
165 57.528607 0.000000 74.303084 1989.050502 -0.006639 34.156281 -0.000252 
166 32.789217 0.000000 74.303084 1989.118068 -0.004882 34.335198 -0.000323 
167 82.267996 0.000000 74.303084 1988.967409 -0.025198 34.064857 -0.000167 
168 57.528607 0.000000 97.670139 1988.962781 0.029302 34.410700 -0.000168 
169 45.158912 0.000000 39.252502 1989.763911 -0.050305 32.915434 -0.000948 
170 32.789217 0.000000 39.252502 1989.996160 -0.029543 33.404029 -0.001190 
171 57.528607 0.000000 39.252502 1989.445020 -0.086636 32.675468 -0.000623 
172 45.158912 0.000000 50.936029 1989.356608 0.005884 33.641959 -0.000551 
173 51.343759 0.000000 21.727211 1990.098491 -0.160984 29.108009 -0.001225 
174 45.158912 0.000000 21.727211 1990.579624 -0.146078 29.419197 -0.001714 
175 57.528607 0.000000 21.727211 1989.803188 -0.180616 28.913626 -0.000925 
176 51.343759 0.000000 27.568975 1990.009797 -0.112025 30.811083 -0.001162 
177 48.251336 0.000000 12.964566 1990.836123 -0.419010 24.236478 -0.001902 
178 45.158912 0.000000 12.964566 1991.243709 -0.406807 24.479037 -0.002315 
179 51.343759 0.000000 12.964566 1990.411351 -0.455949 24.108372 -0.001473 
180 48.251336 0.000000 15.885447 1990.719663 -0.298074 26.283085 -0.001810 
181 46.705124 0.000000 8.583243 1991.172702 0.000000 18.983375 -0.002183 
182 45.158912 0.000000 8.583243 1991.443068 0.000000 19.196279 -0.002457 
183 46.705124 0.000000 7.122802 1991.218971 -0.000000 17.217375 -0.002213 
184 48.251336 0.000000 8.583243 1990.874896 0.000000 19.661009 -0.001890 
185 46.705124 0.000000 10.043684 1991.202223 -0.000000 19.462247 -0.002217 
186 63.713454 0.000000 10.043684 1989.399420 -2.054111 21.596503 -0.000427 
187 63.713454 0.000000 4.201920 1989.307719 1.187399 12.990847 -0.000259 
188 69.898301 0.000000 10.043684 1989.257401 -2.647718 21.801942 -0.000287 
189 63.713454 0.000000 15.885447 1989.491698 -0.328233 26.189127 -0.000574 
190 54.436183 0.000000 7.122802 1989.847469 0.291031 17.398705 -0.000835 
191 54.436183 0.000000 4.201920 1989.448640 1.190238 12.055432 -0.000394 
192 57.528607 0.000000 7.122802 1989.560682 0.277381 17.566423 -0.000548 
193 54.436183 0.000000 10.043684 1990.033832 -1.711723 21.283708 -0.001061 
194 49.797547 0.000000 8.583243 1990.855044 0.000000 19.681828 -0.001870 
195 49.797547 0.000000 7.122802 1990.586108 0.347716 17.265826 -0.001577 
196 51.343759 0.000000 8.583243 1990.387416 0.150069 19.435731 -0.001397 
197 49.797547 0.000000 10.043684 1990.650906 -1.618534 21.256085 -0.001682 
198 38.974065 0.000000 21.727211 1991.119487 -0.140980 29.992110 -0.002266 
199 32.789217 0.000000 21.727211 1991.686713 -0.153385 30.846135 -0.002850 
200 38.974065 0.000000 27.568975 1990.546144 -0.093561 31.503565 -0.001712 
201 42.066488 0.000000 12.964566 1991.754601 -0.320200 24.553151 -0.002830 
202 38.974065 0.000000 12.964566 1992.340305 -0.264665 24.753575 -0.003422 
203 42.066488 0.000000 15.885447 1991.489746 -0.251810 26.710098 -0.002591 
204 46.705124 0.000000 11.504125 1991.110407 -0.572366 23.050312 -0.002163 
205 45.158912 0.000000 11.504125 1991.385079 -0.522644 22.975479 -0.002439 
206 48.251336 0.000000 11.504125 1990.880563 -0.610847 22.945125 -0.001931 
207 46.705124 0.000000 12.964566 1991.043633 -0.412889 24.341770 -0.002112 
208 47.478230 0.000000 9.313463 1991.028251 0.000000 20.512549 -0.002053 
209 46.705124 0.000000 9.313463 1991.165651 0.000000 20.181620 -0.002188 
210 47.478230 0.000000 8.583243 1991.048723 0.000000 19.240538 -0.002061 
211 48.251336 0.000000 9.313463 1990.897510 -0.000000 20.306601 -0.001919 
212 47.478230 0.000000 10.043684 1991.023567 0.000000 19.538237 -0.002038 
213 43.612700 0.000000 8.583243 1991.662845 0.000000 19.212774 -0.002678 
214 42.066488 0.000000 8.583243 1991.778451 0.000000 18.143195 -0.002785 
215 43.612700 0.000000 7.122802 1991.693465 0.000000 17.172322 -0.002691 
216 43.612700 0.000000 10.043684 1991.633217 0.000000 19.421931 -0.002651 
217 45.932018 0.000000 9.313463 1991.339319 -0.000000 20.257726 -0.002363 
218 45.158912 0.000000 9.313463 1991.426159 0.000000 20.390783 -0.002452 
219 45.932018 0.000000 8.583243 1991.329082 -0.000000 18.975096 -0.002340 
220 45.932018 0.000000 10.043684 1991.334976 -0.000000 19.439784 -0.002351 
221 54.436183 0.000000 12.964566 1990.066016 -0.449084 24.053212 -0.001124 
222 57.528607 0.000000 12.964566 1989.742489 -0.466198 24.161048 -0.000800 
223 54.436183 0.000000 15.885447 1990.005264 -0.302902 26.185137 -0.001090 
224 49.797547 0.000000 11.504125 1990.720378 -0.610283 22.750716 -0.001767 
225 51.343759 0.000000 11.504125 1990.502771 -0.619156 22.690662 -0.001548 
226 49.797547 0.000000 12.964566 1990.655181 -0.440986 24.072031 -0.001717 
227 47.478230 0.000000 10.773904 1990.935732 -0.788263 22.305810 -0.001979 
228 46.705124 0.000000 10.773904 1991.054667 -0.758344 22.339492 -0.002099 
229 48.251336 0.000000 10.773904 1990.911700 -0.822168 22.196173 -0.001954 
230 47.478230 0.000000 11.504125 1990.987740 -0.578418 23.004739 -0.002039 
231 47.091677 0.000000 9.678574 1991.017858 -0.000000 20.766043 -0.002045 
232 46.705124 0.000000 9.678574 1991.122803 -0.000000 20.610462 -0.002149 
233 47.091677 0.000000 9.313463 1991.084621 0.000000 20.450685 -0.002109 
234 47.478230 0.000000 9.678574 1990.966751 0.000000 20.681353 -0.001993 
235 47.091677 0.000000 10.043684 1991.108887 -0.000000 19.490979 -0.002124 
236 48.251336 0.000000 1.281038 1989.412625 4.216816 4.116525 -0.000330 
237 45.158912 0.000000 1.281038 1990.390262 3.893907 1.143387 -0.001309 
238 48.251336 0.000000 -1.639843 1987.316273 -0.476423 12.442832 0.001747 
239 51.343759 0.000000 1.281038 1988.813629 4.279627 6.400620 0.000266 
240 46.705124 0.000000 5.662361 1991.306065 0.000000 15.342059 -0.002286 
241 45.158912 0.000000 5.662361 1991.523000 0.000000 13.982649 -0.002494 
242 46.705124 0.000000 4.201920 1991.422159 0.000000 9.968264 -0.002368 
243 48.251336 0.000000 5.662361 1991.091532 0.000000 16.847140 -0.002082 
244 47.478230 0.000000 7.853022 1991.058277 0.000000 18.355925 -0.002062 
245 46.705124 0.000000 7.853022 1991.190376 0.000000 18.271697 -0.002194 
246 47.478230 0.000000 7.122802 1991.123382 0.000000 17.621013 -0.002121 
247 48.251336 0.000000 7.853022 1991.003636 0.000000 18.900800 -0.002012 
248 47.091677 0.000000 8.948353 1991.097702 0.000000 19.659193 -0.002114 
249 46.705124 0.000000 8.948353 1991.154052 0.000000 19.635304 -0.002170 
250 47.091677 0.000000 8.583243 1991.111288 0.000000 19.210273 -0.002123 
251 47.478230 0.000000 8.948353 1991.051862 0.000000 19.564815 -0.002067 
252 49.024441 0.000000 9.313463 1990.901180 0.000000 19.634185 -0.001916 
253 49.024441 0.000000 8.583243 1990.915459 0.000000 19.628813 -0.001930 
254 49.797547 0.000000 9.313463 1990.843032 0.000000 19.685509 -0.001858 
255 49.024441 0.000000 10.043684 1990.842362 0.000000 19.690570 -0.001857 
256 47.864783 0.000000 9.678574 1990.966605 0.000000 20.504323 -0.001991 
257 47.864783 0.000000 9.313463 1990.968496 0.000000 20.557015 -0.001993 
258 48.251336 0.000000 9.678574 1990.974753 0.000000 19.571409 -0.001989 
259 47.864783 0.000000 10.043684 1990.988724 0.000000 19.558797 -0.002003 
260 47.284953 0.000000 9.496019 1991.014714 -0.000000 20.796719 -0.002042 
261 47.091677 0.000000 9.496019 1991.049196 -0.000000 20.819458 -0.002077 
262 47.284953 0.000000 9.313463 1991.053100 0.000000 20.455773 -0.002077 
263 47.478230 0.000000 9.496019 1990.992197 0.000000 20.784705 -0.002019 
264 47.284953 0.000000 9.678574 1990.986885 0.000000 20.745685 -0.002014 
265 42.066488 0.000000 1.281038 1990.761842 0.000000 -0.755972 -0.001678 
266 42.066488 0.000000 -1.639843 1988.039815 2.966612 15.496472 0.000996 
267 42.066488 0.000000 -4.560725 1985.977082 0.170472 12.698676 0.003090 
268 42.066488 0.000000 -7.481607 1985.762131 0.057293 18.386101 0.003261 
269 45.158912 0.000000 -4.560725 1986.176707 -0.500253 13.123018 0.002887 
270 43.612700 0.000000 -0.179403 1988.993060 1.152892 7.083538 0.000088 
271 42.066488 0.000000 -0.179403 1989.665431 0.508171 2.644688 -0.000577 
272 43.612700 0.000000 -1.639843 1987.711901 3.207982 15.467848 0.001326 
273 45.158912 0.000000 -0.179403 1988.544109 -13.308303 10.862587 0.000478 
274 43.612700 0.000000 1.281038 1990.527834 0.000000 -0.063547 -0.001443 
275 -16.689561 0.000000 -136.000407 1988.704582 -0.000654 34.674188 0.000087 
276 -66.168339 0.000000 -136.000407 1988.734986 -0.000477 34.709742 0.000056 
277 -16.689561 0.000000 -182.734516 1988.740224 -0.000482 34.684689 0.000051 
278 8.049828 0.000000 -65.899244 1988.461980 -0.001803 34.523322 0.000334 
279 -16.689561 0.000000 -65.899244 1988.549709 0.009953 34.690378 0.000242 
280 8.049828 0.000000 -89.266298 1988.579139 -0.040458 34.581984 0.000215 
281 20.419523 0.000000 -30.848662 1987.048563 0.000167 33.782766 0.001767 
282 8.049828 0.000000 -30.848662 1987.571541 -0.005431 34.571986 0.001228 
283 20.419523 0.000000 -42.532189 1987.843501 0.026014 34.099059 0.000962 
284 26.604370 0.000000 -13.323371 1983.293797 0.010245 28.492363 0.005618 
285 20.419523 0.000000 -13.323371 1983.464910 -0.002956 31.681432 0.005398 
286 26.604370 0.000000 -19.165134 1985.281692 0.026058 31.405740 0.003580 
287 29.696794 0.000000 -4.560725 1979.378323 0.363296 6.684671 0.009733 
288 26.604370 0.000000 -4.560725 1976.452812 0.130552 10.440973 0.012642 
289 29.696794 0.000000 -7.481607 1981.467824 0.146797 18.610480 0.007565 
290 34.335429 0.000000 -3.100284 1987.033146 1.400584 -5.189395 0.002063 
291 32.789217 0.000000 -3.100284 1983.425587 1.174619 -5.998124 0.005681 
292 34.335429 0.000000 -4.560725 1985.508156 0.861128 6.088953 0.003592 
293 35.881641 0.000000 -3.100284 1990.946933 1.512261 -1.191961 -0.001866 
294 37.427853 0.000000 -0.179403 1983.632677 0.447162 -3.084130 0.005481 
295 37.427853 0.000000 -1.639843 1987.943253 2.504605 15.620500 0.001093 
296 38.974065 0.000000 -0.179403 1987.162987 0.742830 2.338442 0.001939 
297 37.427853 0.000000 1.281038 1986.557336 0.000000 -5.550934 0.002541 
298 35.108535 0.000000 -0.909623 1986.780301 2.371036 3.938240 0.002319 
299 34.335429 0.000000 -0.909623 1984.153687 0.804582 -47.784953 0.004383 
300 35.108535 0.000000 -1.639843 1987.520247 2.729484 15.598430 0.001518 
301 35.881641 0.000000 -0.909623 1987.291637 2.581452 14.307956 0.001757 
302 35.108535 0.000000 -0.179403 1983.022839 0.572801 -24.064358 0.005948 
303 -115.647118 0.000000 -42.532189 1988.767030 -0.000477 34.752236 0.000023 
304 -165.125896 0.000000 -42.532189 1988.780434 -0.000296 34.737053 0.000010 
305 -115.647118 0.000000 -89.266298 1988.756219 -0.000401 34.734637 0.000034 
306 -115.647118 0.000000 4.201920 1988.793788 -0.000427 34.761328 -0.000004 
307 -41.428950 0.000000 -19.165134 1988.692254 0.002006 34.884406 0.000096 
308 -66.168339 0.000000 -19.165134 1988.749832 -0.000142 34.812270 0.000039 
309 -41.428950 0.000000 -42.532189 1988.641458 0.005624 34.803926 0.000148 
310 -41.428950 0.000000 4.201920 1988.815352 -0.002777 34.892884 -0.000028 
311 -4.319866 0.000000 -7.481607 1988.281244 -0.014863 35.699075 0.000494 
312 -16.689561 0.000000 -7.481607 1988.621756 -0.019793 35.183345 0.000161 
313 -4.319866 0.000000 -19.165134 1987.988235 -0.001519 35.198920 0.000798 
314 -4.319866 0.000000 4.201920 1989.095853 -0.024352 35.814826 -0.000327 
315 14.234675 0.000000 -1.639843 1979.657048 -0.029393 44.803018 0.008958 
316 8.049828 0.000000 -1.639843 1987.846142 -0.022252 38.250938 0.000884 
317 14.234675 0.000000 -7.481607 1982.638248 -0.015043 35.203715 0.006167 
318 14.234675 0.000000 4.201920 1998.305348 -0.049749 38.539038 -0.009659 
319 -115.647118 0.000000 50.936029 1988.818301 -0.000539 34.748939 -0.000029 
320 -165.125896 0.000000 50.936029 1988.802864 -0.000315 34.735965 -0.000013 
321 -115.647118 0.000000 97.670139 1988.826067 -0.000468 34.731527 -0.000036 
322 -41.428950 0.000000 27.568975 1988.921722 -0.006835 34.856216 -0.000134 
323 -66.168339 0.000000 27.568975 1988.848142 -0.000784 34.802894 -0.000060 
324 -41.428950 0.000000 50.936029 1988.946304 0.017261 34.778811 -0.000158 
325 -4.319866 0.000000 15.885447 1989.576196 -0.036787 35.333752 -0.000801 
326 -16.689561 0.000000 15.885447 1989.105216 -0.026034 35.090177 -0.000323 
327 -4.319866 0.000000 27.568975 1989.529127 -0.001278 34.907000 -0.000746 
328 14.234675 0.000000 10.043684 1993.912019 -0.051253 34.601565 -0.005154 
329 8.049828 0.000000 10.043684 1991.302969 -0.029492 36.046050 -0.002551 
330 14.234675 0.000000 15.885447 1992.154584 -0.047094 34.245784 -0.003377 
331 17.327099 0.000000 1.281038 2032.795882 -0.136362 21.363683 -0.044540 
332 14.234675 0.000000 1.281038 1996.097759 -0.043768 48.903194 -0.007660 
333 17.327099 0.000000 -1.639843 1958.275614 -0.008732 30.186323 0.030516 
334 20.419523 0.000000 1.281038 2035.036173 0.352821 -49.562381 -0.047349 
335 17.327099 0.000000 4.201920 2005.987867 -0.081993 30.498955 -0.017294 
336 14.234675 0.000000 -13.323371 1984.872532 -0.008360 34.383013 0.003941 
337 8.049828 0.000000 -13.323371 1986.459592 -0.008724 35.603009 0.002326 
338 14.234675 0.000000 -19.165134 1985.988527 0.001967 34.357868 0.002821 
339 17.327099 0.000000 -4.560725 1974.889308 -0.023931 31.734052 0.013976 
340 14.234675 0.000000 -4.560725 1980.814179 -0.021274 36.913972 0.007963 
341 17.327099 0.000000 -7.481607 1980.299054 -0.017093 32.444059 0.008557 
342 20.419523 0.000000 -4.560725 1972.688842 -0.007219 21.579471 0.016309 
343 23.511946 0.000000 1.281038 1988.583016 0.117412 -47.844044 -0.000065 
344 23.511946 0.000000 -1.639843 1969.833296 0.092325 -14.931009 0.019216 
345 23.511946 0.000000 4.201920 2002.575402 -0.187211 13.712346 -0.013649 
346 18.873311 0.000000 -0.179403 2138.673351 0.732637 -53.608728 -0.156782 
347 17.327099 0.000000 -0.179403 1941.350850 0.071693 12.544333 0.047388 
348 18.873311 0.000000 -1.639843 1953.345168 0.022375 14.103431 0.035571 
349 20.419523 0.000000 -0.179403 2038.414105 0.351218 -49.631256 -0.050829 
350 18.873311 0.000000 1.281038 2176.947348 0.824414 -55.155475 -0.198572 
351 47.864783 0.000000 8.948353 1990.978517 0.000000 19.572619 -0.001993 
352 47.864783 0.000000 8.583243 1990.963144 -0.000000 19.472055 -0.001977 
353 48.251336 0.000000 8.948353 1990.938924 0.000000 19.603559 -0.001954 
354 47.671506 0.000000 9.496019 1990.971592 0.000000 20.786953 -0.001999 
355 47.671506 0.000000 9.313463 1990.994270 0.000000 20.472509 -0.002018 
356 47.864783 0.000000 9.496019 1990.958650 0.000000 20.772831 -0.001985 
357 47.671506 0.000000 9.678574 1990.965282 0.000000 20.606124 -0.001990 
358 43.612700 0.000000 11.504125 1991.646943 -0.474045 23.069027 -0.002704 
359 42.066488 0.000000 11.504125 1991.911921 -0.420010 23.112127 -0.002971 
360 43.612700 0.000000 12.964566 1991.512436 -0.346734 24.426449 -0.002585 
361 45.932018 0.000000 10.773904 1991.148024 -0.715954 22.363541 -0.002193 
362 45.158912 0.000000 10.773904 1991.366426 -0.678211 22.209064 -0.002412 
363 45.932018 0.000000 11.504125 1991.172802 -0.546268 23.175434 -0.002228 
364 47.091677 0.000000 10.408794 1991.135607 0.000000 19.432361 -0.002150 
365 46.705124 0.000000 10.408794 1991.196488 0.000000 19.392532 -0.002211 
366 47.478230 0.000000 10.408794 1990.950642 -0.988236 21.909990 -0.001990 
367 47.091677 0.000000 10.773904 1990.994746 -0.774665 22.316808 -0.002039 
368 47.284953 0.000000 9.861129 1991.053500 0.000000 19.530382 -0.002068 
369 47.091677 0.000000 9.861129 1991.061855 0.000000 19.525324 -0.002077 
370 47.478230 0.000000 9.861129 1991.023136 0.000000 19.538353 -0.002038 
371 47.284953 0.000000 10.043684 1991.050361 0.000000 19.516598 -0.002065 
372 47.381591 0.000000 9.587296 1990.975796 0.000000 20.792023 -0.002003 
373 47.284953 0.000000 9.587296 1990.968270 -0.000000 20.820559 -0.001996 
374 47.381591 0.000000 9.496019 1991.005911 -0.000000 20.803116 -0.002033 
375 47.478230 0.000000 9.587296 1990.968446 0.000000 20.799362 -0.001996 
376 47.381591 0.000000 9.678574 1990.984937 0.000000 20.683967 -0.002011 
377 181.225553 0.000000 -136.000407 1988.764431 -0.002059 34.516119 0.000030 
378 181.225553 0.000000 -182.734516 1988.767249 -0.001125 34.606151 0.000025 
379 230.704331 0.000000 -136.000407 1988.776295 -0.002182 34.517384 0.000018 
380 -115.647118 0.000000 -136.000407 1988.757952 -0.000320 34.721451 0.000033 
381 -165.125896 0.000000 -136.000407 1988.771389 -0.000223 34.723427 0.000019 
382 -115.647118 0.000000 -182.734516 1988.763608 -0.000253 34.714475 0.000027 
383 181.225553 0.000000 144.404248 1988.821439 -0.002957 34.525854 -0.000028 
384 230.704331 0.000000 144.404248 1988.810522 -0.003152 34.522196 -0.000017 
385 181.225553 0.000000 191.138357 1988.815765 -0.001515 34.610235 -0.000024 
386 107.007385 0.000000 -65.899244 1988.695628 0.005705 33.903148 0.000109 
387 107.007385 0.000000 -89.266298 1988.700274 -0.003943 34.264986 0.000098 
388 131.746774 0.000000 -65.899244 1988.738223 -0.007417 33.906954 0.000067 
389 -16.689561 0.000000 144.404248 1988.869315 -0.000962 34.674456 -0.000079 
390 -66.168339 0.000000 144.404248 1988.843810 -0.000606 34.707463 -0.000054 
391 -16.689561 0.000000 191.138357 1988.838042 -0.000632 34.685339 -0.000047 
392 -115.647118 0.000000 144.404248 1988.822911 -0.000385 34.719494 -0.000033 
393 -165.125896 0.000000 144.404248 1988.810048 -0.000257 34.722200 -0.000020 
394 -115.647118 0.000000 191.138357 1988.816921 -0.000308 34.713399 -0.000027 
395 -41.428950 0.000000 -65.899244 1988.649880 0.003310 34.742050 0.000141 
396 -66.168339 0.000000 -65.899244 1988.707908 -0.000607 34.753946 0.000082 
397 -41.428950 0.000000 -89.266298 1988.674119 -0.000723 34.713963 0.000117 
398 107.007385 0.000000 74.303084 1988.904757 0.013764 34.024603 -0.000103 
399 131.746774 0.000000 74.303084 1988.865887 -0.013395 34.011407 -0.000064 
400 107.007385 0.000000 97.670139 1988.886103 -0.006363 34.320478 -0.000089 
401 69.898301 0.000000 -30.848662 1988.405076 -0.003080 31.578555 0.000440 
402 69.898301 0.000000 -42.532189 1988.418155 -0.005653 32.914959 0.000405 
403 82.267996 0.000000 -30.848662 1988.586790 -0.022645 31.608495 0.000257 
404 8.049828 0.000000 74.303084 1989.093829 -0.020823 34.543631 -0.000302 
405 -16.689561 0.000000 74.303084 1989.006185 -0.014473 34.675722 -0.000216 
406 8.049828 0.000000 97.670139 1988.974434 -0.032721 34.594038 -0.000183 
407 -41.428950 0.000000 74.303084 1988.925952 -0.001694 34.728057 -0.000136 
408 -66.168339 0.000000 74.303084 1988.874408 -0.000791 34.744255 -0.000085 
409 -41.428950 0.000000 97.670139 1988.900016 -0.001016 34.706690 -0.000110 
410 -4.319866 0.000000 -30.848662 1988.129033 -0.020739 34.813991 0.000663 
411 -16.689561 0.000000 -30.848662 1988.409497 0.002544 34.904588 0.000380 
412 -4.319866 0.000000 -42.532189 1988.274095 0.030709 34.704273 0.000519 
413 69.898301 0.000000 39.252502 1989.225276 -0.056145 32.550585 -0.000400 
414 82.267996 0.000000 39.252502 1989.043572 -0.092146 32.500412 -0.000217 
415 69.898301 0.000000 50.936029 1989.071906 -0.065003 33.382766 -0.000260 
416 51.343759 0.000000 -13.323371 1987.254546 -0.089912 24.584832 0.001695 
417 51.343759 0.000000 -19.165134 1987.504491 -0.034077 28.248730 0.001395 
418 57.528607 0.000000 -13.323371 1988.077196 -0.112662 24.809649 0.000866 
419 20.419523 0.000000 39.252502 1989.926253 0.002919 33.973694 -0.001129 
420 8.049828 0.000000 39.252502 1989.662469 -0.052289 34.471477 -0.000873 
421 20.419523 0.000000 50.936029 1989.440042 -0.009309 34.211889 -0.000644 
422 -4.319866 0.000000 39.252502 1989.352366 -0.036932 34.712828 -0.000565 
423 -16.689561 0.000000 39.252502 1989.124341 -0.014581 34.774332 -0.000337 
424 -4.319866 0.000000 50.936029 1989.191553 -0.011801 34.626161 -0.000402 
425 26.604370 0.000000 21.727211 1991.889074 -0.098694 31.957329 -0.003071 
426 20.419523 0.000000 21.727211 1991.797070 -0.073534 33.173512 -0.002998 
427 26.604370 0.000000 27.568975 1991.180490 -0.058299 32.858248 -0.002373 
428 14.234675 0.000000 21.727211 1991.342105 -0.039303 34.333462 -0.002560 
429 8.049828 0.000000 21.727211 1990.577261 0.014776 34.801248 -0.001799 
430 14.234675 0.000000 27.568975 1990.576110 -0.010696 34.193999 -0.001787 
431 23.511946 0.000000 -4.560725 1974.581179 0.031213 14.945290 0.014482 
432 23.511946 0.000000 -7.481607 1978.844171 0.019905 24.206299 0.010131 
433 35.881641 0.000000 7.122802 1992.970283 -0.211888 16.602812 -0.003972 
434 32.789217 0.000000 7.122802 1994.313112 -0.121172 16.693580 -0.005326 
435 35.881641 0.000000 10.043684 1993.168168 -0.260379 21.618282 -0.004219 
436 35.881641 0.000000 12.964566 1992.944920 -0.230298 24.986471 -0.004034 
437 32.789217 0.000000 12.964566 1993.574237 -0.187714 25.592005 -0.004676 
438 35.881641 0.000000 15.885447 1992.319217 -0.183757 27.511000 -0.003437 
439 29.696794 0.000000 7.122802 1996.485241 -0.160374 17.438732 -0.007523 
440 26.604370 0.000000 7.122802 1997.902398 -0.178578 20.342938 -0.008982 
441 29.696794 0.000000 10.043684 1995.083078 -0.171872 23.366074 -0.006170 
442 29.696794 0.000000 12.964566 1994.105985 -0.171950 26.612031 -0.005225 
443 26.604370 0.000000 12.964566 1994.618368 -0.149063 28.013617 -0.005761 
444 29.696794 0.000000 15.885447 1993.407573 -0.135515 28.716521 -0.004551 
445 37.427853 0.000000 -3.100284 1990.834306 1.533477 5.132685 -0.001758 
446 37.427853 0.000000 -4.560725 1987.597954 0.927944 9.771556 0.001479 
447 38.974065 0.000000 -3.100284 1988.533751 1.417454 7.848167 0.000547 
448 63.713454 0.000000 21.727211 1989.497824 -0.187091 28.939952 -0.000618 
449 69.898301 0.000000 21.727211 1989.292414 -0.195807 29.014975 -0.000413 
450 63.713454 0.000000 27.568975 1989.449847 -0.119830 30.674302 -0.000596 
451 63.713454 0.000000 -1.639843 1989.792689 1.139718 10.309893 -0.000730 
452 63.713454 0.000000 -7.481607 1988.850250 -0.446781 19.569728 0.000148 
453 69.898301 0.000000 -1.639843 1989.223424 0.964912 10.143499 -0.000157 
454 48.251336 0.000000 -4.560725 1987.023238 -0.795306 13.875599 0.002032 
455 48.251336 0.000000 -7.481607 1986.841567 -0.324270 18.508484 0.002176 
456 51.343759 0.000000 -4.560725 1987.615545 -0.954958 13.896617 0.001436 
457 54.436183 0.000000 1.281038 1988.488862 4.449581 7.763801 0.000588 
458 54.436183 0.000000 -1.639843 1987.324502 0.279070 10.982526 0.001747 
459 57.528607 0.000000 1.281038 1988.674543 4.701674 7.166269 0.000403 
460 49.797547 0.000000 5.662361 1990.486179 0.585030 14.577246 -0.001455 
461 49.797547 0.000000 4.201920 1990.316763 1.191475 11.306727 -0.001263 
462 51.343759 0.000000 5.662361 1990.213820 0.571738 14.529656 -0.001180 
463 43.612700 0.000000 5.662361 1991.694693 -0.000000 14.063886 -0.002667 
464 42.066488 0.000000 5.662361 1991.807172 0.000000 14.166187 -0.002781 
465 43.612700 0.000000 4.201920 1991.616845 0.000000 10.512887 -0.002567 
466 45.932018 0.000000 7.853022 1991.348490 0.000000 18.172341 -0.002352 
467 45.158912 0.000000 7.853022 1991.461230 0.000000 18.323022 -0.002467 
468 45.932018 0.000000 7.122802 1991.338047 0.000000 17.289659 -0.002334 
469 49.024441 0.000000 7.853022 1990.900614 0.000000 19.634734 -0.001915 
470 49.024441 0.000000 7.122802 1990.912643 0.000000 18.995384 -0.001921 
471 49.797547 0.000000 7.853022 1990.843032 0.000000 19.685509 -0.001858 
472 49.024441 0.000000 10.773904 1990.788690 -0.839894 22.164253 -0.001830 
473 49.797547 0.000000 10.773904 1990.702521 -0.836680 22.053248 -0.001742 
474 49.024441 0.000000 11.504125 1990.783327 -0.630826 22.895013 -0.001833 
475 47.864783 0.000000 10.408794 1990.889810 -1.008699 21.890246 -0.001928 
476 48.251336 0.000000 10.408794 1990.847619 -1.025068 21.804115 -0.001885 
477 47.864783 0.000000 10.773904 1990.884347 -0.800579 22.266583 -0.001927 
478 47.671506 0.000000 9.861129 1991.016230 0.000000 19.543871 -0.002031 
479 47.864783 0.000000 9.861129 1990.987159 0.000000 19.560283 -0.002002 
480 47.671506 0.000000 10.043684 1990.993120 0.000000 19.554829 -0.002008 
481 40.520276 0.000000 -0.179403 1989.044481 0.272293 -0.017028 0.000049 
482 40.520276 0.000000 -1.639843 1988.198399 2.652755 15.546902 0.000837 
483 40.520276 0.000000 1.281038 1990.044050 -0.000000 -1.123763 -0.000956 
484 43.612700 0.000000 2.741479 1991.429694 -0.000000 5.873206 -0.002359 
485 42.066488 0.000000 2.741479 1991.388207 -0.000000 5.888730 -0.002317 
486 45.158912 0.000000 2.741479 1991.476590 0.000000 8.730634 -0.002417 
487 40.520276 0.000000 2.741479 1991.031641 -0.000000 5.764880 -0.001958 
488 38.974065 0.000000 2.741479 1990.378009 0.000000 4.953248 -0.001298 
489 40.520276 0.000000 4.201920 1991.465463 0.000000 9.991942 -0.002412 
490 40.520276 0.000000 -3.100284 1987.014296 1.013246 9.277036 0.002067 
491 40.520276 0.000000 -4.560725 1986.369035 0.538892 12.455675 0.002698 
492 42.066488 0.000000 -3.100284 1986.351085 0.376910 9.721212 0.002732 
493 37.427853 0.000000 2.741479 1989.806010 0.000000 2.948663 -0.000719 
494 35.881641 0.000000 2.741479 1989.596960 0.000000 -0.019814 -0.000506 
495 37.427853 0.000000 4.201920 1990.646547 0.000000 6.871845 -0.001574 
496 34.335429 0.000000 2.741479 1989.542627 0.000000 0.040406 -0.000452 
497 32.789217 0.000000 2.741479 1993.222681 0.000319 -4.244505 -0.004161 
498 34.335429 0.000000 4.201920 1989.597542 0.000000 -0.244037 -0.000507 
499 23.511946 0.000000 7.122802 1999.625563 -0.159564 22.792314 -0.010749 
500 20.419523 0.000000 7.122802 2000.025107 -0.110627 27.489123 -0.011213 
501 23.511946 0.000000 10.043684 1995.941817 -0.144304 27.931574 -0.007095 
502 23.511946 0.000000 12.964566 1994.774966 -0.119124 29.672314 -0.005943 
503 20.419523 0.000000 12.964566 1994.306247 -0.078338 31.404959 -0.005498 
504 23.511946 0.000000 15.885447 1993.445826 -0.094491 31.050441 -0.004625 
505 63.713454 0.000000 -13.323371 1988.419742 -0.115520 25.031638 0.000519 
506 63.713454 0.000000 -19.165134 1988.239306 -0.038067 28.212516 0.000657 
507 69.898301 0.000000 -13.323371 1988.613414 -0.113820 25.369015 0.000320 
508 54.436183 0.000000 -4.560725 1988.109737 -1.162343 13.791764 0.000940 
509 54.436183 0.000000 -7.481607 1988.030696 -0.510766 18.625238 0.000981 
510 57.528607 0.000000 -4.560725 1988.738493 -1.254776 13.511341 0.000310 
511 40.520276 0.000000 5.662361 1991.815080 0.000000 13.779850 -0.002786 
512 38.974065 0.000000 5.662361 1991.576988 0.000000 11.972622 -0.002535 
513 40.520276 0.000000 7.122802 1991.882686 0.000000 15.484366 -0.002867 
514 40.520276 0.000000 8.583243 1991.922923 0.000000 17.001172 -0.002920 
515 38.974065 0.000000 8.583243 1992.374146 -0.413994 19.412836 -0.003397 
516 40.520276 0.000000 10.043684 1992.132662 -0.450510 21.625395 -0.003177 
517 40.520276 0.000000 11.504125 1992.096942 -0.378567 23.221311 -0.003159 
518 38.974065 0.000000 11.504125 1992.432479 -0.341277 23.191171 -0.003496 
519 40.520276 0.000000 12.964566 1992.072557 -0.291227 24.594136 -0.003151 
520 46.705124 0.000000 2.741479 1990.813704 1.434963 6.399400 -0.001741 
521 46.705124 0.000000 1.281038 1989.892488 4.068438 2.525692 -0.000809 
522 48.251336 0.000000 2.741479 1990.322708 1.370586 7.295672 -0.001250 
523 43.612700 0.000000 -3.100284 1986.326455 -0.295014 10.326588 0.002753 
524 43.612700 0.000000 -4.560725 1985.951744 -0.206465 12.912427 0.003114 
525 45.158912 0.000000 -3.100284 1986.512907 -0.780765 10.858486 0.002563 
526 17.327099 0.000000 7.122802 1999.002229 -0.075589 32.216009 -0.010250 
527 14.234675 0.000000 7.122802 1995.544121 -0.051470 35.283700 -0.006811 
528 17.327099 0.000000 10.043684 1995.323404 -0.067841 32.552775 -0.006542 
529 17.327099 0.000000 12.964566 1993.822540 -0.061458 33.104345 -0.005038 
530 14.234675 0.000000 12.964566 1992.981163 -0.053928 34.397554 -0.004212 
531 17.327099 0.000000 15.885447 1992.804756 -0.062789 33.404760 -0.004017 
532 37.427853 0.000000 5.662361 1991.248464 0.000000 10.163052 -0.002194 
533 35.881641 0.000000 5.662361 1992.356710 -0.155867 12.869971 -0.003326 
534 37.427853 0.000000 7.122802 1992.507764 -0.319356 16.529601 -0.003505 
535 37.427853 0.000000 8.583243 1992.747561 -0.321966 19.379735 -0.003773 
536 35.881641 0.000000 8.583243 1993.183290 -0.256783 19.195020 -0.004210 
537 37.427853 0.000000 10.043684 1992.709566 -0.316585 21.635290 -0.003758 
538 37.427853 0.000000 11.504125 1992.722780 -0.282137 23.312132 -0.003790 
539 35.881641 0.000000 11.504125 1992.966930 -0.249983 23.549946 -0.004039 
540 37.427853 0.000000 12.964566 1992.601602 -0.251276 24.825481 -0.003686 
541 46.705124 0.000000 -0.179403 1988.083718 -13.435788 13.342129 0.000924 
542 46.705124 0.000000 -1.639843 1987.243656 -0.684204 12.027918 0.001822 
543 48.251336 0.000000 -0.179403 1987.781305 -14.650327 16.016481 0.001200 
544 49.797547 0.000000 2.741479 1989.907319 1.193802 8.039798 -0.000835 
545 49.797547 0.000000 1.281038 1989.065024 4.239820 5.357352 0.000017 
546 51.343759 0.000000 2.741479 1989.572289 2.154771 8.512394 -0.000501 
547 34.335429 0.000000 5.662361 1993.106789 -0.054776 12.329883 -0.004078 
548 32.789217 0.000000 5.662361 1994.363143 -0.026216 11.942182 -0.005342 
549 34.335429 0.000000 7.122802 1993.467029 -0.147905 16.561601 -0.004472 
550 34.335429 0.000000 8.583243 1993.694937 -0.202967 19.547223 -0.004729 
551 32.789217 0.000000 8.583243 1994.113111 -0.175805 19.751067 -0.005152 
552 34.335429 0.000000 10.043684 1993.649678 -0.223800 21.664730 -0.004705 
553 34.335429 0.000000 11.504125 1993.418313 -0.229768 23.669901 -0.004495 
554 32.789217 0.000000 11.504125 1993.857946 -0.200563 23.942659 -0.004941 
555 34.335429 0.000000 12.964566 1993.219010 -0.228731 25.305123 -0.004314 
556 46.705124 0.000000 -3.100284 1986.843828 -0.994546 11.313864 0.002228 
557 46.705124 0.000000 -4.560725 1986.552010 -0.689408 13.336137 0.002509 
558 48.251336 0.000000 -3.100284 1987.212152 -1.049032 11.865168 0.001855 
1 79 97 95 96 
2 97 72 88 95 
3 95 88 5 98 
4 96 95 98 82 
5 7 101 99 100 
6 101 12 102 99 
7 99 102 10 25 
8 100 99 25 11 
9 11 105 103 104 
10 105 25 106 103 
11 103 106 23 41 
12 104 103 41 24 
13 24 109 107 108 
14 109 41 110 107 
15 107 110 39 57 
16 108 107 57 40 
17 40 113 111 112 
18 113 57 114 111 
19 111 114 55 73 
20 112 111 73 56 
21 56 117 115 116 
22 117 73 118 115 
23 72 121 119 120 
24 119 122 87 123 
25 120 119 123 88 
26 14 125 124 37 
27 125 8 126 124 
28 124 126 21 127 
29 37 124 127 19 
30 27 129 128 53 
31 129 14 130 128 
32 128 130 37 131 
33 53 128 131 35 
34 133 27 134 132 
35 132 134 53 135 
36 10 141 140 26 
37 141 13 142 140 
38 140 142 8 125 
39 26 140 125 14 
40 23 144 143 42 
41 144 26 145 143 
42 143 145 14 129 
43 42 143 129 27 
44 147 42 148 146 
45 146 148 27 133 
46 20 38 161 162 
47 38 19 163 161 
48 161 163 22 164 
49 162 161 164 9 
50 36 54 165 166 
51 54 35 167 165 
52 165 167 38 168 
53 166 165 168 20 
54 52 70 169 170 
55 70 51 171 169 
56 169 171 54 172 
57 170 169 172 36 
58 67 139 173 174 
59 139 69 175 173 
60 173 175 51 176 
61 174 173 176 70 
62 177 179 139 180 
63 178 177 180 67 
64 43 187 186 138 
65 187 133 188 186 
66 186 188 132 189 
67 138 186 189 69 
68 137 191 190 155 
69 191 43 192 190 
70 190 192 138 193 
71 155 190 193 136 
72 195 155 196 194 
73 194 196 136 197 
74 68 86 198 199 
75 86 67 174 198 
76 198 174 70 200 
77 199 198 200 52 
78 201 178 67 203 
79 202 201 203 86 
80 204 206 177 207 
81 205 204 207 178 
82 157 215 213 214 
83 215 153 182 213 
84 213 182 85 216 
85 214 213 216 160 
86 182 219 217 218 
87 219 181 209 217 
88 217 209 185 220 
89 218 217 220 85 
90 136 193 221 179 
91 193 138 222 221 
92 221 222 69 223 
93 179 221 223 139 
94 197 136 225 224 
95 224 225 179 226 
96 206 224 226 177 
97 227 229 206 230 
98 228 227 230 204 
99 209 233 231 232 
100 232 231 235 185 
101 238 149 239 236 
102 59 242 240 241 
103 242 154 243 240 
104 240 243 152 183 
105 241 240 183 153 
106 183 246 244 245 
107 246 152 247 244 
108 244 247 184 210 
109 245 244 210 181 
110 181 250 248 249 
111 250 210 251 248 
112 248 251 208 233 
113 249 248 233 209 
114 184 253 252 211 
115 253 194 254 252 
116 252 254 197 255 
117 211 252 255 156 
118 257 211 258 256 
119 256 258 156 259 
120 233 262 260 261 
121 262 208 263 260 
122 261 260 264 231 
123 73 268 267 118 
124 268 55 269 267 
125 266 272 270 271 
126 272 74 273 270 
127 270 273 237 274 
128 271 270 274 265 
129 17 277 275 276 
130 277 7 100 275 
131 275 100 11 33 
132 276 275 33 15 
133 33 280 278 279 
134 280 11 104 278 
135 278 104 24 49 
136 279 278 49 31 
137 49 283 281 282 
138 283 24 108 281 
139 281 108 40 65 
140 282 281 65 47 
141 65 286 284 285 
142 286 40 112 284 
143 284 112 56 81 
144 285 284 81 63 
145 81 289 287 288 
146 289 56 116 287 
147 287 116 72 97 
148 288 287 97 79 
149 116 292 290 291 
150 292 115 293 290 
151 290 293 89 121 
152 291 290 121 72 
153 89 295 294 122 
154 295 71 296 294 
155 294 296 90 297 
156 122 294 297 87 
157 121 300 298 299 
158 300 89 301 298 
159 298 301 122 302 
160 299 298 302 119 
161 16 305 303 304 
162 305 15 32 303 
163 303 32 18 306 
164 304 303 306 6 
165 32 309 307 308 
166 309 31 48 307 
167 307 48 34 310 
168 308 307 310 18 
169 48 313 311 312 
170 313 47 64 311 
171 311 64 50 314 
172 312 311 314 34 
173 64 317 315 316 
174 316 315 318 50 
175 6 306 319 320 
176 306 18 45 319 
177 319 45 28 321 
178 320 319 321 29 
179 18 310 322 323 
180 310 34 61 322 
181 322 61 44 324 
182 323 322 324 45 
183 34 314 325 326 
184 314 50 77 325 
185 325 77 60 327 
186 326 325 327 61 
187 50 318 328 329 
188 329 328 330 77 
189 315 333 331 332 
190 331 334 66 335 
191 332 331 335 318 
192 47 338 336 337 
193 338 65 285 336 
194 336 285 63 317 
195 337 336 317 64 
196 317 341 339 340 
197 341 63 342 339 
198 339 342 80 333 
199 340 339 333 315 
200 80 344 343 334 
201 344 79 96 343 
202 343 96 82 345 
203 334 343 345 66 
204 333 348 346 347 
205 348 80 349 346 
206 346 349 334 350 
207 347 346 350 331 
208 210 352 351 251 
209 352 184 353 351 
210 351 353 211 257 
211 251 351 257 208 
212 208 355 354 263 
213 355 257 356 354 
214 354 356 256 357 
215 263 354 357 234 
216 160 216 358 359 
217 216 85 205 358 
218 358 205 178 360 
219 359 358 360 201 
220 85 220 361 362 
221 220 185 228 361 
222 361 228 204 363 
223 362 361 363 205 
224 185 235 364 365 
225 235 212 366 364 
226 364 366 227 367 
227 365 364 367 228 
228 231 264 368 369 
229 264 234 370 368 
230 368 370 212 371 
231 369 368 371 235 
232 260 374 372 373 
233 374 263 375 372 
234 372 375 234 376 
235 373 372 376 264 
236 12 378 377 102 
237 378 2 379 377 
238 377 379 13 141 
239 102 377 141 10 
240 1 382 380 381 
241 382 17 276 380 
242 380 276 15 305 
243 381 380 305 16 
244 19 127 383 163 
245 127 21 384 383 
246 383 384 3 385 
247 163 383 385 22 
248 25 387 386 106 
249 387 10 388 386 
250 386 388 26 144 
251 106 386 144 23 
252 28 46 389 390 
253 46 20 162 389 
254 389 162 9 391 
255 390 389 391 30 
256 29 321 392 393 
257 321 28 390 392 
258 392 390 30 394 
259 393 392 394 4 
260 15 397 395 396 
261 397 33 279 395 
262 395 279 31 309 
263 396 395 309 32 
264 35 131 398 167 
265 131 37 399 398 
266 398 399 19 400 
267 167 398 400 38 
268 41 402 401 110 
269 402 23 403 401 
270 401 403 42 147 
271 110 401 147 39 
272 44 62 404 405 
273 62 36 166 404 
274 404 166 20 406 
275 405 404 406 46 
276 45 324 407 408 
277 324 44 405 407 
278 407 405 46 409 
279 408 407 409 28 
280 31 412 410 411 
281 412 49 282 410 
282 410 282 47 313 
283 411 410 313 48 
284 51 135 413 171 
285 135 53 414 413 
286 413 414 35 415 
287 171 413 415 54 
288 57 417 416 114 
289 417 39 418 416 
290 416 418 58 150 
291 114 416 150 55 
292 60 78 419 420 
293 78 52 170 419 
294 419 170 36 421 
295 420 419 421 62 
296 61 327 422 423 
297 327 60 420 422 
298 422 420 62 424 
299 423 422 424 44 
300 76 94 425 426 
301 94 68 199 425 
302 425 199 52 427 
303 426 425 427 78 
304 77 330 428 429 
305 330 76 426 428 
306 428 426 78 430 
307 429 428 430 60 
308 63 432 431 342 
309 432 81 288 431 
310 431 288 79 344 
311 342 431 344 80 
312 436 202 86 438 
313 437 436 438 68 
314 82 98 439 440 
315 98 5 434 439 
316 439 434 84 441 
317 440 439 441 92 
318 92 441 442 443 
319 441 84 437 442 
320 442 437 68 444 
321 443 442 444 94 
322 115 446 445 293 
323 446 118 447 445 
324 445 447 71 295 
325 293 445 295 89 
326 69 189 448 175 
327 189 132 449 448 
328 448 449 135 450 
329 175 448 450 51 
330 58 452 451 151 
331 452 146 453 451 
332 451 453 133 187 
333 151 451 187 43 
334 55 455 454 269 
335 455 150 456 454 
336 454 456 149 238 
337 149 458 457 239 
338 458 151 459 457 
339 457 459 43 191 
340 239 457 191 137 
341 154 461 460 243 
342 461 137 462 460 
343 460 462 155 195 
344 243 460 195 152 
345 159 465 463 464 
346 465 59 241 463 
347 463 241 153 215 
348 464 463 215 157 
349 153 468 466 467 
350 468 183 245 466 
351 466 245 181 219 
352 467 466 219 182 
353 152 470 469 247 
354 470 195 471 469 
355 469 471 194 253 
356 247 469 253 184 
357 156 255 472 229 
358 255 197 473 472 
359 472 473 224 474 
360 229 472 474 206 
361 212 259 475 366 
362 259 156 476 475 
363 475 476 229 477 
364 366 475 477 227 
365 234 357 478 370 
366 357 256 479 478 
367 478 479 259 480 
368 370 478 480 212 
369 71 482 481 296 
370 482 266 271 481 
371 481 271 265 483 
372 296 481 483 90 
373 265 274 484 485 
374 274 237 486 484 
375 484 486 59 465 
376 485 484 465 159 
377 90 483 487 488 
378 483 265 485 487 
379 487 485 159 489 
380 488 487 489 75 
381 118 491 490 447 
382 491 267 492 490 
383 490 492 266 482 
384 447 490 482 71 
385 87 297 493 494 
386 297 90 488 493 
387 493 488 75 495 
388 494 493 495 91 
389 88 123 496 497 
390 123 87 494 496 
391 496 494 91 498 
392 497 496 498 5 
393 66 345 499 500 
394 345 82 440 499 
395 499 440 92 501 
396 500 499 501 93 
397 93 501 502 503 
398 501 92 443 502 
399 502 443 94 504 
400 503 502 504 76 
401 39 506 505 418 
402 506 147 507 505 
403 505 507 146 452 
404 418 505 452 58 
405 150 509 508 456 
406 509 58 510 508 
407 508 510 151 458 
408 456 508 458 149 
409 75 489 511 512 
410 489 159 464 511 
411 511 464 157 513 
412 512 511 513 158 
413 158 513 514 515 
414 513 157 214 514 
415 514 214 160 516 
416 515 514 516 83 
417 83 516 517 518 
418 516 160 359 517 
419 517 359 201 519 
420 518 517 519 202 
421 237 521 520 486 
422 521 236 522 520 
423 520 522 154 242 
424 486 520 242 59 
425 267 524 523 492 
426 524 269 525 523 
427 523 525 74 272 
428 492 523 272 266 
429 318 335 526 527 
430 335 66 500 526 
431 526 500 93 528 
432 527 526 528 328 
433 328 528 529 530 
434 528 93 503 529 
435 529 503 76 531 
436 530 529 531 330 
437 91 495 532 533 
438 495 75 512 532 
439 532 512 158 534 
440 533 532 534 433 
441 433 534 535 536 
442 534 158 515 535 
443 535 515 83 537 
444 536 535 537 435 
445 435 537 538 539 
446 537 83 518 538 
447 538 518 202 540 
448 539 538 540 436 
449 74 542 541 273 
450 542 238 543 541 
451 541 543 236 521 
452 273 541 521 237 
453 236 545 544 522 
454 545 239 546 544 
455 544 546 137 461 
456 522 544 461 154 
457 5 498 547 548 
458 498 91 533 547 
459 547 533 433 549 
460 548 547 549 434 
461 434 549 550 551 
462 549 433 536 550 
463 550 536 435 552 
464 551 550 552 84 
465 84 552 553 554 
466 552 435 539 553 
467 553 539 436 555 
468 554 553 555 437 
469 269 557 556 525 
470 557 454 558 556 
471 556 558 238 542 
472 525 556 542 74 
