2 0.000000 1989.093400 115197.572811
535 454 
1 -165.125896 0.000000 -182.734516 1988.773589 -0.000033 34.718148 0.000017 
2 230.704331 0.000000 -182.734516 1988.776336 -0.000172 34.610328 0.000016 
3 230.704331 0.000000 191.138357 1988.807295 -0.000202 34.612322 -0.000015 
4 -165.125896 0.000000 191.138357 1988.807445 -0.000030 34.717320 -0.000017 
5 32.789217 0.000000 4.201920 1993.748979 0.106781 5.272999 -0.004694 
6 -165.125896 0.000000 4.201920 1988.791847 -0.000053 34.738093 -0.000002 
7 32.789217 0.000000 -182.734516 1988.739299 -0.000132 34.660227 0.000052 
8 230.704331 0.000000 4.201920 1989.121225 -3.229975 15.737457 -0.000093 
9 32.789217 0.000000 191.138357 1988.838916 -0.000108 34.663273 -0.000048 
10 131.746774 0.000000 -89.266298 1988.736024 -0.000995 34.286130 0.000062 
11 32.789217 0.000000 -89.266298 1988.579106 0.013802 34.481444 0.000217 
12 131.746774 0.000000 -182.734516 1988.757556 -0.000166 34.619411 0.000035 
13 230.704331 0.000000 -89.266298 1988.782792 -0.000705 34.304740 0.000015 
14 131.746774 0.000000 4.201920 1989.199964 -2.380979 11.443530 -0.000142 
15 -66.168339 0.000000 -89.266298 1988.718337 0.000027 34.730646 0.000072 
16 -165.125896 0.000000 -89.266298 1988.774392 -0.000047 34.729397 0.000016 
17 -66.168339 0.000000 -182.734516 1988.754060 -0.000069 34.705118 0.000037 
18 -66.168339 0.000000 4.201920 1988.800909 -0.000308 34.813228 -0.000012 
19 131.746774 0.000000 97.670139 1988.854698 -0.000996 34.330414 -0.000058 
20 32.789217 0.000000 97.670139 1988.976269 0.036279 34.511134 -0.000183 
21 230.704331 0.000000 97.670139 1988.811671 -0.000957 34.317856 -0.000014 
22 131.746774 0.000000 191.138357 1988.823960 -0.000168 34.624495 -0.000032 
23 82.267996 0.000000 -42.532189 1988.597172 -0.005659 33.011955 0.000223 
24 32.789217 0.000000 -42.532189 1987.849428 -0.022697 33.700392 0.000963 
25 82.267996 0.000000 -89.266298 1988.658671 -0.035080 34.316047 0.000139 
26 131.746774 0.000000 -42.532189 1988.766037 0.011992 33.069114 0.000053 
27 82.267996 0.000000 4.201920 1989.217219 -1.625839 12.289606 -0.000163 
28 -66.168339 0.000000 97.670139 1988.861283 0.000058 34.724549 -0.000071 
29 -165.125896 0.000000 97.670139 1988.807799 -0.000043 34.728030 -0.000018 
30 -66.168339 0.000000 191.138357 1988.825554 -0.000057 34.704318 -0.000035 
31 -16.689561 0.000000 -42.532189 1988.496977 -0.004741 34.749362 0.000294 
32 -66.168339 0.000000 -42.532189 1988.721399 0.000096 34.780414 0.000068 
33 -16.689561 0.000000 -89.266298 1988.636325 0.003457 34.669025 0.000156 
34 -16.689561 0.000000 4.201920 1988.886884 -0.012432 35.182282 -0.000105 
35 82.267996 0.000000 50.936029 1988.998845 -0.016113 33.415583 -0.000187 
36 32.789217 0.000000 50.936029 1989.409937 -0.053991 33.980066 -0.000610 
37 131.746774 0.000000 50.936029 1988.867661 -0.019039 33.356184 -0.000054 
38 82.267996 0.000000 97.670139 1988.914117 0.000212 34.373011 -0.000118 
39 57.528607 0.000000 -19.165134 1987.877529 -0.073699 28.473946 0.001017 
40 32.789217 0.000000 -19.165134 1985.838026 -0.019630 30.232657 0.003040 
41 57.528607 0.000000 -42.532189 1988.264677 0.015735 33.154008 0.000555 
42 82.267996 0.000000 -19.165134 1988.677147 -0.031794 28.882818 0.000208 
43 57.528607 0.000000 4.201920 1989.900913 -0.887516 11.521945 -0.000846 
44 -16.689561 0.000000 50.936029 1989.061764 -0.010861 34.719205 -0.000273 
45 -66.168339 0.000000 50.936029 1988.867143 0.000147 34.769030 -0.000078 
46 -16.689561 0.000000 97.670139 1988.932046 0.000040 34.668316 -0.000142 
47 8.049828 0.000000 -19.165134 1986.867998 0.009455 35.034161 0.001926 
48 -16.689561 0.000000 -19.165134 1988.463264 -0.010505 35.037335 0.000323 
49 8.049828 0.000000 -42.532189 1988.097471 -0.019463 34.475431 0.000701 
50 8.049828 0.000000 4.201920 1990.602232 -0.002776 37.623940 -0.001875 
51 57.528607 0.000000 27.568975 1989.681358 -0.020548 30.873818 -0.000832 
52 32.789217 0.000000 27.568975 1990.718553 -0.017904 32.203839 -0.001897 
53 82.267996 0.000000 27.568975 1989.098490 -0.020656 30.850180 -0.000246 
54 57.528607 0.000000 50.936029 1989.233771 0.014817 33.526474 -0.000425 
55 45.158912 0.000000 -7.481607 1986.530979 -0.613752 19.069250 0.002483 
56 32.789217 0.000000 -7.481607 1983.916174 -0.030044 17.564817 0.005121 
57 45.158912 0.000000 -19.165134 1986.986846 -0.036925 28.921921 0.001906 
58 57.528607 0.000000 -7.481607 1987.880742 -0.559591 18.522190 0.001132 
59 45.158912 0.000000 4.201920 1990.952793 0.000000 10.721999 -0.001900 
60 8.049828 0.000000 27.568975 1990.121664 -0.028436 34.629667 -0.001337 
61 -16.689561 0.000000 27.568975 1989.152171 -0.011198 34.929775 -0.000367 
62 8.049828 0.000000 50.936029 1989.333697 -0.010211 34.496293 -0.000542 
63 20.419523 0.000000 -7.481607 1979.054405 0.000467 28.467384 0.009864 
64 8.049828 0.000000 -7.481607 1986.485032 0.007518 36.473255 0.002285 
65 20.419523 0.000000 -19.165134 1985.710668 0.008544 32.962645 0.003124 
66 20.419523 0.000000 4.201920 2004.792668 -0.036049 19.421580 -0.015943 
67 45.158912 0.000000 15.885447 1990.897465 -0.024356 26.979444 -0.001999 
68 32.789217 0.000000 15.885447 1992.670388 -0.023425 28.183898 -0.003801 
69 57.528607 0.000000 15.885447 1989.886634 -0.008404 26.418129 -0.000974 
70 45.158912 0.000000 27.568975 1990.255677 -0.021125 31.275106 -0.001416 
71 38.974065 0.000000 -1.639843 1987.804518 0.819402 15.581741 0.001234 
72 32.789217 0.000000 -1.639843 1983.487191 0.469534 -23.891497 0.005485 
73 38.974065 0.000000 -7.481607 1986.217626 -0.166773 18.468630 0.002803 
74 45.158912 0.000000 -1.639843 1987.987601 2.069309 15.494699 0.001050 
75 38.974065 0.000000 4.201920 1990.483180 0.000000 9.354030 -0.001420 
76 20.419523 0.000000 15.885447 1993.138260 -0.018617 32.320981 -0.004335 
77 8.049828 0.000000 15.885447 1990.919157 -0.001906 35.292472 -0.002151 
78 20.419523 0.000000 27.568975 1990.817521 -0.025411 33.656986 -0.002021 
79 26.604370 0.000000 -1.639843 1987.528104 -0.019325 -47.915335 0.000993 
80 20.419523 0.000000 -1.639843 1957.180238 0.072140 -4.943330 0.031825 
81 26.604370 0.000000 -7.481607 1980.504856 -0.002192 21.583747 0.008499 
82 26.604370 0.000000 4.201920 2001.158912 -0.052805 8.886740 -0.012188 
83 38.974065 0.000000 10.043684 1992.091321 0.022947 21.824933 -0.003137 
84 32.789217 0.000000 10.043684 1993.653831 0.029069 22.553154 -0.004719 
85 45.158912 0.000000 10.043684 1991.244475 0.000000 20.002605 -0.002265 
86 38.974065 0.000000 15.885447 1991.676591 -0.023501 27.376312 -0.002788 
87 35.881641 0.000000 1.281038 1985.564968 0.000000 -10.628171 0.003516 
88 32.789217 0.000000 1.281038 1991.668047 -0.334122 -19.773176 -0.002689 
89 35.881641 0.000000 -1.639843 1987.692681 0.556142 15.605922 0.001346 
90 38.974065 0.000000 1.281038 1987.478979 -0.000000 -2.068608 0.001622 
91 35.881641 0.000000 4.201920 1989.457583 0.000000 2.972309 -0.000368 
92 26.604370 0.000000 10.043684 1995.504071 -0.004841 25.495515 -0.006621 
93 20.419523 0.000000 10.043684 1995.632431 -0.016669 30.307561 -0.006818 
94 26.604370 0.000000 15.885447 1993.190480 -0.028400 29.929418 -0.004350 
95 29.696794 0.000000 1.281038 1987.312651 -0.579614 -48.156992 0.001203 
96 26.604370 0.000000 1.281038 1987.831771 -0.001704 -47.877498 0.000689 
97 29.696794 0.000000 -1.639843 1987.312651 -0.579614 -48.156992 0.001203 
98 29.696794 0.000000 4.201920 1997.861579 -0.001186 6.350635 -0.008846 
99 82.267996 0.000000 -136.000407 1988.716944 -0.000378 34.559182 0.000077 
100 32.789217 0.000000 -136.000407 1988.697613 -0.000240 34.615407 0.000095 
101 82.267996 0.000000 -182.734516 1988.745755 -0.000155 34.635253 0.000046 
102 131.746774 0.000000 -136.000407 1988.745893 -0.000324 34.533408 0.000048 
103 57.528607 0.000000 -65.899244 1988.542581 -0.001798 34.074127 0.000260 
104 32.789217 0.000000 -65.899244 1988.453029 -0.001100 34.282691 0.000347 
105 57.528607 0.000000 -89.266298 1988.610306 0.014208 34.380748 0.000187 
106 82.267996 0.000000 -65.899244 1988.623283 0.020161 33.970178 0.000181 
107 45.158912 0.000000 -30.848662 1987.563303 0.010942 32.036152 0.001278 
108 32.789217 0.000000 -30.848662 1987.144177 0.035183 32.785627 0.001687 
109 45.158912 0.000000 -42.532189 1988.044856 -0.059361 33.369605 0.000773 
110 57.528607 0.000000 -30.848662 1988.051847 0.001083 31.715830 0.000793 
111 38.974065 0.000000 -13.323371 1985.780520 -0.037304 25.808462 0.003160 
112 32.789217 0.000000 -13.323371 1984.601546 -0.029904 26.479713 0.004334 
113 38.974065 0.000000 -19.165134 1986.464285 -0.030570 29.534020 0.002421 
114 45.158912 0.000000 -13.323371 1986.709758 -0.092673 25.656356 0.002229 
115 35.881641 0.000000 -4.560725 1987.637396 -0.031647 7.615453 0.001449 
116 32.789217 0.000000 -4.560725 1983.789051 0.017771 5.597508 0.005318 
117 35.881641 0.000000 -7.481607 1985.492261 -0.075160 17.498755 0.003540 
118 38.974065 0.000000 -4.560725 1987.645966 -0.187400 11.288306 0.001423 
119 34.335429 0.000000 -0.179403 1984.078294 -1.674315 -38.773555 0.004656 
120 32.789217 0.000000 -0.179403 1987.445585 -11.858761 -44.957727 0.001110 
121 34.335429 0.000000 -1.639843 1988.205461 0.452696 -25.219083 0.000732 
122 35.881641 0.000000 -0.179403 1983.917732 0.301452 1.765490 0.005196 
123 34.335429 0.000000 1.281038 1987.733913 0.000000 -17.117071 0.001292 
124 181.225553 0.000000 50.936029 1988.834365 -0.004087 33.329787 -0.000020 
125 181.225553 0.000000 4.201920 1989.205581 -3.147973 10.931498 -0.000146 
126 230.704331 0.000000 50.936029 1988.824182 -0.004235 33.295501 -0.000010 
127 181.225553 0.000000 97.670139 1988.824654 -0.000920 34.321539 -0.000028 
128 107.007385 0.000000 27.568975 1988.933493 -0.029702 30.830591 -0.000079 
129 107.007385 0.000000 4.201920 1989.200409 -0.618854 11.679482 -0.000142 
130 131.746774 0.000000 27.568975 1988.895366 0.005505 30.775398 -0.000040 
131 107.007385 0.000000 50.936029 1988.913049 -0.003794 33.370627 -0.000100 
132 69.898301 0.000000 15.885447 1989.306583 -0.030611 26.512151 -0.000392 
133 69.898301 0.000000 4.201920 1989.266099 -1.302986 12.290140 -0.000212 
134 82.267996 0.000000 15.885447 1989.098291 -0.024555 26.602995 -0.000184 
135 69.898301 0.000000 27.568975 1989.276357 -0.025631 30.878428 -0.000425 
136 51.343759 0.000000 10.043684 1990.591720 0.312346 21.716976 -0.001626 
137 51.343759 0.000000 4.201920 1990.766589 0.210852 11.564454 -0.001717 
138 57.528607 0.000000 10.043684 1989.916005 0.317741 21.559028 -0.000945 
139 51.343759 0.000000 15.885447 1990.280722 -0.007278 26.660470 -0.001374 
140 181.225553 0.000000 -42.532189 1988.798448 -0.003210 33.144918 0.000019 
141 181.225553 0.000000 -89.266298 1988.769243 -0.000728 34.293328 0.000029 
142 230.704331 0.000000 -42.532189 1988.807801 -0.003054 33.208586 0.000008 
143 107.007385 0.000000 -19.165134 1988.821838 -0.037632 29.129051 0.000059 
144 107.007385 0.000000 -42.532189 1988.716901 0.006762 33.025109 0.000103 
145 131.746774 0.000000 -19.165134 1988.854136 -0.023712 29.324495 0.000023 
146 69.898301 0.000000 -7.481607 1988.765846 -0.382975 19.246574 0.000236 
147 69.898301 0.000000 -19.165134 1988.437250 -0.045698 28.635138 0.000452 
148 82.267996 0.000000 -7.481607 1988.938390 -0.343897 19.898397 0.000056 
149 51.343759 0.000000 -1.639843 1982.619945 1.770797 9.406610 0.006475 
150 51.343759 0.000000 -7.481607 1987.065699 -0.767561 19.158441 0.001945 
151 57.528607 0.000000 -1.639843 1987.621284 6.618245 9.202631 0.001447 
152 48.251336 0.000000 7.122802 1990.980264 0.000000 18.923324 -0.001989 
153 45.158912 0.000000 7.122802 1991.206116 0.000000 18.166089 -0.002209 
154 48.251336 0.000000 4.201920 1990.931845 0.788898 11.607376 -0.001884 
155 51.343759 0.000000 7.122802 1990.654499 -0.005223 17.677168 -0.001649 
156 48.251336 0.000000 10.043684 1990.903474 0.000000 20.216130 -0.001924 
157 42.066488 0.000000 7.122802 1991.376174 0.000000 17.284416 -0.002372 
158 38.974065 0.000000 7.122802 1991.247933 0.000000 13.839454 -0.002216 
159 42.066488 0.000000 4.201920 1990.884185 -0.000000 10.661022 -0.001830 
160 42.066488 0.000000 10.043684 1991.347430 0.000000 19.963365 -0.002368 
161 82.267996 0.000000 144.404248 1988.860459 -0.000261 34.573590 -0.000068 
162 32.789217 0.000000 144.404248 1988.875884 -0.000147 34.623803 -0.000084 
163 131.746774 0.000000 144.404248 1988.837246 -0.000328 34.546662 -0.000044 
164 82.267996 0.000000 191.138357 1988.833848 -0.000140 34.640241 -0.000042 
165 57.528607 0.000000 74.303084 1989.040677 0.011802 34.189649 -0.000242 
166 32.789217 0.000000 74.303084 1989.102340 0.009305 34.358836 -0.000307 
167 82.267996 0.000000 74.303084 1988.961979 -0.006396 34.101337 -0.000162 
168 57.528607 0.000000 97.670139 1988.954786 0.035799 34.428189 -0.000160 
169 45.158912 0.000000 39.252502 1989.717433 -0.045411 33.004619 -0.000903 
170 32.789217 0.000000 39.252502 1989.935549 -0.012042 33.476947 -0.001130 
171 57.528607 0.000000 39.252502 1989.416927 -0.044257 32.786789 -0.000597 
172 45.158912 0.000000 50.936029 1989.340255 -0.055031 33.726665 -0.000536 
173 51.343759 0.000000 21.727211 1990.047221 0.013344 29.407373 -0.001178 
174 45.158912 0.000000 21.727211 1990.457872 0.006322 29.714868 -0.001596 
175 57.528607 0.000000 21.727211 1989.789302 -0.020219 29.184255 -0.000915 
176 51.343759 0.000000 27.568975 1989.945061 -0.021386 31.031714 -0.001100 
177 48.251336 0.000000 12.964566 1990.755837 0.015068 24.724237 -0.001827 
178 45.158912 0.000000 12.964566 1991.066234 -0.015848 24.950674 -0.002142 
179 51.343759 0.000000 12.964566 1990.425341 0.013468 24.586648 -0.001492 
180 48.251336 0.000000 15.885447 1990.618266 -0.019549 26.729466 -0.001714 
181 46.705124 0.000000 8.583243 1991.055055 0.000000 19.589294 -0.002070 
182 45.158912 0.000000 8.583243 1991.198844 0.000000 19.766630 -0.002217 
183 46.705124 0.000000 7.122802 1991.083823 -0.000000 17.856286 -0.002083 
184 48.251336 0.000000 8.583243 1990.860308 0.000000 20.274053 -0.001881 
185 46.705124 0.000000 10.043684 1991.073166 -0.000000 20.054311 -0.002093 
186 63.713454 0.000000 10.043684 1989.509178 0.340354 21.548095 -0.000535 
187 63.713454 0.000000 4.201920 1989.342804 -1.150999 12.093321 -0.000288 
188 69.898301 0.000000 10.043684 1989.281040 0.485018 21.765343 -0.000308 
189 63.713454 0.000000 15.885447 1989.536688 -0.012067 26.410093 -0.000622 
190 54.436183 0.000000 7.122802 1990.292452 -0.175818 17.520046 -0.001284 
191 54.436183 0.000000 4.201920 1990.337855 -0.490715 11.613746 -0.001286 
192 57.528607 0.000000 7.122802 1989.963442 -0.256291 17.335214 -0.000951 
193 54.436183 0.000000 10.043684 1990.235742 0.308057 21.612764 -0.001267 
194 49.797547 0.000000 8.583243 1990.845509 0.000000 20.294153 -0.001867 
195 49.797547 0.000000 7.122802 1990.788769 0.093814 17.811117 -0.001786 
196 51.343759 0.000000 8.583243 1990.584233 -0.164873 19.918387 -0.001600 
197 49.797547 0.000000 10.043684 1990.687487 0.306038 21.805466 -0.001724 
198 38.974065 0.000000 21.727211 1990.920140 -0.011607 30.238420 -0.002069 
199 32.789217 0.000000 21.727211 1991.462291 -0.048361 30.999527 -0.002626 
200 38.974065 0.000000 27.568975 1990.417790 -0.045772 31.689197 -0.001586 
201 42.066488 0.000000 12.964566 1991.500467 -0.013626 24.968494 -0.002579 
202 38.974065 0.000000 12.964566 1992.035074 -0.017208 25.097279 -0.003119 
203 42.066488 0.000000 15.885447 1991.293510 -0.024210 27.083441 -0.002399 
204 46.705124 0.000000 11.504125 1990.987942 0.036077 23.570011 -0.002046 
205 45.158912 0.000000 11.504125 1991.197093 0.025039 23.487817 -0.002256 
206 48.251336 0.000000 11.504125 1990.811549 0.034290 23.479668 -0.001868 
207 46.705124 0.000000 12.964566 1990.923347 0.000422 24.824274 -0.001997 
208 47.478230 0.000000 9.313463 1990.937650 0.000000 21.108270 -0.001968 
209 46.705124 0.000000 9.313463 1991.029437 0.000000 20.785652 -0.002057 
210 47.478230 0.000000 8.583243 1990.980955 0.000000 19.843205 -0.001998 
211 48.251336 0.000000 9.313463 1990.860750 -0.000000 20.927707 -0.001889 
212 47.478230 0.000000 10.043684 1990.961061 0.000000 20.139493 -0.001981 
213 43.612700 0.000000 8.583243 1991.327886 0.000000 19.741529 -0.002347 
214 42.066488 0.000000 8.583243 1991.368048 0.000000 18.611687 -0.002376 
215 43.612700 0.000000 7.122802 1991.282593 0.000000 17.683764 -0.002281 
216 43.612700 0.000000 10.043684 1991.315455 0.000000 19.958350 -0.002336 
217 45.932018 0.000000 9.313463 1991.148192 -0.000000 20.855487 -0.002177 
218 45.158912 0.000000 9.313463 1991.197685 0.000000 20.960932 -0.002228 
219 45.932018 0.000000 8.583243 1991.140749 -0.000000 19.566703 -0.002156 
220 45.932018 0.000000 10.043684 1991.145851 -0.000000 20.021996 -0.002166 
221 54.436183 0.000000 12.964566 1990.153528 0.018993 24.428530 -0.001217 
222 57.528607 0.000000 12.964566 1989.859369 -0.000724 24.438562 -0.000921 
223 54.436183 0.000000 15.885447 1990.039237 -0.007885 26.544580 -0.001129 
224 49.797547 0.000000 11.504125 1990.703796 0.057898 23.266213 -0.001757 
225 51.343759 0.000000 11.504125 1990.534491 0.054461 23.196396 -0.001586 
226 49.797547 0.000000 12.964566 1990.611799 0.004321 24.582948 -0.001680 
227 47.478230 0.000000 10.773904 1990.850768 0.087924 22.854002 -0.001900 
228 46.705124 0.000000 10.773904 1990.930704 0.076908 22.885510 -0.001981 
229 48.251336 0.000000 10.773904 1990.856460 0.088467 22.750590 -0.001904 
230 47.478230 0.000000 11.504125 1990.897162 0.036572 23.529787 -0.001954 
231 47.091677 0.000000 9.678574 1990.915605 -0.000000 21.368013 -0.001948 
232 46.705124 0.000000 9.678574 1990.994093 -0.000000 21.209545 -0.002026 
233 47.091677 0.000000 9.313463 1990.970832 0.000000 21.054289 -0.002001 
234 47.478230 0.000000 9.678574 1990.893955 0.000000 21.265057 -0.001926 
235 47.091677 0.000000 10.043684 1991.016072 -0.000000 20.086909 -0.002036 
236 48.251336 0.000000 1.281038 1990.000283 2.689103 4.225521 -0.000918 
237 45.158912 0.000000 1.281038 1989.894014 3.101656 1.670731 -0.000808 
238 48.251336 0.000000 -1.639843 1987.260815 -2.023032 10.766805 0.001811 
239 51.343759 0.000000 1.281038 1989.793609 0.391924 7.495566 -0.000718 
240 46.705124 0.000000 5.662361 1991.114475 0.000000 15.999441 -0.002098 
241 45.158912 0.000000 5.662361 1991.147475 0.000000 14.610944 -0.002120 
242 46.705124 0.000000 4.201920 1990.954021 0.000000 10.655611 -0.001900 
243 48.251336 0.000000 5.662361 1991.018617 0.000000 17.504887 -0.002014 
244 47.478230 0.000000 7.853022 1990.984988 0.000000 18.979187 -0.001994 
245 46.705124 0.000000 7.853022 1991.060295 0.000000 18.887073 -0.002069 
246 47.478230 0.000000 7.122802 1991.028426 0.000000 18.257859 -0.002031 
247 48.251336 0.000000 7.853022 1990.950100 0.000000 19.517229 -0.001964 
248 47.091677 0.000000 8.948353 1991.002729 0.000000 20.261606 -0.002024 
249 46.705124 0.000000 8.948353 1991.037281 0.000000 20.235976 -0.002059 
250 47.091677 0.000000 8.583243 1991.018192 0.000000 19.815204 -0.002036 
251 47.478230 0.000000 8.948353 1990.978457 0.000000 20.166046 -0.001999 
252 49.024441 0.000000 9.313463 1990.879420 0.000000 20.239952 -0.001900 
253 49.024441 0.000000 8.583243 1990.889300 0.000000 20.233959 -0.001910 
254 49.797547 0.000000 9.313463 1990.839392 0.000000 20.303685 -0.001861 
255 49.024441 0.000000 10.043684 1990.837427 0.000000 20.306950 -0.001859 
256 47.864783 0.000000 9.678574 1990.901627 0.000000 21.091016 -0.001931 
257 47.864783 0.000000 9.313463 1990.901165 0.000000 21.148640 -0.001932 
258 48.251336 0.000000 9.678574 1990.929082 0.000000 20.174574 -0.001949 
259 47.864783 0.000000 10.043684 1990.938595 0.000000 20.161349 -0.001959 
260 47.284953 0.000000 9.496019 1990.919643 -0.000000 21.389465 -0.001953 
261 47.091677 0.000000 9.496019 1990.936607 -0.000000 21.419296 -0.001970 
262 47.284953 0.000000 9.313463 1990.951745 0.000000 21.059332 -0.001982 
263 47.478230 0.000000 9.496019 1990.910833 0.000000 21.367811 -0.001944 
264 47.284953 0.000000 9.678574 1990.902573 0.000000 21.335305 -0.001935 
265 42.066488 0.000000 1.281038 1989.718629 0.000000 -0.015490 -0.000629 
266 42.066488 0.000000 -1.639843 1988.068733 1.702658 15.508759 0.000968 
267 42.066488 0.000000 -4.560725 1986.886912 -0.679491 12.818761 0.002176 
268 42.066488 0.000000 -7.481607 1986.361034 -0.370932 18.945558 0.002655 
269 45.158912 0.000000 -4.560725 1987.004512 -1.313864 13.751829 0.002051 
270 43.612700 0.000000 -0.179403 1988.617894 0.706295 7.341002 0.000464 
271 42.066488 0.000000 -0.179403 1988.834386 0.282590 3.185851 0.000258 
272 43.612700 0.000000 -1.639843 1988.021927 1.973996 15.494401 0.001015 
273 45.158912 0.000000 -0.179403 1988.607295 -2.674681 12.757074 0.000446 
274 43.612700 0.000000 1.281038 1989.649103 0.000000 0.653174 -0.000559 
275 -16.689561 0.000000 -136.000407 1988.709758 -0.000084 34.676809 0.000082 
276 -66.168339 0.000000 -136.000407 1988.738352 -0.000105 34.710110 0.000052 
277 -16.689561 0.000000 -182.734516 1988.743193 -0.000099 34.686564 0.000048 
278 8.049828 0.000000 -65.899244 1988.474323 -0.011889 34.538157 0.000321 
279 -16.689561 0.000000 -65.899244 1988.562960 0.009117 34.693545 0.000229 
280 8.049828 0.000000 -89.266298 1988.590947 -0.043577 34.590278 0.000203 
281 20.419523 0.000000 -30.848662 1987.154802 -0.055234 33.828348 0.001659 
282 8.049828 0.000000 -30.848662 1987.636207 -0.002703 34.589825 0.001162 
283 20.419523 0.000000 -42.532189 1987.895235 0.041694 34.135575 0.000910 
284 26.604370 0.000000 -13.323371 1983.621802 -0.015944 28.623934 0.005287 
285 20.419523 0.000000 -13.323371 1983.735739 -0.004187 31.681178 0.005126 
286 26.604370 0.000000 -19.165134 1985.514255 0.039799 31.511467 0.003345 
287 29.696794 0.000000 -4.560725 1979.779386 0.051691 6.867747 0.009331 
288 26.604370 0.000000 -4.560725 1976.953632 0.047936 10.682640 0.012140 
289 29.696794 0.000000 -7.481607 1981.910623 -0.011689 18.820312 0.007120 
290 34.335429 0.000000 -3.100284 1987.384929 0.099076 -5.178553 0.001710 
291 32.789217 0.000000 -3.100284 1983.782108 0.129730 -6.009291 0.005324 
292 34.335429 0.000000 -4.560725 1985.914998 -0.005931 6.145588 0.003184 
293 35.881641 0.000000 -3.100284 1991.271663 0.076732 -1.286775 -0.002192 
294 37.427853 0.000000 -0.179403 1983.145073 0.081886 -2.340589 0.005971 
295 37.427853 0.000000 -1.639843 1987.826129 0.479744 15.612114 0.001212 
296 38.974065 0.000000 -0.179403 1986.327250 0.249188 2.837768 0.002777 
297 37.427853 0.000000 1.281038 1985.948138 0.000000 -5.181911 0.003153 
298 35.108535 0.000000 -0.909623 1986.840278 0.019173 4.002956 0.002260 
299 34.335429 0.000000 -0.909623 1983.959174 -2.572878 -47.457492 0.004585 
300 35.108535 0.000000 -1.639843 1987.642940 0.581728 15.600585 0.001396 
301 35.881641 0.000000 -0.909623 1987.365111 0.527264 14.371875 0.001685 
302 35.108535 0.000000 -0.179403 1982.869706 -0.655837 -22.902618 0.006115 
303 -115.647118 0.000000 -42.532189 1988.768482 -0.000068 34.749991 0.000021 
304 -165.125896 0.000000 -42.532189 1988.781057 -0.000052 34.735705 0.000009 
305 -115.647118 0.000000 -89.266298 1988.758319 -0.000081 34.733455 0.000032 
306 -115.647118 0.000000 4.201920 1988.793625 0.000090 34.758531 -0.000004 
307 -41.428950 0.000000 -19.165134 1988.697684 0.000669 34.876644 0.000090 
308 -66.168339 0.000000 -19.165134 1988.752521 -0.000286 34.805285 0.000037 
309 -41.428950 0.000000 -42.532189 1988.649672 0.003278 34.799293 0.000140 
310 -41.428950 0.000000 4.201920 1988.814510 -0.003872 34.889815 -0.000027 
311 -4.319866 0.000000 -7.481607 1988.304976 -0.012399 35.644380 0.000471 
312 -16.689561 0.000000 -7.481607 1988.630964 -0.014559 35.158382 0.000152 
313 -4.319866 0.000000 -19.165134 1988.022950 0.001862 35.182776 0.000763 
314 -4.319866 0.000000 4.201920 1989.083495 -0.014245 35.755277 -0.000313 
315 14.234675 0.000000 -1.639843 1979.827917 -0.000359 44.472719 0.008795 
316 8.049828 0.000000 -1.639843 1987.877215 0.002960 38.088760 0.000856 
317 14.234675 0.000000 -7.481607 1982.841803 0.003804 35.076969 0.005965 
318 14.234675 0.000000 4.201920 1998.097074 -0.007160 38.310167 -0.009444 
319 -115.647118 0.000000 50.936029 1988.816641 -0.000088 34.746858 -0.000027 
320 -165.125896 0.000000 50.936029 1988.802129 -0.000049 34.734676 -0.000012 
321 -115.647118 0.000000 97.670139 1988.823930 -0.000067 34.730508 -0.000034 
322 -41.428950 0.000000 27.568975 1988.914845 -0.007704 34.849815 -0.000127 
323 -66.168339 0.000000 27.568975 1988.844696 0.000115 34.796473 -0.000056 
324 -41.428950 0.000000 50.936029 1988.937747 0.018012 34.775097 -0.000149 
325 -4.319866 0.000000 15.885447 1989.540028 -0.026128 35.301319 -0.000764 
326 -16.689561 0.000000 15.885447 1989.089985 -0.021241 35.070346 -0.000307 
327 -4.319866 0.000000 27.568975 1989.495132 -0.008325 34.898492 -0.000712 
328 14.234675 0.000000 10.043684 1993.727953 -0.017939 34.513923 -0.004966 
329 8.049828 0.000000 10.043684 1991.197018 -0.003888 35.943520 -0.002443 
330 14.234675 0.000000 15.885447 1991.980408 -0.019262 34.196382 -0.003201 
331 17.327099 0.000000 1.281038 2032.122038 -0.070330 21.285399 -0.043847 
332 14.234675 0.000000 1.281038 1995.979792 -0.007085 48.512746 -0.007531 
333 17.327099 0.000000 -1.639843 1958.782313 0.025063 29.991347 0.030018 
334 20.419523 0.000000 1.281038 2035.058871 0.224805 -49.553020 -0.047372 
335 17.327099 0.000000 4.201920 2005.595839 -0.024745 30.343956 -0.016894 
336 14.234675 0.000000 -13.323371 1985.045869 0.015696 34.332084 0.003768 
337 8.049828 0.000000 -13.323371 1986.566855 0.006124 35.538448 0.002220 
338 14.234675 0.000000 -19.165134 1986.150644 -0.002809 34.324766 0.002659 
339 17.327099 0.000000 -4.560725 1975.253863 0.005875 31.584052 0.013615 
340 14.234675 0.000000 -4.560725 1981.021599 0.000770 36.716562 0.007759 
341 17.327099 0.000000 -7.481607 1980.600079 -0.000843 32.336405 0.008257 
342 20.419523 0.000000 -4.560725 1973.195894 0.014076 21.571330 0.015803 
343 23.511946 0.000000 1.281038 1988.573998 0.020995 -47.827931 -0.000056 
344 23.511946 0.000000 -1.639843 1970.556918 0.129492 -14.684848 0.018497 
345 23.511946 0.000000 4.201920 2002.015835 -0.052955 13.926065 -0.013085 
346 18.873311 0.000000 -0.179403 2138.802320 0.558031 -53.607487 -0.156921 
347 17.327099 0.000000 -0.179403 1942.146036 0.081433 12.792259 0.046606 
348 18.873311 0.000000 -1.639843 1953.932265 0.054312 14.014659 0.034992 
349 20.419523 0.000000 -0.179403 2038.458234 0.227311 -49.622896 -0.050874 
350 18.873311 0.000000 1.281038 2177.207470 0.658015 -55.159817 -0.198859 
351 181.225553 0.000000 -136.000407 1988.765734 -0.000317 34.527361 0.000028 
352 181.225553 0.000000 -182.734516 1988.768474 -0.000170 34.612347 0.000024 
353 230.704331 0.000000 -136.000407 1988.777035 -0.000313 34.528509 0.000017 
354 -115.647118 0.000000 -136.000407 1988.759923 -0.000063 34.721070 0.000031 
355 -165.125896 0.000000 -136.000407 1988.772543 -0.000040 34.722910 0.000018 
356 -115.647118 0.000000 -182.734516 1988.765218 -0.000047 34.714508 0.000025 
357 181.225553 0.000000 144.404248 1988.819851 -0.000367 34.536440 -0.000026 
358 230.704331 0.000000 144.404248 1988.809459 -0.000388 34.532925 -0.000016 
359 181.225553 0.000000 191.138357 1988.814415 -0.000189 34.616152 -0.000022 
360 107.007385 0.000000 -65.899244 1988.697054 0.010210 33.946060 0.000107 
361 107.007385 0.000000 -89.266298 1988.704607 -0.001106 34.291239 0.000094 
362 131.746774 0.000000 -65.899244 1988.740233 -0.001774 33.951646 0.000064 
363 -16.689561 0.000000 144.404248 1988.864635 -0.000094 34.676952 -0.000074 
364 -66.168339 0.000000 144.404248 1988.840615 -0.000079 34.707920 -0.000050 
365 -16.689561 0.000000 191.138357 1988.835249 -0.000080 34.687122 -0.000045 
366 -115.647118 0.000000 144.404248 1988.820970 -0.000053 34.719208 -0.000031 
367 -165.125896 0.000000 144.404248 1988.808880 -0.000036 34.721745 -0.000019 
368 -115.647118 0.000000 191.138357 1988.815350 -0.000041 34.713478 -0.000025 
369 -41.428950 0.000000 -65.899244 1988.659016 0.002592 34.739254 0.000132 
370 -66.168339 0.000000 -65.899244 1988.713167 0.000050 34.751333 0.000077 
371 -41.428950 0.000000 -89.266298 1988.681546 -0.000033 34.713886 0.000109 
372 107.007385 0.000000 74.303084 1988.901418 0.027934 34.060929 -0.000100 
373 131.746774 0.000000 74.303084 1988.862519 -0.001846 34.049860 -0.000061 
374 107.007385 0.000000 97.670139 1988.881231 -0.000894 34.343210 -0.000085 
375 69.898301 0.000000 -30.848662 1988.405668 0.012433 31.740287 0.000437 
376 69.898301 0.000000 -42.532189 1988.430773 -0.033205 33.018656 0.000391 
377 82.267996 0.000000 -30.848662 1988.587137 0.002039 31.759903 0.000254 
378 8.049828 0.000000 74.303084 1989.077599 -0.019047 34.555303 -0.000286 
379 -16.689561 0.000000 74.303084 1988.994611 -0.011900 34.678241 -0.000205 
380 8.049828 0.000000 97.670139 1988.962751 -0.029671 34.600769 -0.000171 
381 -41.428950 0.000000 74.303084 1988.917490 0.000458 34.726251 -0.000128 
382 -66.168339 0.000000 74.303084 1988.869182 0.000106 34.742191 -0.000080 
383 -41.428950 0.000000 97.670139 1988.893145 0.000066 34.706979 -0.000103 
384 -4.319866 0.000000 -30.848662 1988.168455 -0.018450 34.808126 0.000624 
385 -16.689561 0.000000 -30.848662 1988.431874 -0.005310 34.892107 0.000357 
386 -4.319866 0.000000 -42.532189 1988.300296 -0.004427 34.710830 0.000493 
387 69.898301 0.000000 39.252502 1989.208879 -0.011168 32.667727 -0.000386 
388 82.267996 0.000000 39.252502 1989.040591 0.005025 32.602018 -0.000216 
389 69.898301 0.000000 50.936029 1989.093883 -0.124703 33.465259 -0.000284 
390 51.343759 0.000000 -13.323371 1987.266702 -0.170835 25.224993 0.001675 
391 51.343759 0.000000 -19.165134 1987.541269 -0.065255 28.650882 0.001353 
392 57.528607 0.000000 -13.323371 1987.918428 -0.175901 25.196594 0.001021 
393 20.419523 0.000000 39.252502 1989.889497 -0.089256 34.053742 -0.001094 
394 8.049828 0.000000 39.252502 1989.611531 -0.009685 34.477876 -0.000821 
395 20.419523 0.000000 50.936029 1989.408543 0.002441 34.249386 -0.000613 
396 -4.319866 0.000000 39.252502 1989.331828 -0.004290 34.717577 -0.000544 
397 -16.689561 0.000000 39.252502 1989.109929 -0.003010 34.775792 -0.000322 
398 -4.319866 0.000000 50.936029 1989.174333 -0.001468 34.634204 -0.000385 
399 26.604370 0.000000 21.727211 1991.665576 -0.028020 32.037818 -0.002847 
400 20.419523 0.000000 21.727211 1991.622719 -0.036221 33.195388 -0.002823 
401 26.604370 0.000000 27.568975 1991.013023 -0.012013 32.940470 -0.002205 
402 14.234675 0.000000 21.727211 1991.210656 -0.008880 34.334146 -0.002428 
403 8.049828 0.000000 21.727211 1990.492627 -0.009468 34.810132 -0.001714 
404 14.234675 0.000000 27.568975 1990.477106 0.021352 34.218675 -0.001688 
405 23.511946 0.000000 -4.560725 1975.146242 0.030089 15.107481 0.013917 
406 23.511946 0.000000 -7.481607 1979.274570 0.009174 24.300441 0.009699 
407 35.881641 0.000000 7.122802 1992.518028 0.089329 16.678829 -0.003517 
408 32.789217 0.000000 7.122802 1993.937918 0.059076 16.752206 -0.004948 
409 35.881641 0.000000 10.043684 1992.757086 0.016968 21.843597 -0.003808 
410 35.881641 0.000000 12.964566 1992.624458 -0.003752 25.262536 -0.003715 
411 32.789217 0.000000 12.964566 1993.249918 0.016936 25.795978 -0.004352 
412 35.881641 0.000000 15.885447 1992.060493 -0.011174 27.766990 -0.003180 
413 29.696794 0.000000 7.122802 1996.135439 0.013631 17.575273 -0.007171 
414 26.604370 0.000000 7.122802 1997.520501 -0.018312 20.503604 -0.008598 
415 29.696794 0.000000 10.043684 1994.729010 0.020100 23.506327 -0.005814 
416 29.696794 0.000000 12.964566 1993.788060 -0.006912 26.771353 -0.004907 
417 26.604370 0.000000 12.964566 1994.309563 -0.012918 28.122722 -0.005452 
418 29.696794 0.000000 15.885447 1993.131632 -0.022329 28.875083 -0.004275 
419 37.427853 0.000000 -3.100284 1991.254714 0.042067 4.843645 -0.002180 
420 37.427853 0.000000 -4.560725 1988.119246 -0.084964 9.695872 0.000955 
421 38.974065 0.000000 -3.100284 1989.159177 -0.027592 7.433228 -0.000080 
422 63.713454 0.000000 21.727211 1989.496945 -0.019698 29.181512 -0.000621 
423 69.898301 0.000000 21.727211 1989.299905 -0.028444 29.223783 -0.000424 
424 63.713454 0.000000 27.568975 1989.440355 -0.025497 30.869776 -0.000590 
425 63.713454 0.000000 -1.639843 1988.922310 5.356096 9.178140 0.000143 
426 63.713454 0.000000 -7.481607 1988.497920 -0.444628 18.788883 0.000509 
427 69.898301 0.000000 -1.639843 1989.121962 5.201654 8.222110 -0.000053 
428 48.251336 0.000000 -4.560725 1986.964198 -1.630515 14.733667 0.002084 
429 48.251336 0.000000 -7.481607 1986.891246 -0.774141 19.469931 0.002117 
430 51.343759 0.000000 -4.560725 1986.255802 -1.271558 13.761963 0.002803 
431 54.436183 0.000000 1.281038 1989.454617 -1.917997 10.856572 -0.000394 
432 54.436183 0.000000 -1.639843 1985.429746 8.610435 9.593873 0.003638 
433 57.528607 0.000000 1.281038 1989.285424 -2.639427 12.764391 -0.000236 
434 49.797547 0.000000 5.662361 1990.830143 0.279106 15.084378 -0.001805 
435 49.797547 0.000000 4.201920 1990.870253 0.554071 11.716774 -0.001822 
436 51.343759 0.000000 5.662361 1990.724999 0.112164 14.856015 -0.001697 
437 43.612700 0.000000 5.662361 1991.168909 -0.000000 14.576883 -0.002142 
438 42.066488 0.000000 5.662361 1991.210804 0.000000 14.520974 -0.002183 
439 43.612700 0.000000 4.201920 1990.971863 0.000000 11.048435 -0.001921 
440 45.932018 0.000000 7.853022 1991.148462 0.000000 18.774249 -0.002156 
441 45.158912 0.000000 7.853022 1991.199751 0.000000 18.903883 -0.002209 
442 45.932018 0.000000 7.122802 1991.136252 0.000000 17.913331 -0.002136 
443 49.024441 0.000000 7.853022 1990.879010 0.000000 20.240590 -0.001900 
444 49.024441 0.000000 7.122802 1990.887625 0.000000 19.618576 -0.001902 
445 49.797547 0.000000 7.853022 1990.839392 0.000000 20.303685 -0.001861 
446 43.612700 0.000000 11.504125 1991.403398 0.007852 23.550905 -0.002464 
447 42.066488 0.000000 11.504125 1991.630383 -0.001548 23.546052 -0.002693 
448 43.612700 0.000000 12.964566 1991.295950 -0.006335 24.876195 -0.002372 
449 45.932018 0.000000 10.773904 1990.983742 0.066827 22.915727 -0.002034 
450 45.158912 0.000000 10.773904 1991.167360 0.051243 22.749626 -0.002217 
451 45.932018 0.000000 11.504125 1991.014994 0.032502 23.701455 -0.002075 
452 47.864783 0.000000 8.948353 1990.931470 0.000000 20.174547 -0.001952 
453 47.864783 0.000000 8.583243 1990.922761 -0.000000 20.072880 -0.001942 
454 48.251336 0.000000 8.948353 1990.904455 0.000000 20.208756 -0.001925 
455 49.024441 0.000000 10.773904 1990.770990 0.084997 22.711677 -0.001818 
456 49.797547 0.000000 10.773904 1990.715260 0.096365 22.584675 -0.001760 
457 49.024441 0.000000 11.504125 1990.757987 0.037086 23.416310 -0.001813 
458 40.520276 0.000000 -0.179403 1988.001162 0.127899 0.606352 0.001098 
459 40.520276 0.000000 -1.639843 1987.965742 1.267457 15.543830 0.001072 
460 40.520276 0.000000 1.281038 1988.987214 -0.000000 -0.482463 0.000107 
461 43.612700 0.000000 2.741479 1990.599733 -0.000000 6.425123 -0.001526 
462 42.066488 0.000000 2.741479 1990.465023 -0.000000 6.263053 -0.001390 
463 45.158912 0.000000 2.741479 1990.884093 0.000000 9.369405 -0.001824 
464 40.520276 0.000000 2.741479 1990.150467 -0.000000 5.940615 -0.001072 
465 38.974065 0.000000 2.741479 1989.633013 0.000000 4.953372 -0.000549 
466 40.520276 0.000000 4.201920 1990.725019 0.000000 10.129412 -0.001667 
467 40.520276 0.000000 -3.100284 1987.867069 -0.261686 8.837246 0.001213 
468 40.520276 0.000000 -4.560725 1987.163308 -0.385385 12.432718 0.001901 
469 42.066488 0.000000 -3.100284 1987.422265 -0.721188 9.374784 0.001657 
470 37.427853 0.000000 2.741479 1989.219687 0.000000 2.882664 -0.000129 
471 35.881641 0.000000 2.741479 1989.154833 0.000000 -0.096812 -0.000062 
472 37.427853 0.000000 4.201920 1990.061159 0.000000 6.799282 -0.000985 
473 34.335429 0.000000 2.741479 1989.094127 0.000000 -0.037725 -0.000001 
474 32.789217 0.000000 2.741479 1993.008445 0.015287 -4.283823 -0.003945 
475 34.335429 0.000000 4.201920 1989.165335 0.000000 -0.321425 -0.000072 
476 23.511946 0.000000 7.122802 1999.207354 -0.034056 22.894976 -0.010328 
477 20.419523 0.000000 7.122802 1999.639423 -0.020331 27.491091 -0.010823 
478 23.511946 0.000000 10.043684 1995.602984 -0.041682 28.000530 -0.006754 
479 23.511946 0.000000 12.964566 1994.479653 -0.017576 29.728975 -0.005647 
480 20.419523 0.000000 12.964566 1994.037383 -0.023033 31.399724 -0.005226 
481 23.511946 0.000000 15.885447 1993.194992 -0.018828 31.104583 -0.004373 
482 63.713454 0.000000 -13.323371 1988.284752 -0.153943 25.212607 0.000652 
483 63.713454 0.000000 -19.165134 1988.202838 -0.050509 28.488589 0.000690 
484 69.898301 0.000000 -13.323371 1988.548432 -0.122122 25.476769 0.000384 
485 54.436183 0.000000 -4.560725 1986.816557 -0.344775 11.842379 0.002253 
486 54.436183 0.000000 -7.481607 1987.454313 -0.646402 18.856438 0.001557 
487 57.528607 0.000000 -4.560725 1987.880596 -0.181746 11.118024 0.001188 
488 40.520276 0.000000 5.662361 1991.195392 0.000000 13.992741 -0.002164 
489 38.974065 0.000000 5.662361 1990.950336 0.000000 12.051111 -0.001905 
490 40.520276 0.000000 7.122802 1991.330974 0.000000 15.782276 -0.002314 
491 40.520276 0.000000 8.583243 1991.428355 0.000000 17.391763 -0.002426 
492 38.974065 0.000000 8.583243 1991.924638 0.066114 19.702526 -0.002947 
493 40.520276 0.000000 10.043684 1991.765231 0.026731 22.018804 -0.002811 
494 40.520276 0.000000 11.504125 1991.785453 -0.007551 23.621125 -0.002850 
495 38.974065 0.000000 11.504125 1992.098950 -0.003431 23.545056 -0.003164 
496 40.520276 0.000000 12.964566 1991.793651 -0.014912 24.970328 -0.002874 
497 46.705124 0.000000 2.741479 1990.737506 -1.260530 6.588357 -0.001665 
498 46.705124 0.000000 1.281038 1990.005548 3.118661 2.775878 -0.000922 
499 48.251336 0.000000 2.741479 1990.743511 -1.650739 6.773338 -0.001672 
500 43.612700 0.000000 -3.100284 1987.549027 -1.259636 10.207774 0.001526 
501 43.612700 0.000000 -4.560725 1986.907072 -1.016243 13.262621 0.002152 
502 45.158912 0.000000 -3.100284 1987.574845 -1.622398 10.987856 0.001495 
503 17.327099 0.000000 7.122802 1998.697342 -0.017689 32.121309 -0.009941 
504 14.234675 0.000000 7.122802 1995.342261 -0.007624 35.145057 -0.006605 
505 17.327099 0.000000 10.043684 1995.068177 -0.013931 32.488478 -0.006283 
506 17.327099 0.000000 12.964566 1993.608500 -0.013406 33.071755 -0.004821 
507 14.234675 0.000000 12.964566 1992.809477 -0.021269 34.337502 -0.004038 
508 17.327099 0.000000 15.885447 1992.606078 -0.021627 33.380348 -0.003817 
509 37.427853 0.000000 5.662361 1990.637836 0.000000 10.137686 -0.001579 
510 35.881641 0.000000 5.662361 1991.893378 0.129602 12.833074 -0.002859 
511 37.427853 0.000000 7.122802 1992.016919 0.098034 16.656375 -0.003012 
512 37.427853 0.000000 8.583243 1992.302438 0.052510 19.596660 -0.003326 
513 35.881641 0.000000 8.583243 1992.758507 0.048127 19.370127 -0.003783 
514 37.427853 0.000000 10.043684 1992.313540 0.020526 21.920673 -0.003362 
515 37.427853 0.000000 11.504125 1992.348929 -0.000411 23.619681 -0.003417 
516 35.881641 0.000000 11.504125 1992.600698 0.004296 23.817496 -0.003673 
517 37.427853 0.000000 12.964566 1992.281131 -0.020594 25.141702 -0.003368 
518 46.705124 0.000000 -0.179403 1988.518762 -2.514996 14.609651 0.000522 
519 46.705124 0.000000 -1.639843 1987.818824 -1.464940 10.248310 0.001254 
520 48.251336 0.000000 -0.179403 1988.197384 -3.195374 16.385307 0.000830 
521 49.797547 0.000000 2.741479 1990.755165 -2.271861 6.250807 -0.001683 
522 49.797547 0.000000 1.281038 1989.934054 1.771266 5.669974 -0.000854 
523 51.343759 0.000000 2.741479 1990.654621 0.347069 8.441531 -0.001588 
524 34.335429 0.000000 5.662361 1992.713660 0.116770 12.297584 -0.003682 
525 32.789217 0.000000 5.662361 1994.025663 0.095580 11.961901 -0.005002 
526 34.335429 0.000000 7.122802 1993.063703 0.077400 16.626609 -0.004066 
527 34.335429 0.000000 8.583243 1993.279583 0.042211 19.679243 -0.004311 
528 32.789217 0.000000 8.583243 1993.732492 0.019464 19.868402 -0.004770 
529 34.335429 0.000000 10.043684 1993.258427 0.018892 21.860365 -0.004313 
530 34.335429 0.000000 11.504125 1993.054767 0.005246 23.906534 -0.004132 
531 32.789217 0.000000 11.504125 1993.495809 0.010518 24.141487 -0.004579 
532 34.335429 0.000000 12.964566 1992.892053 -0.005403 25.546758 -0.003988 
533 46.705124 0.000000 -3.100284 1987.424138 -1.823330 11.554859 0.001643 
534 46.705124 0.000000 -4.560725 1987.027273 -1.526468 14.163216 0.002025 
535 48.251336 0.000000 -3.100284 1987.065460 -1.909986 12.147683 0.002000 
1 79 97 95 96 
2 97 72 88 95 
3 95 88 5 98 
4 96 95 98 82 
5 7 101 99 100 
6 101 12 102 99 
7 99 102 10 25 
8 100 99 25 11 
9 11 105 103 104 
10 105 25 106 103 
11 103 106 23 41 
12 104 103 41 24 
13 24 109 107 108 
14 109 41 110 107 
15 107 110 39 57 
16 108 107 57 40 
17 40 113 111 112 
18 113 57 114 111 
19 111 114 55 73 
20 112 111 73 56 
21 56 117 115 116 
22 117 73 118 115 
23 72 121 119 120 
24 119 122 87 123 
25 120 119 123 88 
26 14 125 124 37 
27 125 8 126 124 
28 124 126 21 127 
29 37 124 127 19 
30 27 129 128 53 
31 129 14 130 128 
32 128 130 37 131 
33 53 128 131 35 
34 133 27 134 132 
35 132 134 53 135 
36 10 141 140 26 
37 141 13 142 140 
38 140 142 8 125 
39 26 140 125 14 
40 23 144 143 42 
41 144 26 145 143 
42 143 145 14 129 
43 42 143 129 27 
44 147 42 148 146 
45 146 148 27 133 
46 20 38 161 162 
47 38 19 163 161 
48 161 163 22 164 
49 162 161 164 9 
50 36 54 165 166 
51 54 35 167 165 
52 165 167 38 168 
53 166 165 168 20 
54 52 70 169 170 
55 70 51 171 169 
56 169 171 54 172 
57 170 169 172 36 
58 67 139 173 174 
59 139 69 175 173 
60 173 175 51 176 
61 174 173 176 70 
62 177 179 139 180 
63 178 177 180 67 
64 43 187 186 138 
65 187 133 188 186 
66 186 188 132 189 
67 138 186 189 69 
68 137 191 190 155 
69 191 43 192 190 
70 190 192 138 193 
71 155 190 193 136 
72 195 155 196 194 
73 194 196 136 197 
74 68 86 198 199 
75 86 67 174 198 
76 198 174 70 200 
77 199 198 200 52 
78 201 178 67 203 
79 202 201 203 86 
80 204 206 177 207 
81 205 204 207 178 
82 157 215 213 214 
83 215 153 182 213 
84 213 182 85 216 
85 214 213 216 160 
86 182 219 217 218 
87 219 181 209 217 
88 217 209 185 220 
89 218 217 220 85 
90 136 193 221 179 
91 193 138 222 221 
92 221 222 69 223 
93 179 221 223 139 
94 197 136 225 224 
95 224 225 179 226 
96 206 224 226 177 
97 185 212 227 228 
98 212 156 229 227 
99 227 229 206 230 
100 228 227 230 204 
101 209 233 231 232 
102 231 234 212 235 
103 232 231 235 185 
104 238 149 239 236 
105 59 242 240 241 
106 242 154 243 240 
107 240 243 152 183 
108 241 240 183 153 
109 183 246 244 245 
110 246 152 247 244 
111 244 247 184 210 
112 245 244 210 181 
113 181 250 248 249 
114 250 210 251 248 
115 248 251 208 233 
116 249 248 233 209 
117 184 253 252 211 
118 253 194 254 252 
119 252 254 197 255 
120 211 252 255 156 
121 208 257 256 234 
122 257 211 258 256 
123 256 258 156 259 
124 234 256 259 212 
125 233 262 260 261 
126 262 208 263 260 
127 260 263 234 264 
128 261 260 264 231 
129 73 268 267 118 
130 268 55 269 267 
131 266 272 270 271 
132 272 74 273 270 
133 270 273 237 274 
134 271 270 274 265 
135 17 277 275 276 
136 277 7 100 275 
137 275 100 11 33 
138 276 275 33 15 
139 33 280 278 279 
140 280 11 104 278 
141 278 104 24 49 
142 279 278 49 31 
143 49 283 281 282 
144 283 24 108 281 
145 281 108 40 65 
146 282 281 65 47 
147 65 286 284 285 
148 286 40 112 284 
149 284 112 56 81 
150 285 284 81 63 
151 81 289 287 288 
152 289 56 116 287 
153 287 116 72 97 
154 288 287 97 79 
155 116 292 290 291 
156 292 115 293 290 
157 290 293 89 121 
158 291 290 121 72 
159 89 295 294 122 
160 295 71 296 294 
161 294 296 90 297 
162 122 294 297 87 
163 121 300 298 299 
164 300 89 301 298 
165 298 301 122 302 
166 299 298 302 119 
167 16 305 303 304 
168 305 15 32 303 
169 303 32 18 306 
170 304 303 306 6 
171 32 309 307 308 
172 309 31 48 307 
173 307 48 34 310 
174 308 307 310 18 
175 48 313 311 312 
176 313 47 64 311 
177 311 64 50 314 
178 312 311 314 34 
179 64 317 315 316 
180 316 315 318 50 
181 6 306 319 320 
182 306 18 45 319 
183 319 45 28 321 
184 320 319 321 29 
185 18 310 322 323 
186 310 34 61 322 
187 322 61 44 324 
188 323 322 324 45 
189 34 314 325 326 
190 314 50 77 325 
191 325 77 60 327 
192 326 325 327 61 
193 50 318 328 329 
194 329 328 330 77 
195 315 333 331 332 
196 331 334 66 335 
197 332 331 335 318 
198 47 338 336 337 
199 338 65 285 336 
200 336 285 63 317 
201 337 336 317 64 
202 317 341 339 340 
203 341 63 342 339 
204 339 342 80 333 
205 340 339 333 315 
206 80 344 343 334 
207 344 79 96 343 
208 343 96 82 345 
209 334 343 345 66 
210 333 348 346 347 
211 348 80 349 346 
212 346 349 334 350 
213 347 346 350 331 
214 12 352 351 102 
215 352 2 353 351 
216 351 353 13 141 
217 102 351 141 10 
218 1 356 354 355 
219 356 17 276 354 
220 354 276 15 305 
221 355 354 305 16 
222 19 127 357 163 
223 127 21 358 357 
224 357 358 3 359 
225 163 357 359 22 
226 25 361 360 106 
227 361 10 362 360 
228 360 362 26 144 
229 106 360 144 23 
230 28 46 363 364 
231 46 20 162 363 
232 363 162 9 365 
233 364 363 365 30 
234 29 321 366 367 
235 321 28 364 366 
236 366 364 30 368 
237 367 366 368 4 
238 15 371 369 370 
239 371 33 279 369 
240 369 279 31 309 
241 370 369 309 32 
242 35 131 372 167 
243 131 37 373 372 
244 372 373 19 374 
245 167 372 374 38 
246 41 376 375 110 
247 376 23 377 375 
248 375 377 42 147 
249 110 375 147 39 
250 44 62 378 379 
251 62 36 166 378 
252 378 166 20 380 
253 379 378 380 46 
254 45 324 381 382 
255 324 44 379 381 
256 381 379 46 383 
257 382 381 383 28 
258 31 386 384 385 
259 386 49 282 384 
260 384 282 47 313 
261 385 384 313 48 
262 51 135 387 171 
263 135 53 388 387 
264 387 388 35 389 
265 171 387 389 54 
266 57 391 390 114 
267 391 39 392 390 
268 390 392 58 150 
269 114 390 150 55 
270 60 78 393 394 
271 78 52 170 393 
272 393 170 36 395 
273 394 393 395 62 
274 61 327 396 397 
275 327 60 394 396 
276 396 394 62 398 
277 397 396 398 44 
278 76 94 399 400 
279 94 68 199 399 
280 399 199 52 401 
281 400 399 401 78 
282 77 330 402 403 
283 330 76 400 402 
284 402 400 78 404 
285 403 402 404 60 
286 63 406 405 342 
287 406 81 288 405 
288 405 288 79 344 
289 342 405 344 80 
290 410 202 86 412 
291 411 410 412 68 
292 82 98 413 414 
293 98 5 408 413 
294 413 408 84 415 
295 414 413 415 92 
296 92 415 416 417 
297 415 84 411 416 
298 416 411 68 418 
299 417 416 418 94 
300 115 420 419 293 
301 420 118 421 419 
302 419 421 71 295 
303 293 419 295 89 
304 69 189 422 175 
305 189 132 423 422 
306 422 423 135 424 
307 175 422 424 51 
308 58 426 425 151 
309 426 146 427 425 
310 425 427 133 187 
311 151 425 187 43 
312 55 429 428 269 
313 429 150 430 428 
314 428 430 149 238 
315 149 432 431 239 
316 432 151 433 431 
317 431 433 43 191 
318 239 431 191 137 
319 154 435 434 243 
320 435 137 436 434 
321 434 436 155 195 
322 243 434 195 152 
323 159 439 437 438 
324 439 59 241 437 
325 437 241 153 215 
326 438 437 215 157 
327 153 442 440 441 
328 442 183 245 440 
329 440 245 181 219 
330 441 440 219 182 
331 152 444 443 247 
332 444 195 445 443 
333 443 445 194 253 
334 247 443 253 184 
335 160 216 446 447 
336 216 85 205 446 
337 446 205 178 448 
338 447 446 448 201 
339 85 220 449 450 
340 220 185 228 449 
341 449 228 204 451 
342 450 449 451 205 
343 210 453 452 251 
344 453 184 454 452 
345 452 454 211 257 
346 251 452 257 208 
347 156 255 455 229 
348 255 197 456 455 
349 455 456 224 457 
350 229 455 457 206 
351 71 459 458 296 
352 459 266 271 458 
353 458 271 265 460 
354 296 458 460 90 
355 265 274 461 462 
356 274 237 463 461 
357 461 463 59 439 
358 462 461 439 159 
359 90 460 464 465 
360 460 265 462 464 
361 464 462 159 466 
362 465 464 466 75 
363 118 468 467 421 
364 468 267 469 467 
365 467 469 266 459 
366 421 467 459 71 
367 87 297 470 471 
368 297 90 465 470 
369 470 465 75 472 
370 471 470 472 91 
371 88 123 473 474 
372 123 87 471 473 
373 473 471 91 475 
374 474 473 475 5 
375 66 345 476 477 
376 345 82 414 476 
377 476 414 92 478 
378 477 476 478 93 
379 93 478 479 480 
380 478 92 417 479 
381 479 417 94 481 
382 480 479 481 76 
383 39 483 482 392 
384 483 147 484 482 
385 482 484 146 426 
386 392 482 426 58 
387 150 486 485 430 
388 486 58 487 485 
389 485 487 151 432 
390 430 485 432 149 
391 75 466 488 489 
392 466 159 438 488 
393 488 438 157 490 
394 489 488 490 158 
395 158 490 491 492 
396 490 157 214 491 
397 491 214 160 493 
398 492 491 493 83 
399 83 493 494 495 
400 493 160 447 494 
401 494 447 201 496 
402 495 494 496 202 
403 237 498 497 463 
404 498 236 499 497 
405 497 499 154 242 
406 463 497 242 59 
407 267 501 500 469 
408 501 269 502 500 
409 500 502 74 272 
410 469 500 272 266 
411 318 335 503 504 
412 335 66 477 503 
413 503 477 93 505 
414 504 503 505 328 
415 328 505 506 507 
416 505 93 480 506 
417 506 480 76 508 
418 507 506 508 330 
419 91 472 509 510 
420 472 75 489 509 
421 509 489 158 511 
422 510 509 511 407 
423 407 511 512 513 
424 511 158 492 512 
425 512 492 83 514 
426 513 512 514 409 
427 409 514 515 516 
428 514 83 495 515 
429 515 495 202 517 
430 516 515 517 410 
431 74 519 518 273 
432 519 238 520 518 
433 518 520 236 498 
434 273 518 498 237 
435 236 522 521 499 
436 522 239 523 521 
437 521 523 137 435 
438 499 521 435 154 
439 5 475 524 525 
440 475 91 510 524 
441 524 510 407 526 
442 525 524 526 408 
443 408 526 527 528 
444 526 407 513 527 
445 527 513 409 529 
446 528 527 529 84 
447 84 529 530 531 
448 529 409 516 530 
449 530 516 410 532 
450 531 530 532 411 
451 269 534 533 502 
452 534 428 535 533 
453 533 535 238 519 
454 502 533 519 74 
