2 0.000000 1989.093400 115197.572811
558 472 
1 -165.125896 0.000000 -182.734516 1988.769586 0.000162 34.719075 0.000021 
2 230.704331 0.000000 -182.734516 1988.772817 0.000667 34.585134 0.000020 
3 230.704331 0.000000 191.138357 1988.811466 0.002609 34.587667 -0.000019 
4 -165.125896 0.000000 191.138357 1988.811477 0.000310 34.718053 -0.000021 
5 32.789217 0.000000 4.201920 1996.220440 0.771788 4.618997 -0.007185 
6 -165.125896 0.000000 4.201920 1988.792164 0.000372 34.743657 -0.000002 
7 32.789217 0.000000 -182.734516 1988.726846 0.000293 34.647429 0.000065 
8 230.704331 0.000000 4.201920 1989.144456 3.519568 14.475372 -0.000107 
9 32.789217 0.000000 191.138357 1988.850697 0.001455 34.651221 -0.000059 
10 131.746774 0.000000 -89.266298 1988.722445 -0.001389 34.183368 0.000078 
11 32.789217 0.000000 -89.266298 1988.534166 0.015191 34.428348 0.000263 
12 131.746774 0.000000 -182.734516 1988.749435 0.000469 34.596521 0.000043 
13 230.704331 0.000000 -89.266298 1988.780757 -0.000429 34.206410 0.000019 
14 131.746774 0.000000 4.201920 1989.186254 4.608526 12.339154 -0.000137 
15 -66.168339 0.000000 -89.266298 1988.701807 0.000377 34.734738 0.000089 
16 -165.125896 0.000000 -89.266298 1988.770638 0.000249 34.732969 0.000020 
17 -66.168339 0.000000 -182.734516 1988.745378 0.000233 34.703048 0.000046 
18 -66.168339 0.000000 4.201920 1988.803061 0.002133 34.837497 -0.000015 
19 131.746774 0.000000 97.670139 1988.870602 0.013183 34.238641 -0.000072 
20 32.789217 0.000000 97.670139 1989.018487 0.044156 34.466528 -0.000225 
21 230.704331 0.000000 97.670139 1988.816935 0.014734 34.223131 -0.000018 
22 131.746774 0.000000 191.138357 1988.832213 0.002222 34.602881 -0.000040 
23 82.267996 0.000000 -42.532189 1988.557009 -0.033410 32.631033 0.000270 
24 32.789217 0.000000 -42.532189 1987.639927 -0.055389 33.509535 0.001177 
25 82.267996 0.000000 -89.266298 1988.628737 -0.036673 34.224085 0.000171 
26 131.746774 0.000000 -42.532189 1988.759017 -0.017062 32.690922 0.000066 
27 82.267996 0.000000 4.201920 1989.199813 4.046420 12.694560 -0.000152 
28 -66.168339 0.000000 97.670139 1988.877545 0.001411 34.727241 -0.000088 
29 -165.125896 0.000000 97.670139 1988.811850 0.000397 34.731287 -0.000022 
30 -66.168339 0.000000 191.138357 1988.833926 0.000684 34.702058 -0.000043 
31 -16.689561 0.000000 -42.532189 1988.447870 -0.011722 34.751753 0.000344 
32 -66.168339 0.000000 -42.532189 1988.706099 0.000680 34.796052 0.000083 
33 -16.689561 0.000000 -89.266298 1988.599688 0.002911 34.661902 0.000193 
34 -16.689561 0.000000 4.201920 1988.908133 0.003681 35.284747 -0.000128 
35 82.267996 0.000000 50.936029 1989.030062 0.035576 33.129732 -0.000214 
36 32.789217 0.000000 50.936029 1989.564018 -0.020114 33.819761 -0.000762 
37 131.746774 0.000000 50.936029 1988.887329 0.062101 33.043400 -0.000069 
38 82.267996 0.000000 97.670139 1988.947223 0.027893 34.293094 -0.000150 
39 57.528607 0.000000 -19.165134 1987.670762 -0.374695 27.216468 0.001243 
40 32.789217 0.000000 -19.165134 1985.060659 -0.212203 29.721056 0.003827 
41 57.528607 0.000000 -42.532189 1988.132682 -0.038150 32.795647 0.000694 
42 82.267996 0.000000 -19.165134 1988.658701 -0.331679 27.782008 0.000242 
43 57.528607 0.000000 4.201920 1988.993385 3.601132 10.491467 0.000069 
44 -16.689561 0.000000 50.936029 1989.107872 0.004500 34.713193 -0.000319 
45 -66.168339 0.000000 50.936029 1988.884225 0.001705 34.782181 -0.000095 
46 -16.689561 0.000000 97.670139 1988.965335 0.003214 34.659180 -0.000175 
47 8.049828 0.000000 -19.165134 1986.556742 0.003882 35.191128 0.002236 
48 -16.689561 0.000000 -19.165134 1988.409417 -0.012425 35.100219 0.000376 
49 8.049828 0.000000 -42.532189 1987.953502 -0.014862 34.443948 0.000846 
50 8.049828 0.000000 4.201920 1990.810785 0.010873 38.159032 -0.002096 
51 57.528607 0.000000 27.568975 1989.885131 0.240634 30.026045 -0.001024 
52 32.789217 0.000000 27.568975 1991.244452 0.163201 31.736403 -0.002419 
53 82.267996 0.000000 27.568975 1989.148106 0.297953 30.068682 -0.000284 
54 57.528607 0.000000 50.936029 1989.336757 0.063414 33.267664 -0.000524 
55 45.158912 0.000000 -7.481607 1984.848252 -1.984377 17.670646 0.004184 
56 32.789217 0.000000 -7.481607 1982.725198 -0.736077 18.032753 0.006311 
57 45.158912 0.000000 -19.165134 1986.338409 -0.308648 27.770347 0.002573 
58 57.528607 0.000000 -7.481607 1987.953630 -2.475254 17.554602 0.001066 
59 45.158912 0.000000 4.201920 1992.316776 0.000000 7.585016 -0.003258 
60 8.049828 0.000000 27.568975 1990.379846 -0.006072 34.656663 -0.001597 
61 -16.689561 0.000000 27.568975 1989.217374 0.011870 34.972121 -0.000434 
62 8.049828 0.000000 50.936029 1989.445121 0.015592 34.457074 -0.000654 
63 20.419523 0.000000 -7.481607 1978.111587 -0.115914 28.808252 0.010802 
64 8.049828 0.000000 -7.481607 1986.241452 -0.015474 36.894291 0.002521 
65 20.419523 0.000000 -19.165134 1985.096522 -0.062440 32.949070 0.003740 
66 20.419523 0.000000 4.201920 2006.305142 0.185666 19.774283 -0.017480 
67 45.158912 0.000000 15.885447 1991.542626 0.664921 25.366625 -0.002627 
68 32.789217 0.000000 15.885447 1993.752687 0.391891 27.283837 -0.004879 
69 57.528607 0.000000 15.885447 1990.006545 0.844891 24.870624 -0.001075 
70 45.158912 0.000000 27.568975 1990.681659 0.163922 30.494355 -0.001833 
71 38.974065 0.000000 -1.639843 1988.205824 -0.438331 15.578633 0.000831 
72 32.789217 0.000000 -1.639843 1983.314790 -0.110721 -22.065068 0.005679 
73 38.974065 0.000000 -7.481607 1984.277709 -1.166366 18.639234 0.004748 
74 45.158912 0.000000 -1.639843 1987.953330 2.726439 15.374431 0.001084 
75 38.974065 0.000000 4.201920 1992.638343 0.000000 7.954048 -0.003584 
76 20.419523 0.000000 15.885447 1993.927224 0.144691 32.276511 -0.005130 
77 8.049828 0.000000 15.885447 1991.261898 0.021087 35.477633 -0.002500 
78 20.419523 0.000000 27.568975 1991.286151 0.086508 33.541161 -0.002490 
79 26.604370 0.000000 -1.639843 1988.379618 -0.810613 -47.961762 0.000136 
80 20.419523 0.000000 -1.639843 1955.609536 -0.107161 -4.558793 0.033379 
81 26.604370 0.000000 -7.481607 1979.346064 -0.341880 21.799291 0.009657 
82 26.604370 0.000000 4.201920 2003.224617 0.515628 8.858896 -0.014279 
83 38.974065 0.000000 10.043684 1993.483343 0.968302 19.898448 -0.004519 
84 32.789217 0.000000 10.043684 1995.357029 0.681629 21.407111 -0.006424 
85 45.158912 0.000000 10.043684 1992.201704 0.000000 17.328683 -0.003204 
86 38.974065 0.000000 15.885447 1992.601696 0.527384 26.044492 -0.003702 
87 35.881641 0.000000 1.281038 1987.773958 0.000000 -10.432577 0.001299 
88 32.789217 0.000000 1.281038 1994.643939 -0.298274 -19.079550 -0.005681 
89 35.881641 0.000000 -1.639843 1987.919616 0.004328 15.560590 0.001119 
90 38.974065 0.000000 1.281038 1990.360656 -0.000000 -2.212692 -0.001276 
91 35.881641 0.000000 4.201920 1991.703650 0.000000 2.505926 -0.002628 
92 26.604370 0.000000 10.043684 1997.042537 0.387875 25.117994 -0.008168 
93 20.419523 0.000000 10.043684 1996.703845 0.189199 30.435881 -0.007901 
94 26.604370 0.000000 15.885447 1994.229264 0.235330 29.522276 -0.005391 
95 29.696794 0.000000 1.281038 1988.381641 -1.705781 -48.209547 0.000127 
96 26.604370 0.000000 1.281038 1988.553845 -0.745573 -47.920557 -0.000038 
97 29.696794 0.000000 -1.639843 1988.381641 -1.705781 -48.209547 0.000127 
98 29.696794 0.000000 4.201920 2000.267978 0.680908 6.159739 -0.011277 
99 82.267996 0.000000 -136.000407 1988.698792 0.000127 34.522036 0.000096 
100 32.789217 0.000000 -136.000407 1988.675015 0.000098 34.592224 0.000118 
101 82.267996 0.000000 -182.734516 1988.734777 0.000362 34.616309 0.000058 
102 131.746774 0.000000 -136.000407 1988.734839 0.000398 34.489811 0.000060 
103 57.528607 0.000000 -65.899244 1988.494605 -0.013789 33.931118 0.000311 
104 32.789217 0.000000 -65.899244 1988.387391 -0.013626 34.188159 0.000414 
105 57.528607 0.000000 -89.266298 1988.571978 0.014882 34.303890 0.000227 
106 82.267996 0.000000 -65.899244 1988.587451 0.014931 33.795893 0.000220 
107 45.158912 0.000000 -30.848662 1987.223236 -0.071279 31.460314 0.001629 
108 32.789217 0.000000 -30.848662 1986.707482 -0.050424 32.463867 0.002131 
109 45.158912 0.000000 -42.532189 1987.852719 -0.045091 33.075972 0.000971 
110 57.528607 0.000000 -30.848662 1987.853413 -0.083385 31.032896 0.001003 
111 38.974065 0.000000 -13.323371 1984.621807 -0.517109 24.864892 0.004335 
112 32.789217 0.000000 -13.323371 1983.494069 -0.378062 26.039984 0.005451 
113 38.974065 0.000000 -19.165134 1985.669469 -0.311661 28.739973 0.003231 
114 45.158912 0.000000 -13.323371 1985.788677 -0.693506 24.153310 0.003173 
115 35.881641 0.000000 -4.560725 1986.222610 -1.215605 9.800168 0.002860 
116 32.789217 0.000000 -4.560725 1983.104510 -0.937639 7.237065 0.005999 
117 35.881641 0.000000 -7.481607 1983.978972 -0.944368 18.050868 0.005053 
118 38.974065 0.000000 -4.560725 1985.143074 -1.641824 13.193505 0.003923 
119 34.335429 0.000000 -0.179403 1985.902975 -5.110261 -39.198867 0.002810 
120 32.789217 0.000000 -0.179403 1988.646301 -10.419826 -45.568074 -0.000103 
121 34.335429 0.000000 -1.639843 1987.997716 -0.268351 -23.595349 0.000961 
122 35.881641 0.000000 -0.179403 1985.003001 0.016074 1.689926 0.004108 
123 34.335429 0.000000 1.281038 1990.177572 0.000000 -16.997396 -0.001163 
124 181.225553 0.000000 50.936029 1988.844919 0.078514 33.012312 -0.000026 
125 181.225553 0.000000 4.201920 1989.180273 4.786566 12.450699 -0.000132 
126 230.704331 0.000000 50.936029 1988.832240 0.082387 32.970814 -0.000012 
127 181.225553 0.000000 97.670139 1988.833114 0.014139 34.227688 -0.000034 
128 107.007385 0.000000 27.568975 1988.959339 0.311584 30.051058 -0.000093 
129 107.007385 0.000000 4.201920 1989.185427 3.779342 12.489129 -0.000136 
130 131.746774 0.000000 27.568975 1988.916850 0.363696 29.987115 -0.000050 
131 107.007385 0.000000 50.936029 1988.939125 0.065145 33.067330 -0.000121 
132 69.898301 0.000000 15.885447 1989.352382 0.917510 25.177464 -0.000421 
133 69.898301 0.000000 4.201920 1989.103552 3.618173 12.457588 -0.000053 
134 82.267996 0.000000 15.885447 1989.134544 0.984473 25.381819 -0.000204 
135 69.898301 0.000000 27.568975 1989.367144 0.282212 30.068465 -0.000504 
136 51.343759 0.000000 10.043684 1990.753056 1.243194 19.316487 -0.001764 
137 51.343759 0.000000 4.201920 1989.997497 2.624316 9.031416 -0.000932 
138 57.528607 0.000000 10.043684 1989.770275 1.387605 19.725921 -0.000780 
139 51.343759 0.000000 15.885447 1990.597801 0.754921 24.971998 -0.001671 
140 181.225553 0.000000 -42.532189 1988.799767 -0.029214 32.783148 0.000024 
141 181.225553 0.000000 -89.266298 1988.763872 -0.000740 34.192321 0.000036 
142 230.704331 0.000000 -42.532189 1988.811445 -0.027030 32.860733 0.000011 
143 107.007385 0.000000 -19.165134 1988.831160 -0.295997 28.077599 0.000064 
144 107.007385 0.000000 -42.532189 1988.704939 -0.019764 32.643466 0.000121 
145 131.746774 0.000000 -19.165134 1988.866053 -0.278744 28.288896 0.000026 
146 69.898301 0.000000 -7.481607 1988.707075 -2.340199 18.328738 0.000302 
147 69.898301 0.000000 -19.165134 1988.368833 -0.355552 27.454362 0.000538 
148 82.267996 0.000000 -7.481607 1988.927930 -2.165006 18.958349 0.000074 
149 51.343759 0.000000 -1.639843 1986.610469 -6.504192 17.100791 0.002410 
150 51.343759 0.000000 -7.481607 1986.886072 -2.434376 17.499606 0.002139 
151 57.528607 0.000000 -1.639843 1987.002577 -7.713173 13.528255 0.002040 
152 48.251336 0.000000 7.122802 1991.528256 0.000000 16.012695 -0.002515 
153 45.158912 0.000000 7.122802 1992.186297 0.000000 15.276377 -0.003171 
154 48.251336 0.000000 4.201920 1991.080331 2.009794 8.432463 -0.002018 
155 51.343759 0.000000 7.122802 1990.504125 2.470247 14.893026 -0.001477 
156 48.251336 0.000000 10.043684 1991.378220 0.000000 17.457453 -0.002376 
157 42.066488 0.000000 7.122802 1992.825253 0.000000 14.724174 -0.003811 
158 38.974065 0.000000 7.122802 1993.130076 0.000000 11.734537 -0.004098 
159 42.066488 0.000000 4.201920 1992.909757 -0.000000 8.382698 -0.003859 
160 42.066488 0.000000 10.043684 1992.456761 0.000000 17.367777 -0.003461 
161 82.267996 0.000000 144.404248 1988.877716 0.003896 34.540052 -0.000085 
162 32.789217 0.000000 144.404248 1988.896609 0.002834 34.602648 -0.000105 
163 131.746774 0.000000 144.404248 1988.848817 0.004646 34.506385 -0.000055 
164 82.267996 0.000000 191.138357 1988.844488 0.001884 34.622536 -0.000053 
165 57.528607 0.000000 74.303084 1989.096520 0.026348 34.071639 -0.000297 
166 32.789217 0.000000 74.303084 1989.171000 0.018241 34.282110 -0.000375 
167 82.267996 0.000000 74.303084 1988.998425 0.010716 33.961052 -0.000196 
168 57.528607 0.000000 97.670139 1988.992431 0.045270 34.363543 -0.000197 
169 45.158912 0.000000 39.252502 1989.932515 0.127644 32.655726 -0.001113 
170 32.789217 0.000000 39.252502 1990.203063 0.105034 33.234980 -0.001395 
171 57.528607 0.000000 39.252502 1989.563350 0.138660 32.350416 -0.000737 
172 45.158912 0.000000 50.936029 1989.490630 -0.040626 33.501801 -0.000683 
173 51.343759 0.000000 21.727211 1990.361708 0.416168 28.247684 -0.001477 
174 45.158912 0.000000 21.727211 1990.970896 0.355021 28.608673 -0.002096 
175 57.528607 0.000000 21.727211 1990.007071 0.422098 28.014040 -0.001117 
176 51.343759 0.000000 27.568975 1990.255626 0.199858 30.198415 -0.001399 
177 48.251336 0.000000 12.964566 1991.265934 1.036096 22.690411 -0.002316 
178 45.158912 0.000000 12.964566 1991.803015 0.896764 22.977074 -0.002860 
179 51.343759 0.000000 12.964566 1990.718479 1.069106 22.543811 -0.001763 
180 48.251336 0.000000 15.885447 1991.123551 0.696459 25.008813 -0.002201 
181 46.705124 0.000000 8.583243 1991.700877 0.000000 16.778850 -0.002695 
182 45.158912 0.000000 8.583243 1992.108693 0.000000 17.036987 -0.003107 
183 46.705124 0.000000 7.122802 1991.765090 -0.000000 14.832724 -0.002744 
184 48.251336 0.000000 8.583243 1991.301327 0.000000 17.509459 -0.002299 
185 46.705124 0.000000 10.043684 1991.741821 -0.000000 17.308619 -0.002740 
186 63.713454 0.000000 10.043684 1989.384002 1.346632 20.150530 -0.000395 
187 63.713454 0.000000 4.201920 1988.817767 3.688601 12.026366 0.000237 
188 69.898301 0.000000 10.043684 1989.260215 1.025919 20.555363 -0.000275 
189 63.713454 0.000000 15.885447 1989.598918 0.885690 24.990168 -0.000666 
190 54.436183 0.000000 7.122802 1989.893897 2.683881 15.165400 -0.000865 
191 54.436183 0.000000 4.201920 1989.275783 3.122004 9.894016 -0.000211 
192 57.528607 0.000000 7.122802 1989.519864 2.958811 15.551409 -0.000492 
193 54.436183 0.000000 10.043684 1990.198383 1.338283 19.467930 -0.001208 
194 49.797547 0.000000 8.583243 1991.276624 0.000000 17.529850 -0.002274 
195 49.797547 0.000000 7.122802 1990.858843 2.324491 14.902728 -0.001833 
196 51.343759 0.000000 8.583243 1990.627014 2.635114 17.311847 -0.001620 
197 49.797547 0.000000 10.043684 1990.998219 1.174149 19.321363 -0.002011 
198 38.974065 0.000000 21.727211 1991.621640 0.292459 29.321293 -0.002761 
199 32.789217 0.000000 21.727211 1992.241826 0.242611 30.388279 -0.003402 
200 38.974065 0.000000 27.568975 1990.891570 0.124645 31.044145 -0.002052 
201 42.066488 0.000000 12.964566 1992.446190 0.853060 23.139239 -0.003510 
202 38.974065 0.000000 12.964566 1993.195305 0.754480 23.470493 -0.004268 
203 42.066488 0.000000 15.885447 1992.070623 0.589859 25.576802 -0.003161 
204 46.705124 0.000000 11.504125 1991.607868 1.144416 21.346233 -0.002645 
205 45.158912 0.000000 11.504125 1991.964754 1.091639 21.283392 -0.003004 
206 48.251336 0.000000 11.504125 1991.314411 1.204247 21.215585 -0.002349 
207 46.705124 0.000000 12.964566 1991.525235 0.974630 22.820906 -0.002579 
208 47.478230 0.000000 9.313463 1991.524629 0.000000 18.453343 -0.002532 
209 46.705124 0.000000 9.313463 1991.703120 0.000000 18.093415 -0.002708 
210 47.478230 0.000000 8.583243 1991.526707 0.000000 17.053879 -0.002522 
211 48.251336 0.000000 9.313463 1991.336272 -0.000000 18.260176 -0.002341 
212 47.478230 0.000000 10.043684 1991.495884 0.000000 17.381163 -0.002493 
213 43.612700 0.000000 8.583243 1992.431835 0.000000 17.116597 -0.003434 
214 42.066488 0.000000 8.583243 1992.647266 0.000000 16.024950 -0.003641 
215 43.612700 0.000000 7.122802 1992.535532 0.000000 14.939370 -0.003520 
216 43.612700 0.000000 10.043684 1992.384205 0.000000 17.330906 -0.003388 
217 45.932018 0.000000 9.313463 1991.944488 -0.000000 18.193250 -0.002952 
218 45.158912 0.000000 9.313463 1992.066803 0.000000 18.346293 -0.003077 
219 45.932018 0.000000 8.583243 1991.931465 -0.000000 16.778485 -0.002927 
220 45.932018 0.000000 10.043684 1991.940109 -0.000000 17.293746 -0.002940 
221 54.436183 0.000000 12.964566 1990.280009 1.161207 22.525495 -0.001322 
222 57.528607 0.000000 12.964566 1989.871635 1.212248 22.711766 -0.000913 
223 54.436183 0.000000 15.885447 1990.234367 0.808245 24.914150 -0.001305 
224 49.797547 0.000000 11.504125 1991.106414 1.262631 21.012958 -0.002137 
225 51.343759 0.000000 11.504125 1990.831107 1.302668 20.941048 -0.001859 
226 49.797547 0.000000 12.964566 1991.033347 1.043953 22.493921 -0.002080 
227 47.478230 0.000000 10.773904 1991.397674 1.231916 20.485251 -0.002425 
228 46.705124 0.000000 10.773904 1991.558727 1.220923 20.528182 -0.002587 
229 48.251336 0.000000 10.773904 1991.339688 1.259158 20.357482 -0.002365 
230 47.478230 0.000000 11.504125 1991.447502 1.194010 21.291265 -0.002483 
231 47.091677 0.000000 9.678574 1991.520180 -0.000000 18.721228 -0.002530 
232 46.705124 0.000000 9.678574 1991.652014 -0.000000 18.564496 -0.002661 
233 47.091677 0.000000 9.313463 1991.605724 0.000000 18.379618 -0.002613 
234 47.478230 0.000000 9.678574 1991.433270 0.000000 18.647802 -0.002442 
235 47.091677 0.000000 10.043684 1991.611379 -0.000000 17.332679 -0.002609 
236 48.251336 0.000000 1.281038 1989.529114 2.725949 3.674697 -0.000443 
237 45.158912 0.000000 1.281038 1991.444387 1.675708 0.060652 -0.002366 
238 48.251336 0.000000 -1.639843 1986.737901 -6.715998 17.210349 0.002281 
239 51.343759 0.000000 1.281038 1988.412615 3.021334 6.966509 0.000670 
240 46.705124 0.000000 5.662361 1991.911735 0.000000 12.832629 -0.002877 
241 45.158912 0.000000 5.662361 1992.303180 0.000000 11.487256 -0.003263 
242 46.705124 0.000000 4.201920 1992.293979 0.000000 7.497163 -0.003235 
243 48.251336 0.000000 5.662361 1991.580193 0.000000 14.416595 -0.002555 
244 47.478230 0.000000 7.853022 1991.543761 0.000000 16.076962 -0.002531 
245 46.705124 0.000000 7.853022 1991.732178 0.000000 15.988997 -0.002720 
246 47.478230 0.000000 7.122802 1991.631033 0.000000 15.271441 -0.002612 
247 48.251336 0.000000 7.853022 1991.468546 0.000000 16.676700 -0.002460 
248 47.091677 0.000000 8.948353 1991.602146 0.000000 17.515387 -0.002602 
249 46.705124 0.000000 8.948353 1991.678966 0.000000 17.493253 -0.002679 
250 47.091677 0.000000 8.583243 1991.612925 0.000000 17.024050 -0.002608 
251 47.478230 0.000000 8.948353 1991.535505 0.000000 17.410177 -0.002534 
252 49.024441 0.000000 9.313463 1991.334651 0.000000 17.477608 -0.002332 
253 49.024441 0.000000 8.583243 1991.352945 0.000000 17.473568 -0.002350 
254 49.797547 0.000000 9.313463 1991.259144 0.000000 17.536501 -0.002257 
255 49.024441 0.000000 10.043684 1991.259278 0.000000 17.541668 -0.002257 
256 47.864783 0.000000 9.678574 1991.427579 0.000000 18.443277 -0.002434 
257 47.864783 0.000000 9.313463 1991.434902 0.000000 18.495445 -0.002442 
258 48.251336 0.000000 9.678574 1991.430873 0.000000 17.413913 -0.002428 
259 47.864783 0.000000 10.043684 1991.449095 0.000000 17.400983 -0.002447 
260 47.284953 0.000000 9.496019 1991.511578 -0.000000 18.763193 -0.002522 
261 47.091677 0.000000 9.496019 1991.566417 -0.000000 18.780755 -0.002577 
262 47.284953 0.000000 9.313463 1991.562800 0.000000 18.384131 -0.002570 
263 47.478230 0.000000 9.496019 1991.471722 0.000000 18.758988 -0.002482 
264 47.284953 0.000000 9.678574 1991.467501 0.000000 18.711567 -0.002477 
265 42.066488 0.000000 1.281038 1992.726579 0.000000 -1.025000 -0.003657 
266 42.066488 0.000000 -1.639843 1988.106953 1.042541 15.463897 0.000931 
267 42.066488 0.000000 -4.560725 1983.819731 -2.709330 13.722097 0.005246 
268 42.066488 0.000000 -7.481607 1984.303326 -1.545423 18.330536 0.004725 
269 45.158912 0.000000 -4.560725 1984.595831 -4.075362 13.483695 0.004467 
270 43.612700 0.000000 -0.179403 1990.497419 0.731835 6.113017 -0.001422 
271 42.066488 0.000000 -0.179403 1991.614430 0.139128 2.112373 -0.002538 
272 43.612700 0.000000 -1.639843 1988.039253 2.159306 15.400462 0.000999 
273 45.158912 0.000000 -0.179403 1989.455327 7.955831 9.578323 -0.000403 
274 43.612700 0.000000 1.281038 1992.221143 0.000000 -0.911545 -0.003148 
275 -16.689561 0.000000 -136.000407 1988.690549 0.000223 34.668344 0.000101 
276 -66.168339 0.000000 -136.000407 1988.726066 0.000287 34.709360 0.000065 
277 -16.689561 0.000000 -182.734516 1988.731818 0.000260 34.680120 0.000060 
278 8.049828 0.000000 -65.899244 1988.417567 -0.014606 34.499327 0.000379 
279 -16.689561 0.000000 -65.899244 1988.517288 0.011404 34.687718 0.000275 
280 8.049828 0.000000 -89.266298 1988.547860 -0.046618 34.564580 0.000246 
281 20.419523 0.000000 -30.848662 1986.783099 0.017059 33.741308 0.002034 
282 8.049828 0.000000 -30.848662 1987.419923 -0.014801 34.599946 0.001379 
283 20.419523 0.000000 -42.532189 1987.711238 0.014356 34.047830 0.001096 
284 26.604370 0.000000 -13.323371 1982.630520 -0.208040 28.487043 0.006283 
285 20.419523 0.000000 -13.323371 1982.966151 -0.100021 31.820379 0.005895 
286 26.604370 0.000000 -19.165134 1984.787152 -0.136595 31.277699 0.004078 
287 29.696794 0.000000 -4.560725 1979.078379 -0.604781 7.772656 0.010029 
288 26.604370 0.000000 -4.560725 1975.942640 -0.367798 11.102658 0.013148 
289 29.696794 0.000000 -7.481607 1980.768427 -0.528108 19.123219 0.008261 
290 34.335429 0.000000 -3.100284 1986.784464 -0.924656 -2.674765 0.002318 
291 32.789217 0.000000 -3.100284 1983.495804 -0.793502 -3.867895 0.005616 
292 34.335429 0.000000 -4.560725 1984.963358 -1.093258 8.134503 0.004131 
293 35.881641 0.000000 -3.100284 1990.033939 -1.029143 1.492842 -0.000947 
294 37.427853 0.000000 -0.179403 1985.300444 -0.055936 -2.412250 0.003809 
295 37.427853 0.000000 -1.639843 1988.068609 -0.339132 15.586348 0.000969 
296 38.974065 0.000000 -0.179403 1988.640909 -0.133751 2.594592 0.000453 
297 37.427853 0.000000 1.281038 1988.439392 0.000000 -5.042714 0.000651 
298 35.108535 0.000000 -0.909623 1987.298127 -1.411190 3.900261 0.001800 
299 34.335429 0.000000 -0.909623 1985.415496 -7.739910 -47.787150 0.003102 
300 35.108535 0.000000 -1.639843 1987.880851 0.056709 15.553368 0.001158 
301 35.881641 0.000000 -0.909623 1987.659972 -0.006245 14.323490 0.001389 
302 35.108535 0.000000 -0.179403 1984.476799 -2.272638 -23.245397 0.004499 
303 -115.647118 0.000000 -42.532189 1988.763480 0.000537 34.758272 0.000026 
304 -165.125896 0.000000 -42.532189 1988.778875 0.000312 34.740725 0.000011 
305 -115.647118 0.000000 -89.266298 1988.750870 0.000336 34.738039 0.000039 
306 -115.647118 0.000000 4.201920 1988.794328 0.000667 34.768615 -0.000005 
307 -41.428950 0.000000 -19.165134 1988.680626 0.003729 34.905579 0.000107 
308 -66.168339 0.000000 -19.165134 1988.744026 0.000241 34.828532 0.000045 
309 -41.428950 0.000000 -42.532189 1988.622515 0.000830 34.816929 0.000167 
310 -41.428950 0.000000 4.201920 1988.818679 0.000255 34.910608 -0.000032 
311 -4.319866 0.000000 -7.481607 1988.242765 -0.002261 35.823265 0.000531 
312 -16.689561 0.000000 -7.481607 1988.607085 -0.004795 35.257040 0.000175 
313 -4.319866 0.000000 -19.165134 1987.910729 -0.002417 35.277471 0.000874 
314 -4.319866 0.000000 4.201920 1989.134592 0.005228 35.946289 -0.000368 
315 14.234675 0.000000 -1.639843 1979.549235 -0.002493 45.431084 0.009052 
316 8.049828 0.000000 -1.639843 1987.827022 -0.002241 38.607269 0.000896 
317 14.234675 0.000000 -7.481607 1982.339820 -0.037751 35.555481 0.006460 
318 14.234675 0.000000 4.201920 1998.675604 0.062451 39.027453 -0.010043 
319 -115.647118 0.000000 50.936029 1988.822611 0.000750 34.754494 -0.000033 
320 -165.125896 0.000000 50.936029 1988.804832 0.000404 34.739462 -0.000015 
321 -115.647118 0.000000 97.670139 1988.831692 0.000683 34.734419 -0.000042 
322 -41.428950 0.000000 27.568975 1988.938572 -0.004016 34.873958 -0.000152 
323 -66.168339 0.000000 27.568975 1988.856622 0.004503 34.817770 -0.000068 
324 -41.428950 0.000000 50.936029 1988.968263 0.023623 34.789549 -0.000180 
325 -4.319866 0.000000 15.885447 1989.668987 0.000295 35.433358 -0.000896 
326 -16.689561 0.000000 15.885447 1989.145136 0.005322 35.147135 -0.000364 
327 -4.319866 0.000000 27.568975 1989.622669 0.011034 34.945765 -0.000841 
328 14.234675 0.000000 10.043684 1994.330833 0.066490 34.838126 -0.005580 
329 8.049828 0.000000 10.043684 1991.536238 0.015405 36.284681 -0.002791 
330 14.234675 0.000000 15.885447 1992.563678 0.076942 34.377130 -0.003791 
331 17.327099 0.000000 1.281038 2033.259341 0.146884 22.893218 -0.045034 
332 14.234675 0.000000 1.281038 1996.289599 0.036671 49.562829 -0.007870 
333 17.327099 0.000000 -1.639843 1957.879040 -0.044684 31.154306 0.030894 
334 20.419523 0.000000 1.281038 2034.711221 -0.764499 -49.552813 -0.047015 
335 17.327099 0.000000 4.201920 2006.654864 0.109179 31.019545 -0.017979 
336 14.234675 0.000000 -13.323371 1984.550307 -0.031313 34.566471 0.004261 
337 8.049828 0.000000 -13.323371 1986.260702 -0.014939 35.796825 0.002522 
338 14.234675 0.000000 -19.165134 1985.676007 -0.048866 34.466892 0.003133 
339 17.327099 0.000000 -4.560725 1974.450888 -0.046091 32.247161 0.014406 
340 14.234675 0.000000 -4.560725 1980.566991 -0.026335 37.388226 0.008201 
341 17.327099 0.000000 -7.481607 1979.866309 -0.073967 32.825242 0.008984 
342 20.419523 0.000000 -4.560725 1972.090545 -0.102697 22.009238 0.016901 
343 23.511946 0.000000 1.281038 1988.984368 -0.653946 -47.856717 -0.000469 
344 23.511946 0.000000 -1.639843 1969.477329 -0.153173 -14.695556 0.019572 
345 23.511946 0.000000 4.201920 2003.762824 0.326956 13.964395 -0.014854 
346 18.873311 0.000000 -0.179403 2138.807690 -0.890663 -53.626339 -0.156927 
347 17.327099 0.000000 -0.179403 1941.718296 -0.114409 15.573099 0.047006 
348 18.873311 0.000000 -1.639843 1952.530600 -0.088156 14.920496 0.036369 
349 20.419523 0.000000 -0.179403 2038.327812 -0.791970 -49.630382 -0.050740 
350 18.873311 0.000000 1.281038 2177.516516 -0.931616 -55.190341 -0.199200 
351 47.864783 0.000000 8.948353 1991.436059 0.000000 17.414915 -0.002434 
352 47.864783 0.000000 8.583243 1991.414893 -0.000000 17.297529 -0.002411 
353 48.251336 0.000000 8.948353 1991.384366 0.000000 17.447080 -0.002382 
354 47.671506 0.000000 9.496019 1991.439598 0.000000 18.756026 -0.002449 
355 47.671506 0.000000 9.313463 1991.472471 0.000000 18.407412 -0.002479 
356 47.864783 0.000000 9.496019 1991.420559 0.000000 18.734380 -0.002430 
357 47.671506 0.000000 9.678574 1991.427185 0.000000 18.568578 -0.002435 
358 43.612700 0.000000 11.504125 1992.319696 1.022434 21.409578 -0.003363 
359 42.066488 0.000000 11.504125 1992.673727 0.961703 21.501996 -0.003720 
360 43.612700 0.000000 12.964566 1992.135084 0.896950 22.959228 -0.003194 
361 45.932018 0.000000 10.773904 1991.696433 1.199538 20.552015 -0.002726 
362 45.158912 0.000000 10.773904 1991.970732 1.166169 20.398895 -0.003001 
363 45.932018 0.000000 11.504125 1991.710282 1.116274 21.470335 -0.002750 
364 47.091677 0.000000 10.408794 1991.642184 0.000000 17.273655 -0.002640 
365 46.705124 0.000000 10.408794 1991.727974 0.000000 17.233679 -0.002726 
366 47.478230 0.000000 10.408794 1991.415649 1.234289 20.036442 -0.002438 
367 47.091677 0.000000 10.773904 1991.477431 1.225556 20.500581 -0.002505 
368 47.284953 0.000000 9.861129 1991.537798 0.000000 17.373659 -0.002536 
369 47.091677 0.000000 9.861129 1991.549107 0.000000 17.368648 -0.002547 
370 47.478230 0.000000 9.861129 1991.495245 0.000000 17.381226 -0.002493 
371 47.284953 0.000000 10.043684 1991.531107 0.000000 17.358605 -0.002529 
372 47.381591 0.000000 9.587296 1991.448749 0.000000 18.768888 -0.002459 
373 47.284953 0.000000 9.587296 1991.443301 -0.000000 18.790545 -0.002453 
374 47.381591 0.000000 9.496019 1991.495408 -0.000000 18.774890 -0.002506 
375 47.478230 0.000000 9.587296 1991.436569 0.000000 18.780705 -0.002447 
376 47.381591 0.000000 9.678574 1991.462237 0.000000 18.645476 -0.002471 
377 181.225553 0.000000 -136.000407 1988.759572 0.000619 34.482210 0.000035 
378 181.225553 0.000000 -182.734516 1988.763026 0.000579 34.587679 0.000030 
379 230.704331 0.000000 -136.000407 1988.773656 0.000769 34.483591 0.000021 
380 -115.647118 0.000000 -136.000407 1988.752744 0.000251 34.722754 0.000038 
381 -165.125896 0.000000 -136.000407 1988.768323 0.000199 34.724967 0.000022 
382 -115.647118 0.000000 -182.734516 1988.759224 0.000198 34.714608 0.000031 
383 181.225553 0.000000 144.404248 1988.827130 0.005084 34.493609 -0.000033 
384 230.704331 0.000000 144.404248 1988.814177 0.005350 34.489213 -0.000020 
385 181.225553 0.000000 191.138357 1988.820334 0.002454 34.592458 -0.000028 
386 107.007385 0.000000 -65.899244 1988.678428 -0.002739 33.770995 0.000129 
387 107.007385 0.000000 -89.266298 1988.682953 -0.001774 34.189702 0.000117 
388 131.746774 0.000000 -65.899244 1988.727480 -0.006492 33.770317 0.000080 
389 -16.689561 0.000000 144.404248 1988.882300 0.001685 34.668531 -0.000092 
390 -66.168339 0.000000 144.404248 1988.852448 0.000969 34.706649 -0.000062 
391 -16.689561 0.000000 191.138357 1988.846023 0.001024 34.680811 -0.000055 
392 -115.647118 0.000000 144.404248 1988.828148 0.000570 34.720458 -0.000038 
393 -165.125896 0.000000 144.404248 1988.813221 0.000359 34.723532 -0.000023 
394 -115.647118 0.000000 191.138357 1988.821264 0.000455 34.713337 -0.000031 
395 -41.428950 0.000000 -65.899244 1988.628994 0.002816 34.748175 0.000162 
396 -66.168339 0.000000 -65.899244 1988.695647 0.000478 34.760521 0.000094 
397 -41.428950 0.000000 -89.266298 1988.656315 0.000277 34.714853 0.000135 
398 107.007385 0.000000 74.303084 1988.926400 0.053226 33.910195 -0.000123 
399 131.746774 0.000000 74.303084 1988.880490 0.027347 33.892452 -0.000076 
400 107.007385 0.000000 97.670139 1988.904048 0.012398 34.254550 -0.000106 
401 69.898301 0.000000 -30.848662 1988.319904 -0.120405 31.083216 0.000533 
402 69.898301 0.000000 -42.532189 1988.350530 0.006332 32.629230 0.000478 
403 82.267996 0.000000 -30.848662 1988.548522 -0.087485 31.127083 0.000303 
404 8.049828 0.000000 74.303084 1989.137602 -0.011090 34.520444 -0.000346 
405 -16.689561 0.000000 74.303084 1989.036284 0.000651 34.671785 -0.000246 
406 8.049828 0.000000 97.670139 1989.004494 -0.025263 34.577610 -0.000213 
407 -41.428950 0.000000 74.303084 1988.947676 0.014595 34.733770 -0.000158 
408 -66.168339 0.000000 74.303084 1988.887109 0.001582 34.749301 -0.000098 
409 -41.428950 0.000000 97.670139 1988.917024 0.002076 34.706256 -0.000127 
410 -4.319866 0.000000 -30.848662 1988.046536 -0.007948 34.853432 0.000745 
411 -16.689561 0.000000 -30.848662 1988.362435 -0.011288 34.935889 0.000426 
412 -4.319866 0.000000 -42.532189 1988.207569 0.016891 34.710170 0.000586 
413 69.898301 0.000000 39.252502 1989.298052 0.098217 32.201943 -0.000468 
414 82.267996 0.000000 39.252502 1989.086679 0.130890 32.150435 -0.000255 
415 69.898301 0.000000 50.936029 1989.125343 0.136435 33.183879 -0.000310 
416 51.343759 0.000000 -13.323371 1986.758302 -0.803416 23.400151 0.002208 
417 51.343759 0.000000 -19.165134 1987.159723 -0.370388 27.382564 0.001754 
418 57.528607 0.000000 -13.323371 1987.802406 -0.840919 23.599854 0.001157 
419 20.419523 0.000000 39.252502 1990.100304 0.053929 33.903844 -0.001303 
420 8.049828 0.000000 39.252502 1989.785679 0.034628 34.453279 -0.000996 
421 20.419523 0.000000 50.936029 1989.552684 -0.005764 34.152688 -0.000757 
422 -4.319866 0.000000 39.252502 1989.435849 0.017168 34.728071 -0.000649 
423 -16.689561 0.000000 39.252502 1989.164156 0.000964 34.782553 -0.000377 
424 -4.319866 0.000000 50.936029 1989.242400 0.009721 34.617308 -0.000453 
425 26.604370 0.000000 21.727211 1992.429483 0.171762 31.719106 -0.003611 
426 20.419523 0.000000 21.727211 1992.245104 0.092073 33.119185 -0.003449 
427 26.604370 0.000000 27.568975 1991.561767 0.081539 32.665040 -0.002753 
428 14.234675 0.000000 21.727211 1991.673907 -0.003073 34.376357 -0.002895 
429 8.049828 0.000000 21.727211 1990.794834 0.058181 34.872370 -0.002019 
430 14.234675 0.000000 27.568975 1990.821952 0.029221 34.194495 -0.002034 
431 23.511946 0.000000 -4.560725 1973.996960 -0.208382 15.400254 0.015062 
432 23.511946 0.000000 -7.481607 1978.174567 -0.184850 24.531166 0.010796 
433 35.881641 0.000000 7.122802 1994.439552 1.063662 15.078779 -0.005440 
434 32.789217 0.000000 7.122802 1996.052305 0.847186 15.621500 -0.007071 
435 35.881641 0.000000 10.043684 1994.357376 0.827629 20.296059 -0.005404 
436 35.881641 0.000000 12.964566 1993.917506 0.612522 23.902120 -0.005001 
437 32.789217 0.000000 12.964566 1994.631073 0.510479 24.772316 -0.005731 
438 35.881641 0.000000 15.885447 1993.093813 0.471617 26.643242 -0.004206 
439 29.696794 0.000000 7.122802 1998.213584 0.627838 16.906699 -0.009264 
440 26.604370 0.000000 7.122802 1999.377732 0.448032 20.259372 -0.010471 
441 29.696794 0.000000 10.043684 1996.431003 0.528898 22.788714 -0.007523 
442 29.696794 0.000000 12.964566 1995.140969 0.391548 26.062731 -0.006262 
443 26.604370 0.000000 12.964566 1995.546312 0.306932 27.717740 -0.006693 
444 29.696794 0.000000 15.885447 1994.216132 0.297491 28.227003 -0.005359 
445 37.427853 0.000000 -3.100284 1989.200081 -1.203844 7.676332 -0.000123 
446 37.427853 0.000000 -4.560725 1986.136296 -1.375480 11.882547 0.002935 
447 38.974065 0.000000 -3.100284 1986.382598 -1.559191 10.059829 0.002698 
448 63.713454 0.000000 21.727211 1989.636677 0.452748 28.047119 -0.000745 
449 69.898301 0.000000 21.727211 1989.377794 0.481830 28.156013 -0.000486 
450 63.713454 0.000000 27.568975 1989.579139 0.249811 30.023427 -0.000716 
451 63.713454 0.000000 -1.639843 1988.508108 -9.511417 12.578403 0.000526 
452 63.713454 0.000000 -7.481607 1988.481008 -2.448802 18.013325 0.000532 
453 69.898301 0.000000 -1.639843 1988.900641 -10.097739 11.715569 0.000133 
454 48.251336 0.000000 -4.560725 1986.108133 -4.750889 14.317652 0.002942 
455 48.251336 0.000000 -7.481607 1985.999521 -2.304843 17.692368 0.003028 
456 51.343759 0.000000 -4.560725 1987.019663 -4.912348 14.402795 0.002025 
457 54.436183 0.000000 1.281038 1987.877200 3.202283 9.749906 0.001196 
458 54.436183 0.000000 -1.639843 1986.366293 -5.915414 15.571674 0.002670 
459 57.528607 0.000000 1.281038 1987.912374 4.648225 11.432527 0.001149 
460 49.797547 0.000000 5.662361 1990.711749 2.181584 12.036890 -0.001666 
461 49.797547 0.000000 4.201920 1990.476820 2.343997 8.847576 -0.001413 
462 51.343759 0.000000 5.662361 1990.319737 2.391936 12.029546 -0.001271 
463 43.612700 0.000000 5.662361 1992.644327 -0.000000 11.716877 -0.003608 
464 42.066488 0.000000 5.662361 1992.904003 0.000000 12.011118 -0.003872 
465 43.612700 0.000000 4.201920 1992.690096 0.000000 8.239583 -0.003637 
466 45.932018 0.000000 7.853022 1991.960208 0.000000 15.901950 -0.002949 
467 45.158912 0.000000 7.853022 1992.137774 0.000000 16.087372 -0.003129 
468 45.932018 0.000000 7.122802 1991.952874 0.000000 14.910564 -0.002933 
469 49.024441 0.000000 7.853022 1991.333933 0.000000 17.478211 -0.002331 
470 49.024441 0.000000 7.122802 1991.350600 0.000000 16.775883 -0.002342 
471 49.797547 0.000000 7.853022 1991.259144 0.000000 17.536501 -0.002257 
472 49.024441 0.000000 10.773904 1991.176416 1.303927 20.327189 -0.002200 
473 49.797547 0.000000 10.773904 1991.061701 1.348395 20.226518 -0.002084 
474 49.024441 0.000000 11.504125 1991.183676 1.198253 21.154142 -0.002216 
475 47.864783 0.000000 10.408794 1991.332941 1.235066 20.014319 -0.002355 
476 48.251336 0.000000 10.408794 1991.268755 1.244619 19.926884 -0.002289 
477 47.864783 0.000000 10.773904 1991.326861 1.240644 20.440118 -0.002353 
478 47.671506 0.000000 9.861129 1991.486134 0.000000 17.386782 -0.002484 
479 47.864783 0.000000 9.861129 1991.447024 0.000000 17.402481 -0.002444 
480 47.671506 0.000000 10.043684 1991.454831 0.000000 17.396918 -0.002452 
481 40.520276 0.000000 -0.179403 1990.968265 0.002583 -0.029287 -0.001886 
482 40.520276 0.000000 -1.639843 1988.099616 0.124938 15.530306 0.000938 
483 40.520276 0.000000 1.281038 1991.971233 -0.000000 -1.081720 -0.002896 
484 43.612700 0.000000 2.741479 1992.764945 -0.000000 4.204241 -0.003700 
485 42.066488 0.000000 2.741479 1992.896252 -0.000000 4.475429 -0.003832 
486 45.158912 0.000000 2.741479 1992.491376 0.000000 6.517128 -0.003430 
487 40.520276 0.000000 2.741479 1992.630032 -0.000000 4.682578 -0.003565 
488 38.974065 0.000000 2.741479 1992.048127 0.000000 4.197130 -0.002978 
489 40.520276 0.000000 4.201920 1992.872065 0.000000 8.332037 -0.003821 
490 40.520276 0.000000 -3.100284 1984.551928 -2.284686 11.160976 0.004528 
491 40.520276 0.000000 -4.560725 1984.270685 -2.090159 13.920339 0.004793 
492 42.066488 0.000000 -3.100284 1983.788336 -3.386614 11.210133 0.005292 
493 37.427853 0.000000 2.741479 1991.531689 0.000000 2.469361 -0.002455 
494 35.881641 0.000000 2.741479 1991.429731 0.000000 -0.221617 -0.002351 
495 37.427853 0.000000 4.201920 1992.255884 0.000000 5.846685 -0.003191 
496 34.335429 0.000000 2.741479 1991.369427 0.000000 -0.155278 -0.002290 
497 32.789217 0.000000 2.741479 1995.645180 0.427960 -4.253258 -0.006603 
498 34.335429 0.000000 4.201920 1991.439575 0.000000 -0.426762 -0.002360 
499 23.511946 0.000000 7.122802 2000.763370 0.279421 22.899418 -0.011901 
500 20.419523 0.000000 7.122802 2000.884462 0.192887 27.735066 -0.012085 
501 23.511946 0.000000 10.043684 1996.908698 0.268444 27.898122 -0.008070 
502 23.511946 0.000000 12.964566 1995.584656 0.220233 29.578712 -0.006759 
503 20.419523 0.000000 12.964566 1994.969149 0.177336 31.452254 -0.006167 
504 23.511946 0.000000 15.885447 1994.135288 0.177696 30.924435 -0.005318 
505 63.713454 0.000000 -13.323371 1988.227229 -0.810109 23.731129 0.000728 
506 63.713454 0.000000 -19.165134 1988.068826 -0.355100 27.246943 0.000842 
507 69.898301 0.000000 -13.323371 1988.495800 -0.754587 24.009134 0.000455 
508 54.436183 0.000000 -4.560725 1987.565649 -4.885460 14.194438 0.001479 
509 54.436183 0.000000 -7.481607 1987.571031 -2.450663 17.608109 0.001450 
510 57.528607 0.000000 -4.560725 1987.997936 -5.088960 13.610027 0.001048 
511 40.520276 0.000000 5.662361 1993.034478 0.000000 11.784056 -0.004002 
512 38.974065 0.000000 5.662361 1992.938688 0.000000 10.242312 -0.003897 
513 40.520276 0.000000 7.122802 1992.986018 0.000000 13.416793 -0.003963 
514 40.520276 0.000000 8.583243 1992.911639 0.000000 14.874295 -0.003899 
515 38.974065 0.000000 8.583243 1993.465765 1.155449 17.660699 -0.004480 
516 40.520276 0.000000 10.043684 1993.033499 1.058549 19.925465 -0.004066 
517 40.520276 0.000000 11.504125 1992.948557 0.873679 21.660415 -0.003999 
518 38.974065 0.000000 11.504125 1993.353872 0.801254 21.741018 -0.004408 
519 40.520276 0.000000 12.964566 1992.861223 0.804306 23.228366 -0.003929 
520 46.705124 0.000000 2.741479 1991.439934 2.781015 4.432414 -0.002368 
521 46.705124 0.000000 1.281038 1990.389056 2.333496 1.675080 -0.001305 
522 48.251336 0.000000 2.741479 1990.649794 3.024767 5.379771 -0.001575 
523 43.612700 0.000000 -3.100284 1984.113371 -4.779471 11.452926 0.004962 
524 43.612700 0.000000 -4.560725 1983.980375 -3.428492 13.505398 0.005085 
525 45.158912 0.000000 -3.100284 1985.061637 -5.883137 12.118694 0.004004 
526 17.327099 0.000000 7.122802 1999.626706 0.120188 32.577303 -0.010887 
527 14.234675 0.000000 7.122802 1995.960745 0.076775 35.634574 -0.007238 
528 17.327099 0.000000 10.043684 1995.897218 0.127873 32.771052 -0.007124 
529 17.327099 0.000000 12.964566 1994.345635 0.117678 33.228231 -0.005567 
530 14.234675 0.000000 12.964566 1993.389075 0.068171 34.559943 -0.004626 
531 17.327099 0.000000 15.885447 1993.282520 0.089584 33.463360 -0.004500 
532 37.427853 0.000000 5.662361 1992.728647 0.000000 8.706519 -0.003678 
533 35.881641 0.000000 5.662361 1993.986066 1.152892 11.402742 -0.004959 
534 37.427853 0.000000 7.122802 1993.834911 1.207763 14.821372 -0.004829 
535 37.427853 0.000000 8.583243 1993.953956 1.038968 17.766450 -0.004973 
536 35.881641 0.000000 8.583243 1994.495885 0.925894 17.727021 -0.005519 
537 37.427853 0.000000 10.043684 1993.794267 0.879220 20.153596 -0.004835 
538 37.427853 0.000000 11.504125 1993.719027 0.779714 21.998931 -0.004779 
539 35.881641 0.000000 11.504125 1994.034712 0.713499 22.358444 -0.005101 
540 37.427853 0.000000 12.964566 1993.533958 0.665703 23.623978 -0.004611 
541 46.705124 0.000000 -0.179403 1988.255299 7.636415 13.063751 0.000785 
542 46.705124 0.000000 -1.639843 1986.771016 -6.660460 16.318417 0.002255 
543 48.251336 0.000000 -0.179403 1987.562905 6.573053 15.687511 0.001465 
544 49.797547 0.000000 2.741479 1989.985627 3.431004 6.211389 -0.000910 
545 49.797547 0.000000 1.281038 1988.902452 2.960209 5.382436 0.000182 
546 51.343759 0.000000 2.741479 1989.449490 3.784539 6.907571 -0.000374 
547 34.335429 0.000000 5.662361 1994.913247 0.977074 11.065281 -0.005892 
548 32.789217 0.000000 5.662361 1996.317005 0.871843 10.945864 -0.007307 
549 34.335429 0.000000 7.122802 1995.078610 0.929390 15.214502 -0.006086 
550 34.335429 0.000000 8.583243 1995.128452 0.866754 18.294409 -0.006162 
551 32.789217 0.000000 8.583243 1995.638280 0.772687 18.688608 -0.006680 
552 34.335429 0.000000 10.043684 1994.919273 0.751928 20.501987 -0.005973 
553 34.335429 0.000000 11.504125 1994.547763 0.643484 22.607728 -0.005621 
554 32.789217 0.000000 11.504125 1995.032290 0.586889 23.047156 -0.006115 
555 34.335429 0.000000 12.964566 1994.245461 0.537989 24.344537 -0.005337 
556 46.705124 0.000000 -3.100284 1985.850411 -6.392105 13.044670 0.003205 
557 46.705124 0.000000 -4.560725 1985.364109 -4.505628 13.725094 0.003693 
558 48.251336 0.000000 -3.100284 1986.405702 -6.627491 13.862723 0.002641 
1 79 97 95 96 
2 97 72 88 95 
3 95 88 5 98 
4 96 95 98 82 
5 7 101 99 100 
6 101 12 102 99 
7 99 102 10 25 
8 100 99 25 11 
9 11 105 103 104 
10 105 25 106 103 
11 103 106 23 41 
12 104 103 41 24 
13 24 109 107 108 
14 109 41 110 107 
15 107 110 39 57 
16 108 107 57 40 
17 40 113 111 112 
18 113 57 114 111 
19 111 114 55 73 
20 112 111 73 56 
21 56 117 115 116 
22 117 73 118 115 
23 72 121 119 120 
24 119 122 87 123 
25 120 119 123 88 
26 14 125 124 37 
27 125 8 126 124 
28 124 126 21 127 
29 37 124 127 19 
30 27 129 128 53 
31 129 14 130 128 
32 128 130 37 131 
33 53 128 131 35 
34 133 27 134 132 
35 132 134 53 135 
36 10 141 140 26 
37 141 13 142 140 
38 140 142 8 125 
39 26 140 125 14 
40 23 144 143 42 
41 144 26 145 143 
42 143 145 14 129 
43 42 143 129 27 
44 147 42 148 146 
45 146 148 27 133 
46 20 38 161 162 
47 38 19 163 161 
48 161 163 22 164 
49 162 161 164 9 
50 36 54 165 166 
51 54 35 167 165 
52 165 167 38 168 
53 166 165 168 20 
54 52 70 169 170 
55 70 51 171 169 
56 169 171 54 172 
57 170 169 172 36 
58 67 139 173 174 
59 139 69 175 173 
60 173 175 51 176 
61 174 173 176 70 
62 177 179 139 180 
63 178 177 180 67 
64 43 187 186 138 
65 187 133 188 186 
66 186 188 132 189 
67 138 186 189 69 
68 137 191 190 155 
69 191 43 192 190 
70 190 192 138 193 
71 155 190 193 136 
72 195 155 196 194 
73 194 196 136 197 
74 68 86 198 199 
75 86 67 174 198 
76 198 174 70 200 
77 199 198 200 52 
78 201 178 67 203 
79 202 201 203 86 
80 204 206 177 207 
81 205 204 207 178 
82 157 215 213 214 
83 215 153 182 213 
84 213 182 85 216 
85 214 213 216 160 
86 182 219 217 218 
87 219 181 209 217 
88 217 209 185 220 
89 218 217 220 85 
90 136 193 221 179 
91 193 138 222 221 
92 221 222 69 223 
93 179 221 223 139 
94 197 136 225 224 
95 224 225 179 226 
96 206 224 226 177 
97 227 229 206 230 
98 228 227 230 204 
99 209 233 231 232 
100 232 231 235 185 
101 238 149 239 236 
102 59 242 240 241 
103 242 154 243 240 
104 240 243 152 183 
105 241 240 183 153 
106 183 246 244 245 
107 246 152 247 244 
108 244 247 184 210 
109 245 244 210 181 
110 181 250 248 249 
111 250 210 251 248 
112 248 251 208 233 
113 249 248 233 209 
114 184 253 252 211 
115 253 194 254 252 
116 252 254 197 255 
117 211 252 255 156 
118 257 211 258 256 
119 256 258 156 259 
120 233 262 260 261 
121 262 208 263 260 
122 261 260 264 231 
123 73 268 267 118 
124 268 55 269 267 
125 266 272 270 271 
126 272 74 273 270 
127 270 273 237 274 
128 271 270 274 265 
129 17 277 275 276 
130 277 7 100 275 
131 275 100 11 33 
132 276 275 33 15 
133 33 280 278 279 
134 280 11 104 278 
135 278 104 24 49 
136 279 278 49 31 
137 49 283 281 282 
138 283 24 108 281 
139 281 108 40 65 
140 282 281 65 47 
141 65 286 284 285 
142 286 40 112 284 
143 284 112 56 81 
144 285 284 81 63 
145 81 289 287 288 
146 289 56 116 287 
147 287 116 72 97 
148 288 287 97 79 
149 116 292 290 291 
150 292 115 293 290 
151 290 293 89 121 
152 291 290 121 72 
153 89 295 294 122 
154 295 71 296 294 
155 294 296 90 297 
156 122 294 297 87 
157 121 300 298 299 
158 300 89 301 298 
159 298 301 122 302 
160 299 298 302 119 
161 16 305 303 304 
162 305 15 32 303 
163 303 32 18 306 
164 304 303 306 6 
165 32 309 307 308 
166 309 31 48 307 
167 307 48 34 310 
168 308 307 310 18 
169 48 313 311 312 
170 313 47 64 311 
171 311 64 50 314 
172 312 311 314 34 
173 64 317 315 316 
174 316 315 318 50 
175 6 306 319 320 
176 306 18 45 319 
177 319 45 28 321 
178 320 319 321 29 
179 18 310 322 323 
180 310 34 61 322 
181 322 61 44 324 
182 323 322 324 45 
183 34 314 325 326 
184 314 50 77 325 
185 325 77 60 327 
186 326 325 327 61 
187 50 318 328 329 
188 329 328 330 77 
189 315 333 331 332 
190 331 334 66 335 
191 332 331 335 318 
192 47 338 336 337 
193 338 65 285 336 
194 336 285 63 317 
195 337 336 317 64 
196 317 341 339 340 
197 341 63 342 339 
198 339 342 80 333 
199 340 339 333 315 
200 80 344 343 334 
201 344 79 96 343 
202 343 96 82 345 
203 334 343 345 66 
204 333 348 346 347 
205 348 80 349 346 
206 346 349 334 350 
207 347 346 350 331 
208 210 352 351 251 
209 352 184 353 351 
210 351 353 211 257 
211 251 351 257 208 
212 208 355 354 263 
213 355 257 356 354 
214 354 356 256 357 
215 263 354 357 234 
216 160 216 358 359 
217 216 85 205 358 
218 358 205 178 360 
219 359 358 360 201 
220 85 220 361 362 
221 220 185 228 361 
222 361 228 204 363 
223 362 361 363 205 
224 185 235 364 365 
225 235 212 366 364 
226 364 366 227 367 
227 365 364 367 228 
228 231 264 368 369 
229 264 234 370 368 
230 368 370 212 371 
231 369 368 371 235 
232 260 374 372 373 
233 374 263 375 372 
234 372 375 234 376 
235 373 372 376 264 
236 12 378 377 102 
237 378 2 379 377 
238 377 379 13 141 
239 102 377 141 10 
240 1 382 380 381 
241 382 17 276 380 
242 380 276 15 305 
243 381 380 305 16 
244 19 127 383 163 
245 127 21 384 383 
246 383 384 3 385 
247 163 383 385 22 
248 25 387 386 106 
249 387 10 388 386 
250 386 388 26 144 
251 106 386 144 23 
252 28 46 389 390 
253 46 20 162 389 
254 389 162 9 391 
255 390 389 391 30 
256 29 321 392 393 
257 321 28 390 392 
258 392 390 30 394 
259 393 392 394 4 
260 15 397 395 396 
261 397 33 279 395 
262 395 279 31 309 
263 396 395 309 32 
264 35 131 398 167 
265 131 37 399 398 
266 398 399 19 400 
267 167 398 400 38 
268 41 402 401 110 
269 402 23 403 401 
270 401 403 42 147 
271 110 401 147 39 
272 44 62 404 405 
273 62 36 166 404 
274 404 166 20 406 
275 405 404 406 46 
276 45 324 407 408 
277 324 44 405 407 
278 407 405 46 409 
279 408 407 409 28 
280 31 412 410 411 
281 412 49 282 410 
282 410 282 47 313 
283 411 410 313 48 
284 51 135 413 171 
285 135 53 414 413 
286 413 414 35 415 
287 171 413 415 54 
288 57 417 416 114 
289 417 39 418 416 
290 416 418 58 150 
291 114 416 150 55 
292 60 78 419 420 
293 78 52 170 419 
294 419 170 36 421 
295 420 419 421 62 
296 61 327 422 423 
297 327 60 420 422 
298 422 420 62 424 
299 423 422 424 44 
300 76 94 425 426 
301 94 68 199 425 
302 425 199 52 427 
303 426 425 427 78 
304 77 330 428 429 
305 330 76 426 428 
306 428 426 78 430 
307 429 428 430 60 
308 63 432 431 342 
309 432 81 288 431 
310 431 288 79 344 
311 342 431 344 80 
312 436 202 86 438 
313 437 436 438 68 
314 82 98 439 440 
315 98 5 434 439 
316 439 434 84 441 
317 440 439 441 92 
318 92 441 442 443 
319 441 84 437 442 
320 442 437 68 444 
321 443 442 444 94 
322 115 446 445 293 
323 446 118 447 445 
324 445 447 71 295 
325 293 445 295 89 
326 69 189 448 175 
327 189 132 449 448 
328 448 449 135 450 
329 175 448 450 51 
330 58 452 451 151 
331 452 146 453 451 
332 451 453 133 187 
333 151 451 187 43 
334 55 455 454 269 
335 455 150 456 454 
336 454 456 149 238 
337 149 458 457 239 
338 458 151 459 457 
339 457 459 43 191 
340 239 457 191 137 
341 154 461 460 243 
342 461 137 462 460 
343 460 462 155 195 
344 243 460 195 152 
345 159 465 463 464 
346 465 59 241 463 
347 463 241 153 215 
348 464 463 215 157 
349 153 468 466 467 
350 468 183 245 466 
351 466 245 181 219 
352 467 466 219 182 
353 152 470 469 247 
354 470 195 471 469 
355 469 471 194 253 
356 247 469 253 184 
357 156 255 472 229 
358 255 197 473 472 
359 472 473 224 474 
360 229 472 474 206 
361 212 259 475 366 
362 259 156 476 475 
363 475 476 229 477 
364 366 475 477 227 
365 234 357 478 370 
366 357 256 479 478 
367 478 479 259 480 
368 370 478 480 212 
369 71 482 481 296 
370 482 266 271 481 
371 481 271 265 483 
372 296 481 483 90 
373 265 274 484 485 
374 274 237 486 484 
375 484 486 59 465 
376 485 484 465 159 
377 90 483 487 488 
378 483 265 485 487 
379 487 485 159 489 
380 488 487 489 75 
381 118 491 490 447 
382 491 267 492 490 
383 490 492 266 482 
384 447 490 482 71 
385 87 297 493 494 
386 297 90 488 493 
387 493 488 75 495 
388 494 493 495 91 
389 88 123 496 497 
390 123 87 494 496 
391 496 494 91 498 
392 497 496 498 5 
393 66 345 499 500 
394 345 82 440 499 
395 499 440 92 501 
396 500 499 501 93 
397 93 501 502 503 
398 501 92 443 502 
399 502 443 94 504 
400 503 502 504 76 
401 39 506 505 418 
402 506 147 507 505 
403 505 507 146 452 
404 418 505 452 58 
405 150 509 508 456 
406 509 58 510 508 
407 508 510 151 458 
408 456 508 458 149 
409 75 489 511 512 
410 489 159 464 511 
411 511 464 157 513 
412 512 511 513 158 
413 158 513 514 515 
414 513 157 214 514 
415 514 214 160 516 
416 515 514 516 83 
417 83 516 517 518 
418 516 160 359 517 
419 517 359 201 519 
420 518 517 519 202 
421 237 521 520 486 
422 521 236 522 520 
423 520 522 154 242 
424 486 520 242 59 
425 267 524 523 492 
426 524 269 525 523 
427 523 525 74 272 
428 492 523 272 266 
429 318 335 526 527 
430 335 66 500 526 
431 526 500 93 528 
432 527 526 528 328 
433 328 528 529 530 
434 528 93 503 529 
435 529 503 76 531 
436 530 529 531 330 
437 91 495 532 533 
438 495 75 512 532 
439 532 512 158 534 
440 533 532 534 433 
441 433 534 535 536 
442 534 158 515 535 
443 535 515 83 537 
444 536 535 537 435 
445 435 537 538 539 
446 537 83 518 538 
447 538 518 202 540 
448 539 538 540 436 
449 74 542 541 273 
450 542 238 543 541 
451 541 543 236 521 
452 273 541 521 237 
453 236 545 544 522 
454 545 239 546 544 
455 544 546 137 461 
456 522 544 461 154 
457 5 498 547 548 
458 498 91 533 547 
459 547 533 433 549 
460 548 547 549 434 
461 434 549 550 551 
462 549 433 536 550 
463 550 536 435 552 
464 551 550 552 84 
465 84 552 553 554 
466 552 435 539 553 
467 553 539 436 555 
468 554 553 555 437 
469 269 557 556 525 
470 557 454 558 556 
471 556 558 238 542 
472 525 556 542 74 
