2 0.000000 1989.093400 115197.572811
558 472 
1 -165.125896 0.000000 -182.734516 1988.769493 0.000261 34.719090 0.000021 
2 230.704331 0.000000 -182.734516 1988.772773 0.001390 34.584597 0.000020 
3 230.704331 0.000000 191.138357 1988.811512 0.003433 34.587294 -0.000019 
4 -165.125896 0.000000 191.138357 1988.811562 0.000421 34.718064 -0.000021 
5 32.789217 0.000000 4.201920 1996.297820 0.881674 4.618991 -0.007263 
6 -165.125896 0.000000 4.201920 1988.792170 0.000529 34.743781 -0.000002 
7 32.789217 0.000000 -182.734516 1988.726575 0.000651 34.647079 0.000065 
8 230.704331 0.000000 4.201920 1989.153074 -0.543466 14.063808 -0.000110 
9 32.789217 0.000000 191.138357 1988.850900 0.001882 34.650955 -0.000060 
10 131.746774 0.000000 -89.266298 1988.722420 0.001296 34.180615 0.000078 
11 32.789217 0.000000 -89.266298 1988.532988 0.016125 34.426490 0.000264 
12 131.746774 0.000000 -182.734516 1988.749312 0.001053 34.595982 0.000043 
13 230.704331 0.000000 -89.266298 1988.780761 0.002695 34.203962 0.000019 
14 131.746774 0.000000 4.201920 1989.164656 3.061122 13.623647 -0.000121 
15 -66.168339 0.000000 -89.266298 1988.701358 0.000706 34.734851 0.000089 
16 -165.125896 0.000000 -89.266298 1988.770548 0.000383 34.733047 0.000020 
17 -66.168339 0.000000 -182.734516 1988.745173 0.000418 34.702982 0.000046 
18 -66.168339 0.000000 4.201920 1988.803118 0.002597 34.837925 -0.000015 
19 131.746774 0.000000 97.670139 1988.870588 0.016396 34.237322 -0.000072 
20 32.789217 0.000000 97.670139 1989.019265 0.045725 34.465212 -0.000226 
21 230.704331 0.000000 97.670139 1988.816977 0.018540 34.221997 -0.000018 
22 131.746774 0.000000 191.138357 1988.832307 0.002893 34.602505 -0.000040 
23 82.267996 0.000000 -42.532189 1988.557688 -0.019929 32.613658 0.000270 
24 32.789217 0.000000 -42.532189 1987.634409 -0.053913 33.500740 0.001183 
25 82.267996 0.000000 -89.266298 1988.628393 -0.034764 34.221022 0.000172 
26 131.746774 0.000000 -42.532189 1988.759658 -0.005485 32.677107 0.000066 
27 82.267996 0.000000 4.201920 1989.169334 3.502466 13.859103 -0.000128 
28 -66.168339 0.000000 97.670139 1988.877939 0.001809 34.727307 -0.000088 
29 -165.125896 0.000000 97.670139 1988.811940 0.000542 34.731355 -0.000022 
30 -66.168339 0.000000 191.138357 1988.834097 0.000901 34.701997 -0.000044 
31 -16.689561 0.000000 -42.532189 1988.446930 -0.008894 34.750462 0.000345 
32 -66.168339 0.000000 -42.532189 1988.705699 0.001106 34.796475 0.000084 
33 -16.689561 0.000000 -89.266298 1988.598743 0.003499 34.661543 0.000194 
34 -16.689561 0.000000 4.201920 1988.908425 0.004299 35.283522 -0.000129 
35 82.267996 0.000000 50.936029 1989.025850 0.043059 33.126871 -0.000209 
36 32.789217 0.000000 50.936029 1989.564871 -0.015877 33.814351 -0.000763 
37 131.746774 0.000000 50.936029 1988.886806 0.076670 33.040997 -0.000068 
38 82.267996 0.000000 97.670139 1988.947377 0.030834 34.291439 -0.000150 
39 57.528607 0.000000 -19.165134 1987.652259 -0.389406 27.113005 0.001263 
40 32.789217 0.000000 -19.165134 1985.030901 -0.224318 29.715494 0.003857 
41 57.528607 0.000000 -42.532189 1988.126554 -0.034035 32.778504 0.000700 
42 82.267996 0.000000 -19.165134 1988.660285 -0.300201 27.687338 0.000242 
43 57.528607 0.000000 4.201920 1988.779927 3.814886 11.175079 0.000280 
44 -16.689561 0.000000 50.936029 1989.109353 0.006319 34.713240 -0.000321 
45 -66.168339 0.000000 50.936029 1988.884645 0.002199 34.782514 -0.000096 
46 -16.689561 0.000000 97.670139 1988.966140 0.003980 34.658933 -0.000176 
47 8.049828 0.000000 -19.165134 1986.553924 0.004855 35.190505 0.002239 
48 -16.689561 0.000000 -19.165134 1988.408982 -0.011437 35.099002 0.000377 
49 8.049828 0.000000 -42.532189 1987.951845 -0.013647 34.441196 0.000848 
50 8.049828 0.000000 4.201920 1990.811249 0.012930 38.158388 -0.002096 
51 57.528607 0.000000 27.568975 1989.886354 0.274229 30.005727 -0.001025 
52 32.789217 0.000000 27.568975 1991.254133 0.188410 31.729350 -0.002428 
53 82.267996 0.000000 27.568975 1989.147400 0.332099 30.062819 -0.000283 
54 57.528607 0.000000 50.936029 1989.334259 0.071927 33.260813 -0.000522 
55 45.158912 0.000000 -7.481607 1984.602958 -2.230502 17.458142 0.004432 
56 32.789217 0.000000 -7.481607 1982.677359 -0.767863 18.082327 0.006358 
57 45.158912 0.000000 -19.165134 1986.287458 -0.326902 27.709553 0.002625 
58 57.528607 0.000000 -7.481607 1987.926314 -2.687260 17.167848 0.001097 
59 45.158912 0.000000 4.201920 1992.372210 0.000000 7.546806 -0.003314 
60 8.049828 0.000000 27.568975 1990.382305 -0.004915 34.654563 -0.001600 
61 -16.689561 0.000000 27.568975 1989.217983 0.014757 34.971147 -0.000434 
62 8.049828 0.000000 50.936029 1989.445322 0.017809 34.453987 -0.000654 
63 20.419523 0.000000 -7.481607 1978.108525 -0.125993 28.822485 0.010805 
64 8.049828 0.000000 -7.481607 1986.241183 -0.015273 36.894565 0.002522 
65 20.419523 0.000000 -19.165134 1985.086914 -0.065755 32.951998 0.003750 
66 20.419523 0.000000 4.201920 2006.307669 0.207569 19.798950 -0.017483 
67 45.158912 0.000000 15.885447 1991.576196 0.735093 25.309865 -0.002660 
68 32.789217 0.000000 15.885447 1993.779567 0.421848 27.274166 -0.004905 
69 57.528607 0.000000 15.885447 1989.988382 0.959845 24.817881 -0.001056 
70 45.158912 0.000000 27.568975 1990.694645 0.184175 30.477434 -0.001845 
71 38.974065 0.000000 -1.639843 1988.207067 -0.546777 15.578907 0.000830 
72 32.789217 0.000000 -1.639843 1983.306417 -0.139815 -22.005003 0.005688 
73 38.974065 0.000000 -7.481607 1984.096902 -1.246956 18.634397 0.004929 
74 45.158912 0.000000 -1.639843 1988.000841 2.901993 15.366993 0.001036 
75 38.974065 0.000000 4.201920 1992.768497 0.000000 8.004120 -0.003715 
76 20.419523 0.000000 15.885447 1993.935398 0.157795 32.278735 -0.005138 
77 8.049828 0.000000 15.885447 1991.263935 0.024336 35.475983 -0.002502 
78 20.419523 0.000000 27.568975 1991.291745 0.098538 33.537450 -0.002496 
79 26.604370 0.000000 -1.639843 1988.399825 -0.844334 -47.962430 0.000116 
80 20.419523 0.000000 -1.639843 1955.618180 -0.115878 -4.521864 0.033370 
81 26.604370 0.000000 -7.481607 1979.333850 -0.360144 21.826237 0.009669 
82 26.604370 0.000000 4.201920 2003.254019 0.557595 8.886668 -0.014309 
83 38.974065 0.000000 10.043684 1993.563818 1.063059 19.849010 -0.004600 
84 32.789217 0.000000 10.043684 1995.402554 0.734167 21.402751 -0.006470 
85 45.158912 0.000000 10.043684 1992.195692 0.000000 17.396018 -0.003198 
86 38.974065 0.000000 15.885447 1992.641706 0.575113 26.016622 -0.003742 
87 35.881641 0.000000 1.281038 1987.927746 0.000000 -10.335565 0.001145 
88 32.789217 0.000000 1.281038 1994.754173 -0.103192 -19.062285 -0.005792 
89 35.881641 0.000000 -1.639843 1987.932643 -0.123071 15.559694 0.001106 
90 38.974065 0.000000 1.281038 1990.609993 -0.000000 -2.182751 -0.001527 
91 35.881641 0.000000 4.201920 1991.827878 0.000000 2.584636 -0.002753 
92 26.604370 0.000000 10.043684 1997.062304 0.417261 25.123885 -0.008188 
93 20.419523 0.000000 10.043684 1996.712825 0.205118 30.445213 -0.007910 
94 26.604370 0.000000 15.885447 1994.243730 0.254417 29.518345 -0.005406 
95 29.696794 0.000000 1.281038 1988.410982 -1.744128 -48.212002 0.000098 
96 26.604370 0.000000 1.281038 1988.570667 -0.772519 -47.921037 -0.000055 
97 29.696794 0.000000 -1.639843 1988.410982 -1.744128 -48.212002 0.000098 
98 29.696794 0.000000 4.201920 2000.318558 0.751482 6.179986 -0.011328 
99 82.267996 0.000000 -136.000407 1988.698430 0.000975 34.520991 0.000096 
100 32.789217 0.000000 -136.000407 1988.674435 0.000677 34.591526 0.000119 
101 82.267996 0.000000 -182.734516 1988.734572 0.000836 34.615824 0.000058 
102 131.746774 0.000000 -136.000407 1988.734714 0.001501 34.488739 0.000060 
103 57.528607 0.000000 -65.899244 1988.495562 -0.011259 33.925634 0.000310 
104 32.789217 0.000000 -65.899244 1988.386971 -0.012354 34.184053 0.000415 
105 57.528607 0.000000 -89.266298 1988.571207 0.016234 34.301219 0.000228 
106 82.267996 0.000000 -65.899244 1988.589758 0.019614 33.790714 0.000218 
107 45.158912 0.000000 -30.848662 1987.205892 -0.068335 31.437601 0.001647 
108 32.789217 0.000000 -30.848662 1986.690812 -0.032358 32.454591 0.002148 
109 45.158912 0.000000 -42.532189 1987.844299 -0.049163 33.064551 0.000979 
110 57.528607 0.000000 -30.848662 1987.842840 -0.079385 30.999007 0.001014 
111 38.974065 0.000000 -13.323371 1984.532288 -0.556242 24.832770 0.004425 
112 32.789217 0.000000 -13.323371 1983.447271 -0.399375 26.047889 0.005498 
113 38.974065 0.000000 -19.165134 1985.623033 -0.328649 28.713913 0.003278 
114 45.158912 0.000000 -13.323371 1985.679449 -0.762987 24.037219 0.003284 
115 35.881641 0.000000 -4.560725 1986.093132 -1.243085 9.885656 0.002989 
116 32.789217 0.000000 -4.560725 1983.072355 -0.959905 7.318806 0.006031 
117 35.881641 0.000000 -7.481607 1983.874250 -0.989423 18.095629 0.005158 
118 38.974065 0.000000 -4.560725 1984.885757 -1.734797 13.196681 0.004181 
119 34.335429 0.000000 -0.179403 1985.995185 -5.026944 -39.164486 0.002719 
120 32.789217 0.000000 -0.179403 1988.687243 -9.688874 -45.614439 -0.000141 
121 34.335429 0.000000 -1.639843 1987.963339 -0.290295 -23.506510 0.000996 
122 35.881641 0.000000 -0.179403 1985.104268 -0.051935 1.743367 0.004006 
123 34.335429 0.000000 1.281038 1990.290080 0.000000 -16.897208 -0.001276 
124 181.225553 0.000000 50.936029 1988.844919 0.094188 33.009979 -0.000026 
125 181.225553 0.000000 4.201920 1989.163311 1.731384 13.499833 -0.000117 
126 230.704331 0.000000 50.936029 1988.832325 0.098859 32.968395 -0.000012 
127 181.225553 0.000000 97.670139 1988.833124 0.017731 34.226543 -0.000034 
128 107.007385 0.000000 27.568975 1988.955679 0.363800 30.055196 -0.000090 
129 107.007385 0.000000 4.201920 1989.164207 2.477537 13.710601 -0.000120 
130 131.746774 0.000000 27.568975 1988.916177 0.419424 29.988792 -0.000049 
131 107.007385 0.000000 50.936029 1988.936105 0.080711 33.066651 -0.000118 
132 69.898301 0.000000 15.885447 1989.325080 1.041300 25.186446 -0.000394 
133 69.898301 0.000000 4.201920 1988.979737 3.112191 13.580249 0.000065 
134 82.267996 0.000000 15.885447 1989.125142 1.118055 25.413514 -0.000195 
135 69.898301 0.000000 27.568975 1989.361451 0.322241 30.057363 -0.000498 
136 51.343759 0.000000 10.043684 1990.760023 1.306809 19.197097 -0.001770 
137 51.343759 0.000000 4.201920 1989.788771 3.032468 9.282462 -0.000723 
138 57.528607 0.000000 10.043684 1989.706012 1.441057 19.692817 -0.000715 
139 51.343759 0.000000 15.885447 1990.604539 0.850344 24.905984 -0.001677 
140 181.225553 0.000000 -42.532189 1988.799990 -0.017303 32.769960 0.000024 
141 181.225553 0.000000 -89.266298 1988.763886 0.002282 34.189797 0.000036 
142 230.704331 0.000000 -42.532189 1988.811619 -0.015344 32.848099 0.000011 
143 107.007385 0.000000 -19.165134 1988.834596 -0.255160 27.992160 0.000062 
144 107.007385 0.000000 -42.532189 1988.708117 -0.009058 32.631456 0.000118 
145 131.746774 0.000000 -19.165134 1988.867836 -0.237759 28.205385 0.000026 
146 69.898301 0.000000 -7.481607 1988.708440 -2.290550 17.911137 0.000305 
147 69.898301 0.000000 -19.165134 1988.369850 -0.337479 27.354733 0.000538 
148 82.267996 0.000000 -7.481607 1988.933307 -2.073067 18.528280 0.000073 
149 51.343759 0.000000 -1.639843 1986.370854 -6.668474 17.549847 0.002647 
150 51.343759 0.000000 -7.481607 1986.760815 -2.784295 17.142314 0.002268 
151 57.528607 0.000000 -1.639843 1986.988879 -7.215078 13.567090 0.002055 
152 48.251336 0.000000 7.122802 1991.490941 0.000000 16.085748 -0.002478 
153 45.158912 0.000000 7.122802 1992.195611 0.000000 15.320925 -0.003181 
154 48.251336 0.000000 4.201920 1990.961631 2.417444 8.343355 -0.001898 
155 51.343759 0.000000 7.122802 1990.465334 3.026058 14.790895 -0.001438 
156 48.251336 0.000000 10.043684 1991.327833 0.000000 17.550333 -0.002326 
157 42.066488 0.000000 7.122802 1992.876201 0.000000 14.772007 -0.003862 
158 38.974065 0.000000 7.122802 1993.222160 0.000000 11.785357 -0.004191 
159 42.066488 0.000000 4.201920 1993.050483 -0.000000 8.375310 -0.004000 
160 42.066488 0.000000 10.043684 1992.461806 0.000000 17.434757 -0.003467 
161 82.267996 0.000000 144.404248 1988.877923 0.004932 34.539380 -0.000085 
162 32.789217 0.000000 144.404248 1988.897013 0.003570 34.602147 -0.000105 
163 131.746774 0.000000 144.404248 1988.848900 0.005934 34.505723 -0.000055 
164 82.267996 0.000000 191.138357 1988.844638 0.002440 34.622187 -0.000053 
165 57.528607 0.000000 74.303084 1989.094630 0.032832 34.069116 -0.000295 
166 32.789217 0.000000 74.303084 1989.170385 0.023279 34.279692 -0.000374 
167 82.267996 0.000000 74.303084 1988.997915 0.015950 33.958307 -0.000195 
168 57.528607 0.000000 97.670139 1988.992882 0.047363 34.361861 -0.000197 
169 45.158912 0.000000 39.252502 1989.937645 0.150095 32.647021 -0.001118 
170 32.789217 0.000000 39.252502 1990.206165 0.115874 33.226642 -0.001398 
171 57.528607 0.000000 39.252502 1989.563512 0.159481 32.338610 -0.000737 
172 45.158912 0.000000 50.936029 1989.489519 -0.034909 33.495074 -0.000682 
173 51.343759 0.000000 21.727211 1990.368359 0.472347 28.214570 -0.001484 
174 45.158912 0.000000 21.727211 1990.987142 0.399388 28.581607 -0.002112 
175 57.528607 0.000000 21.727211 1990.006720 0.479390 27.979723 -0.001116 
176 51.343759 0.000000 27.568975 1990.265260 0.226651 30.176838 -0.001409 
177 48.251336 0.000000 12.964566 1991.298302 1.156882 22.594999 -0.002348 
178 45.158912 0.000000 12.964566 1991.856120 0.997733 22.894094 -0.002913 
179 51.343759 0.000000 12.964566 1990.727445 1.209836 22.448426 -0.001771 
180 48.251336 0.000000 15.885447 1991.146552 0.778401 24.943542 -0.002223 
181 46.705124 0.000000 8.583243 1991.670476 0.000000 16.851140 -0.002665 
182 45.158912 0.000000 8.583243 1992.101418 0.000000 17.101712 -0.003101 
183 46.705124 0.000000 7.122802 1991.746297 -0.000000 14.884708 -0.002725 
184 48.251336 0.000000 8.583243 1991.246760 0.000000 17.608037 -0.002245 
185 46.705124 0.000000 10.043684 1991.711446 -0.000000 17.384177 -0.002711 
186 63.713454 0.000000 10.043684 1989.286531 1.323059 20.262672 -0.000298 
187 63.713454 0.000000 4.201920 1988.528426 3.449463 12.995732 0.000522 
188 69.898301 0.000000 10.043684 1989.196913 0.836578 20.844900 -0.000214 
189 63.713454 0.000000 15.885447 1989.568102 1.009186 24.967828 -0.000635 
190 54.436183 0.000000 7.122802 1989.823951 3.287908 15.133082 -0.000795 
191 54.436183 0.000000 4.201920 1989.076032 3.473385 10.414714 -0.000013 
192 57.528607 0.000000 7.122802 1989.404993 3.575122 15.592799 -0.000378 
193 54.436183 0.000000 10.043684 1990.166832 1.404624 19.385352 -0.001175 
194 49.797547 0.000000 8.583243 1991.221017 0.000000 17.629689 -0.002219 
195 49.797547 0.000000 7.122802 1990.844606 2.847127 14.766889 -0.001819 
196 51.343759 0.000000 8.583243 1990.619838 3.190555 17.184994 -0.001613 
197 49.797547 0.000000 10.043684 1991.018097 1.231774 19.195201 -0.002030 
198 38.974065 0.000000 21.727211 1991.639493 0.325785 29.304720 -0.002779 
199 32.789217 0.000000 21.727211 1992.257443 0.265101 30.378857 -0.003417 
200 38.974065 0.000000 27.568975 1990.904362 0.137980 31.032219 -0.002065 
201 42.066488 0.000000 12.964566 1992.503145 0.934370 23.078031 -0.003566 
202 38.974065 0.000000 12.964566 1993.250961 0.818784 23.430785 -0.004324 
203 42.066488 0.000000 15.885447 1992.109554 0.646778 25.533490 -0.003200 
204 46.705124 0.000000 11.504125 1991.660746 1.272551 21.236173 -0.002697 
205 45.158912 0.000000 11.504125 1992.027290 1.209987 21.183742 -0.003066 
206 48.251336 0.000000 11.504125 1991.355104 1.345300 21.099362 -0.002388 
207 46.705124 0.000000 12.964566 1991.567391 1.086641 22.730291 -0.002620 
208 47.478230 0.000000 9.313463 1991.483544 0.000000 18.548144 -0.002492 
209 46.705124 0.000000 9.313463 1991.669652 0.000000 18.175808 -0.002676 
210 47.478230 0.000000 8.583243 1991.485298 0.000000 17.135627 -0.002481 
211 48.251336 0.000000 9.313463 1991.287573 -0.000000 18.349253 -0.002293 
212 47.478230 0.000000 10.043684 1991.451963 0.000000 17.467564 -0.002450 
213 43.612700 0.000000 8.583243 1992.438672 0.000000 17.180919 -0.003441 
214 42.066488 0.000000 8.583243 1992.675364 0.000000 16.082015 -0.003670 
215 43.612700 0.000000 7.122802 1992.571822 0.000000 14.981596 -0.003557 
216 43.612700 0.000000 10.043684 1992.386555 0.000000 17.397134 -0.003390 
217 45.932018 0.000000 9.313463 1991.919349 -0.000000 18.269017 -0.002928 
218 45.158912 0.000000 9.313463 1992.049323 0.000000 18.423863 -0.003060 
219 45.932018 0.000000 8.583243 1991.914851 -0.000000 16.843742 -0.002911 
220 45.932018 0.000000 10.043684 1991.920991 -0.000000 17.364107 -0.002921 
221 54.436183 0.000000 12.964566 1990.266044 1.316607 22.439815 -0.001307 
222 57.528607 0.000000 12.964566 1989.835807 1.379749 22.647384 -0.000877 
223 54.436183 0.000000 15.885447 1990.227919 0.914323 24.850816 -0.001297 
224 49.797547 0.000000 11.504125 1991.136141 1.411899 20.892852 -0.002166 
225 51.343759 0.000000 11.504125 1990.845720 1.464160 20.824167 -0.001873 
226 49.797547 0.000000 12.964566 1991.055008 1.175184 22.396889 -0.002100 
227 47.478230 0.000000 10.773904 1991.442412 1.369894 20.365175 -0.002469 
228 46.705124 0.000000 10.773904 1991.610441 1.356038 20.411048 -0.002638 
229 48.251336 0.000000 10.773904 1991.380920 1.401925 20.233888 -0.002405 
230 47.478230 0.000000 11.504125 1991.494337 1.328018 21.177751 -0.002529 
231 47.091677 0.000000 9.678574 1991.480066 -0.000000 18.804558 -0.002491 
232 46.705124 0.000000 9.678574 1991.614755 -0.000000 18.651228 -0.002625 
233 47.091677 0.000000 9.313463 1991.567935 0.000000 18.470399 -0.002576 
234 47.478230 0.000000 9.678574 1991.389483 0.000000 18.741817 -0.002399 
235 47.091677 0.000000 10.043684 1991.573869 -0.000000 17.413175 -0.002572 
236 48.251336 0.000000 1.281038 1989.003848 2.893390 3.456845 0.000085 
237 45.158912 0.000000 1.281038 1991.496606 2.190281 -0.271096 -0.002419 
238 48.251336 0.000000 -1.639843 1986.529973 -7.047551 17.863056 0.002483 
239 51.343759 0.000000 1.281038 1987.794279 2.099490 7.028091 0.001292 
240 46.705124 0.000000 5.662361 1991.906136 0.000000 12.859368 -0.002872 
241 45.158912 0.000000 5.662361 1992.341061 0.000000 11.485952 -0.003301 
242 46.705124 0.000000 4.201920 1992.345525 0.000000 7.458784 -0.003287 
243 48.251336 0.000000 5.662361 1991.549862 0.000000 14.473815 -0.002524 
244 47.478230 0.000000 7.853022 1991.507399 0.000000 16.149924 -0.002495 
245 46.705124 0.000000 7.853022 1991.707935 0.000000 16.052427 -0.002696 
246 47.478230 0.000000 7.122802 1991.602177 0.000000 15.333402 -0.002584 
247 48.251336 0.000000 7.853022 1991.425582 0.000000 16.758525 -0.002417 
248 47.091677 0.000000 8.948353 1991.564154 0.000000 17.598453 -0.002564 
249 46.705124 0.000000 8.948353 1991.644978 0.000000 17.572904 -0.002645 
250 47.091677 0.000000 8.583243 1991.576699 0.000000 17.100876 -0.002572 
251 47.478230 0.000000 8.948353 1991.493731 0.000000 17.495216 -0.002492 
252 49.024441 0.000000 9.313463 1991.282044 0.000000 17.573175 -0.002280 
253 49.024441 0.000000 8.583243 1991.301244 0.000000 17.568145 -0.002299 
254 49.797547 0.000000 9.313463 1991.202052 0.000000 17.638090 -0.002200 
255 49.024441 0.000000 10.043684 1991.202408 0.000000 17.643172 -0.002200 
256 47.864783 0.000000 9.678574 1991.381448 0.000000 18.542308 -0.002389 
257 47.864783 0.000000 9.313463 1991.389095 0.000000 18.590640 -0.002397 
258 48.251336 0.000000 9.678574 1991.383435 0.000000 17.503730 -0.002381 
259 47.864783 0.000000 10.043684 1991.402629 0.000000 17.489700 -0.002401 
260 47.284953 0.000000 9.496019 1991.470575 -0.000000 18.854284 -0.002481 
261 47.091677 0.000000 9.496019 1991.527364 -0.000000 18.870922 -0.002539 
262 47.284953 0.000000 9.313463 1991.523392 0.000000 18.476417 -0.002531 
263 47.478230 0.000000 9.496019 1991.428616 0.000000 18.854893 -0.002439 
264 47.284953 0.000000 9.678574 1991.425512 0.000000 18.800005 -0.002436 
265 42.066488 0.000000 1.281038 1993.016789 0.000000 -1.093041 -0.003949 
266 42.066488 0.000000 -1.639843 1988.137518 1.006888 15.462556 0.000900 
267 42.066488 0.000000 -4.560725 1983.482132 -2.964617 13.618027 0.005585 
268 42.066488 0.000000 -7.481607 1984.068089 -1.692093 18.227863 0.004962 
269 45.158912 0.000000 -4.560725 1984.265886 -4.579768 13.318913 0.004798 
270 43.612700 0.000000 -0.179403 1990.679955 0.757589 6.071152 -0.001605 
271 42.066488 0.000000 -0.179403 1991.900924 0.129286 2.082418 -0.002826 
272 43.612700 0.000000 -1.639843 1988.091745 2.249628 15.395404 0.000946 
273 45.158912 0.000000 -0.179403 1989.547114 10.764791 9.520783 -0.000508 
274 43.612700 0.000000 1.281038 1992.439295 0.000000 -1.050905 -0.003367 
275 -16.689561 0.000000 -136.000407 1988.690031 0.000599 34.668092 0.000102 
276 -66.168339 0.000000 -136.000407 1988.725761 0.000532 34.709321 0.000065 
277 -16.689561 0.000000 -182.734516 1988.731552 0.000519 34.679935 0.000060 
278 8.049828 0.000000 -65.899244 1988.416764 -0.016106 34.497446 0.000379 
279 -16.689561 0.000000 -65.899244 1988.516107 0.011988 34.687460 0.000276 
280 8.049828 0.000000 -89.266298 1988.546624 -0.046207 34.563616 0.000248 
281 20.419523 0.000000 -30.848662 1986.775167 0.016574 33.738300 0.002042 
282 8.049828 0.000000 -30.848662 1987.417542 -0.015232 34.597584 0.001382 
283 20.419523 0.000000 -42.532189 1987.707848 0.013283 34.043081 0.001100 
284 26.604370 0.000000 -13.323371 1982.610871 -0.221033 28.496587 0.006302 
285 20.419523 0.000000 -13.323371 1982.955956 -0.106923 31.830713 0.005905 
286 26.604370 0.000000 -19.165134 1984.771504 -0.152313 31.274259 0.004094 
287 29.696794 0.000000 -4.560725 1979.073631 -0.636901 7.823181 0.010034 
288 26.604370 0.000000 -4.560725 1975.937611 -0.396506 11.140969 0.013153 
289 29.696794 0.000000 -7.481607 1980.746520 -0.555594 19.162308 0.008282 
290 34.335429 0.000000 -3.100284 1986.720123 -0.935988 -2.574394 0.002383 
291 32.789217 0.000000 -3.100284 1983.477022 -0.812294 -3.784992 0.005635 
292 34.335429 0.000000 -4.560725 1984.892744 -1.112715 8.223790 0.004202 
293 35.881641 0.000000 -3.100284 1989.879503 -1.045626 1.579842 -0.000791 
294 37.427853 0.000000 -0.179403 1985.507547 -0.077462 -2.368094 0.003601 
295 37.427853 0.000000 -1.639843 1988.074125 -0.460049 15.585986 0.000963 
296 38.974065 0.000000 -0.179403 1988.843890 -0.166800 2.606307 0.000249 
297 37.427853 0.000000 1.281038 1988.640643 0.000000 -4.979807 0.000449 
298 35.108535 0.000000 -0.909623 1987.324578 -1.493504 3.899676 0.001773 
299 34.335429 0.000000 -0.909623 1985.490796 -7.612077 -47.787471 0.003027 
300 35.108535 0.000000 -1.639843 1987.895095 -0.072249 15.552429 0.001143 
301 35.881641 0.000000 -0.909623 1987.680087 -0.128064 14.327781 0.001369 
302 35.108535 0.000000 -0.179403 1984.591023 -2.252442 -23.174930 0.004385 
303 -115.647118 0.000000 -42.532189 1988.763357 0.000772 34.758463 0.000026 
304 -165.125896 0.000000 -42.532189 1988.778822 0.000460 34.740837 0.000011 
305 -115.647118 0.000000 -89.266298 1988.750686 0.000537 34.738140 0.000040 
306 -115.647118 0.000000 4.201920 1988.794343 0.000931 34.768874 -0.000005 
307 -41.428950 0.000000 -19.165134 1988.680272 0.004359 34.906117 0.000107 
308 -66.168339 0.000000 -19.165134 1988.743829 0.000678 34.829000 0.000045 
309 -41.428950 0.000000 -42.532189 1988.621892 0.001144 34.817172 0.000168 
310 -41.428950 0.000000 4.201920 1988.818821 0.001013 34.911498 -0.000032 
311 -4.319866 0.000000 -7.481607 1988.242673 -0.001678 35.821804 0.000531 
312 -16.689561 0.000000 -7.481607 1988.607027 -0.004235 35.255865 0.000175 
313 -4.319866 0.000000 -19.165134 1987.909918 -0.002722 35.276056 0.000875 
314 -4.319866 0.000000 4.201920 1989.135123 0.006340 35.944661 -0.000369 
315 14.234675 0.000000 -1.639843 1979.557777 -0.000918 45.427017 0.009043 
316 8.049828 0.000000 -1.639843 1987.827625 -0.001210 38.607325 0.000896 
317 14.234675 0.000000 -7.481607 1982.340433 -0.041318 35.556229 0.006459 
318 14.234675 0.000000 4.201920 1998.671486 0.068031 39.027961 -0.010039 
319 -115.647118 0.000000 50.936029 1988.822747 0.001004 34.754662 -0.000033 
320 -165.125896 0.000000 50.936029 1988.804893 0.000560 34.739566 -0.000015 
321 -115.647118 0.000000 97.670139 1988.831866 0.000909 34.734498 -0.000042 
322 -41.428950 0.000000 27.568975 1988.939076 -0.003220 34.874349 -0.000152 
323 -66.168339 0.000000 27.568975 1988.856899 0.005123 34.818175 -0.000069 
324 -41.428950 0.000000 50.936029 1988.968965 0.024336 34.789718 -0.000181 
325 -4.319866 0.000000 15.885447 1989.669881 0.001425 35.431357 -0.000897 
326 -16.689561 0.000000 15.885447 1989.145686 0.006571 35.146015 -0.000365 
327 -4.319866 0.000000 27.568975 1989.623937 0.011921 34.944001 -0.000842 
328 14.234675 0.000000 10.043684 1994.332758 0.076383 34.836422 -0.005582 
329 8.049828 0.000000 10.043684 1991.537354 0.018021 36.283830 -0.002792 
330 14.234675 0.000000 15.885447 1992.568258 0.086799 34.378112 -0.003796 
331 17.327099 0.000000 1.281038 2033.229014 0.151117 22.919837 -0.045003 
332 14.234675 0.000000 1.281038 1996.284448 0.040434 49.553801 -0.007864 
333 17.327099 0.000000 -1.639843 1957.902150 -0.046036 31.179085 0.030871 
334 20.419523 0.000000 1.281038 2034.719920 -0.722651 -49.552972 -0.047024 
335 17.327099 0.000000 4.201920 2006.649299 0.117650 31.038467 -0.017974 
336 14.234675 0.000000 -13.323371 1984.547217 -0.030372 34.566195 0.004264 
337 8.049828 0.000000 -13.323371 1986.258650 -0.014790 35.797103 0.002524 
338 14.234675 0.000000 -19.165134 1985.671125 -0.051285 34.467065 0.003138 
339 17.327099 0.000000 -4.560725 1974.455941 -0.048040 32.265459 0.014400 
340 14.234675 0.000000 -4.560725 1980.571154 -0.026289 37.390425 0.008197 
341 17.327099 0.000000 -7.481607 1979.864433 -0.077088 32.839166 0.008985 
342 20.419523 0.000000 -4.560725 1972.092473 -0.111039 22.031980 0.016898 
343 23.511946 0.000000 1.281038 1988.992742 -0.657407 -47.856877 -0.000478 
344 23.511946 0.000000 -1.639843 1969.479190 -0.178872 -14.648991 0.019570 
345 23.511946 0.000000 4.201920 2003.777443 0.352255 13.987488 -0.014869 
346 18.873311 0.000000 -0.179403 2138.813624 -0.816879 -53.626216 -0.156934 
347 17.327099 0.000000 -0.179403 1941.753019 -0.111787 15.591516 0.046972 
348 18.873311 0.000000 -1.639843 1952.545821 -0.090970 14.953261 0.036354 
349 20.419523 0.000000 -0.179403 2038.334001 -0.750548 -49.630468 -0.050746 
350 18.873311 0.000000 1.281038 2177.516608 -0.849199 -55.189983 -0.199200 
351 47.864783 0.000000 8.948353 1991.388931 0.000000 17.504449 -0.002387 
352 47.864783 0.000000 8.583243 1991.367238 -0.000000 17.386142 -0.002364 
353 48.251336 0.000000 8.948353 1991.334455 0.000000 17.539775 -0.002332 
354 47.671506 0.000000 9.496019 1991.394531 0.000000 18.855086 -0.002405 
355 47.671506 0.000000 9.313463 1991.428948 0.000000 18.501443 -0.002436 
356 47.864783 0.000000 9.496019 1991.374010 0.000000 18.834651 -0.002384 
357 47.671506 0.000000 9.678574 1991.382469 0.000000 18.667620 -0.002391 
358 43.612700 0.000000 11.504125 1992.388630 1.132356 21.322643 -0.003431 
359 42.066488 0.000000 11.504125 1992.745252 1.061061 21.429237 -0.003792 
360 43.612700 0.000000 12.964566 1992.189415 0.987564 22.887076 -0.003248 
361 45.932018 0.000000 10.773904 1991.754304 1.332172 20.439843 -0.002783 
362 45.158912 0.000000 10.773904 1992.033830 1.298069 20.292028 -0.003063 
363 45.932018 0.000000 11.504125 1991.768386 1.239084 21.365436 -0.002807 
364 47.091677 0.000000 10.408794 1991.606131 0.000000 17.351176 -0.002604 
365 46.705124 0.000000 10.408794 1991.696895 0.000000 17.307708 -0.002695 
366 47.478230 0.000000 10.408794 1991.461557 1.354175 19.910896 -0.002483 
367 47.091677 0.000000 10.773904 1991.525734 1.361986 20.381813 -0.002553 
368 47.284953 0.000000 9.861129 1991.496237 0.000000 17.458382 -0.002495 
369 47.091677 0.000000 9.861129 1991.508167 0.000000 17.452819 -0.002506 
370 47.478230 0.000000 9.861129 1991.451287 0.000000 17.467638 -0.002449 
371 47.284953 0.000000 10.043684 1991.489131 0.000000 17.442828 -0.002487 
372 47.381591 0.000000 9.587296 1991.405834 0.000000 18.862141 -0.002416 
373 47.284953 0.000000 9.587296 1991.400949 -0.000000 18.873448 -0.002412 
374 47.381591 0.000000 9.496019 1991.453548 -0.000000 18.868236 -0.002464 
375 47.478230 0.000000 9.587296 1991.392925 0.000000 18.877632 -0.002404 
376 47.381591 0.000000 9.678574 1991.419746 0.000000 18.735575 -0.002429 
377 181.225553 0.000000 -136.000407 1988.759520 0.001883 34.481181 0.000035 
378 181.225553 0.000000 -182.734516 1988.762955 0.001247 34.587135 0.000030 
379 230.704331 0.000000 -136.000407 1988.773626 0.002118 34.482593 0.000021 
380 -115.647118 0.000000 -136.000407 1988.752570 0.000416 34.722783 0.000038 
381 -165.125896 0.000000 -136.000407 1988.768223 0.000315 34.725009 0.000022 
382 -115.647118 0.000000 -182.734516 1988.759084 0.000332 34.714601 0.000032 
383 181.225553 0.000000 144.404248 1988.827178 0.006542 34.492986 -0.000033 
384 230.704331 0.000000 144.404248 1988.814220 0.006919 34.488605 -0.000020 
385 181.225553 0.000000 191.138357 1988.820395 0.003215 34.592082 -0.000028 
386 107.007385 0.000000 -65.899244 1988.678942 0.001311 33.765509 0.000129 
387 107.007385 0.000000 -89.266298 1988.682801 0.000588 34.186755 0.000117 
388 131.746774 0.000000 -65.899244 1988.727667 -0.001490 33.765041 0.000080 
389 -16.689561 0.000000 144.404248 1988.882665 0.002153 34.668311 -0.000092 
390 -66.168339 0.000000 144.404248 1988.852703 0.001261 34.706603 -0.000062 
391 -16.689561 0.000000 191.138357 1988.846232 0.001333 34.680660 -0.000055 
392 -115.647118 0.000000 144.404248 1988.828303 0.000759 34.720477 -0.000038 
393 -165.125896 0.000000 144.404248 1988.813315 0.000488 34.723566 -0.000023 
394 -115.647118 0.000000 191.138357 1988.821387 0.000608 34.713326 -0.000031 
395 -41.428950 0.000000 -65.899244 1988.628254 0.003322 34.748262 0.000162 
396 -66.168339 0.000000 -65.899244 1988.695179 0.000854 34.760772 0.000095 
397 -41.428950 0.000000 -89.266298 1988.655616 0.000704 34.714879 0.000136 
398 107.007385 0.000000 74.303084 1988.925940 0.058869 33.907970 -0.000122 
399 131.746774 0.000000 74.303084 1988.880301 0.033424 33.890572 -0.000076 
400 107.007385 0.000000 97.670139 1988.904083 0.015313 34.253049 -0.000106 
401 69.898301 0.000000 -30.848662 1988.314546 -0.093669 31.044141 0.000539 
402 69.898301 0.000000 -42.532189 1988.343334 -0.018072 32.612733 0.000485 
403 82.267996 0.000000 -30.848662 1988.544571 -0.073243 31.090233 0.000307 
404 8.049828 0.000000 74.303084 1989.138895 -0.009292 34.519379 -0.000347 
405 -16.689561 0.000000 74.303084 1989.037171 0.002037 34.671403 -0.000247 
406 8.049828 0.000000 97.670139 1989.005349 -0.024135 34.576828 -0.000214 
407 -41.428950 0.000000 74.303084 1988.948337 0.015560 34.733815 -0.000159 
408 -66.168339 0.000000 74.303084 1988.887547 0.002030 34.749477 -0.000098 
409 -41.428950 0.000000 97.670139 1988.917601 0.002618 34.706230 -0.000128 
410 -4.319866 0.000000 -30.848662 1988.045825 -0.008501 34.851165 0.000746 
411 -16.689561 0.000000 -30.848662 1988.361762 -0.011784 34.935089 0.000427 
412 -4.319866 0.000000 -42.532189 1988.206630 0.018035 34.708161 0.000587 
413 69.898301 0.000000 39.252502 1989.295877 0.119793 32.192300 -0.000466 
414 82.267996 0.000000 39.252502 1989.084603 0.155936 32.145117 -0.000252 
415 69.898301 0.000000 50.936029 1989.121287 0.147772 33.178229 -0.000306 
416 51.343759 0.000000 -13.323371 1986.678343 -0.873027 23.202339 0.002291 
417 51.343759 0.000000 -19.165134 1987.123705 -0.390427 27.292610 0.001791 
418 57.528607 0.000000 -13.323371 1987.781693 -0.892991 23.391350 0.001180 
419 20.419523 0.000000 39.252502 1990.102778 0.057464 33.898973 -0.001306 
420 8.049828 0.000000 39.252502 1989.787309 0.037283 34.450209 -0.000998 
421 20.419523 0.000000 50.936029 1989.553491 -0.002735 34.148734 -0.000757 
422 -4.319866 0.000000 39.252502 1989.436749 0.018663 34.725930 -0.000650 
423 -16.689561 0.000000 39.252502 1989.164829 0.003843 34.781644 -0.000378 
424 -4.319866 0.000000 50.936029 1989.243132 0.013467 34.615815 -0.000453 
425 26.604370 0.000000 21.727211 1992.440295 0.192651 31.716592 -0.003622 
426 20.419523 0.000000 21.727211 1992.251712 0.099607 33.114268 -0.003455 
427 26.604370 0.000000 27.568975 1991.570422 0.093157 32.662046 -0.002762 
428 14.234675 0.000000 21.727211 1991.678742 0.002445 34.374983 -0.002900 
429 8.049828 0.000000 21.727211 1990.797076 0.060415 34.870453 -0.002021 
430 14.234675 0.000000 27.568975 1990.825188 0.033421 34.190800 -0.002038 
431 23.511946 0.000000 -4.560725 1973.994007 -0.222531 15.425207 0.015064 
432 23.511946 0.000000 -7.481607 1978.167273 -0.198950 24.547789 0.010804 
433 35.881641 0.000000 7.122802 1994.527988 1.166325 15.053661 -0.005529 
434 32.789217 0.000000 7.122802 1996.109876 0.917049 15.616667 -0.007129 
435 35.881641 0.000000 10.043684 1994.418416 0.896847 20.272117 -0.005465 
436 35.881641 0.000000 12.964566 1993.963728 0.661633 23.881212 -0.005047 
437 32.789217 0.000000 12.964566 1994.667287 0.549566 24.765031 -0.005767 
438 35.881641 0.000000 15.885447 1993.127657 0.509519 26.626433 -0.004240 
439 29.696794 0.000000 7.122802 1998.252314 0.676879 16.915002 -0.009303 
440 26.604370 0.000000 7.122802 1999.402557 0.478950 20.274162 -0.010496 
441 29.696794 0.000000 10.043684 1996.462109 0.565277 22.792198 -0.007554 
442 29.696794 0.000000 12.964566 1995.166894 0.422525 26.061870 -0.006288 
443 26.604370 0.000000 12.964566 1995.564877 0.330529 27.719686 -0.006712 
444 29.696794 0.000000 15.885447 1994.237053 0.321718 28.223785 -0.005380 
445 37.427853 0.000000 -3.100284 1988.958994 -1.250203 7.704897 0.000120 
446 37.427853 0.000000 -4.560725 1985.939911 -1.426714 11.939270 0.003132 
447 38.974065 0.000000 -3.100284 1986.078288 -1.673970 10.027465 0.003003 
448 63.713454 0.000000 21.727211 1989.628066 0.516180 28.023454 -0.000736 
449 69.898301 0.000000 21.727211 1989.365808 0.550705 28.146575 -0.000474 
450 63.713454 0.000000 27.568975 1989.575654 0.286417 30.007099 -0.000713 
451 63.713454 0.000000 -1.639843 1988.281967 -8.497399 12.362123 0.000759 
452 63.713454 0.000000 -7.481607 1988.483209 -2.480639 17.630241 0.000533 
453 69.898301 0.000000 -1.639843 1988.841486 -9.154063 11.354716 0.000200 
454 48.251336 0.000000 -4.560725 1985.855033 -5.456648 14.134106 0.003195 
455 48.251336 0.000000 -7.481607 1985.801309 -2.637944 17.385848 0.003229 
456 51.343759 0.000000 -4.560725 1986.873785 -5.609984 14.197415 0.002172 
457 54.436183 0.000000 1.281038 1987.453482 1.532177 10.020010 0.001622 
458 54.436183 0.000000 -1.639843 1986.274989 -5.757942 15.802883 0.002760 
459 57.528607 0.000000 1.281038 1987.596999 1.839063 11.963207 0.001467 
460 49.797547 0.000000 5.662361 1990.643713 2.677679 11.959777 -0.001597 
461 49.797547 0.000000 4.201920 1990.291629 2.760821 8.924384 -0.001227 
462 51.343759 0.000000 5.662361 1990.225415 2.918457 12.031390 -0.001177 
463 43.612700 0.000000 5.662361 1992.719249 -0.000000 11.720836 -0.003684 
464 42.066488 0.000000 5.662361 1992.993695 0.000000 12.036194 -0.003962 
465 43.612700 0.000000 4.201920 1992.797870 0.000000 8.205727 -0.003745 
466 45.932018 0.000000 7.853022 1991.950697 0.000000 15.957298 -0.002939 
467 45.158912 0.000000 7.853022 1992.138773 0.000000 16.141702 -0.003130 
468 45.932018 0.000000 7.122802 1991.948060 0.000000 14.955452 -0.002929 
469 49.024441 0.000000 7.853022 1991.281288 0.000000 17.573830 -0.002279 
470 49.024441 0.000000 7.122802 1991.301149 0.000000 16.865358 -0.002293 
471 49.797547 0.000000 7.853022 1991.202052 0.000000 17.638090 -0.002200 
472 49.024441 0.000000 10.773904 1991.210529 1.454801 20.202027 -0.002234 
473 49.797547 0.000000 10.773904 1991.088187 1.500754 20.099884 -0.002109 
474 49.024441 0.000000 11.504125 1991.219060 1.346645 21.036148 -0.002251 
475 47.864783 0.000000 10.408794 1991.374820 1.355219 19.887988 -0.002396 
476 48.251336 0.000000 10.408794 1991.306547 1.366814 19.800116 -0.002326 
477 47.864783 0.000000 10.773904 1991.367887 1.380843 20.319117 -0.002393 
478 47.671506 0.000000 9.861129 1991.441686 0.000000 17.473704 -0.002440 
479 47.864783 0.000000 9.861129 1991.400447 0.000000 17.491313 -0.002398 
480 47.671506 0.000000 10.043684 1991.408672 0.000000 17.485290 -0.002407 
481 40.520276 0.000000 -0.179403 1991.266925 -0.007115 -0.032284 -0.002187 
482 40.520276 0.000000 -1.639843 1988.102365 0.036116 15.530260 0.000935 
483 40.520276 0.000000 1.281038 1992.250266 -0.000000 -1.088038 -0.003177 
484 43.612700 0.000000 2.741479 1992.924104 -0.000000 4.124628 -0.003860 
485 42.066488 0.000000 2.741479 1993.094914 -0.000000 4.433344 -0.004032 
486 45.158912 0.000000 2.741479 1992.573293 0.000000 6.458583 -0.003513 
487 40.520276 0.000000 2.741479 1992.826117 -0.000000 4.688482 -0.003762 
488 38.974065 0.000000 2.741479 1992.220457 0.000000 4.243044 -0.003151 
489 40.520276 0.000000 4.201920 1993.014263 0.000000 8.357791 -0.003964 
490 40.520276 0.000000 -3.100284 1984.197213 -2.499884 11.086953 0.004884 
491 40.520276 0.000000 -4.560725 1983.962971 -2.251800 13.871602 0.005102 
492 42.066488 0.000000 -3.100284 1983.419425 -3.740475 11.106120 0.005662 
493 37.427853 0.000000 2.741479 1991.677141 0.000000 2.539026 -0.002601 
494 35.881641 0.000000 2.741479 1991.548575 0.000000 -0.132976 -0.002470 
495 37.427853 0.000000 4.201920 1992.378239 0.000000 5.913835 -0.003314 
496 34.335429 0.000000 2.741479 1991.490604 0.000000 -0.066729 -0.002412 
497 32.789217 0.000000 2.741479 1995.737079 0.574754 -4.247286 -0.006696 
498 34.335429 0.000000 4.201920 1991.556435 0.000000 -0.337003 -0.002478 
499 23.511946 0.000000 7.122802 2000.776781 0.301502 22.911296 -0.011915 
500 20.419523 0.000000 7.122802 2000.890082 0.216269 27.747588 -0.012091 
501 23.511946 0.000000 10.043684 1996.921289 0.288294 27.901848 -0.008083 
502 23.511946 0.000000 12.964566 1995.597214 0.240562 29.582492 -0.006771 
503 20.419523 0.000000 12.964566 1994.979752 0.192374 31.459562 -0.006178 
504 23.511946 0.000000 15.885447 1994.146307 0.208333 30.926292 -0.005329 
505 63.713454 0.000000 -13.323371 1988.228988 -0.820100 23.526741 0.000729 
506 63.713454 0.000000 -19.165134 1988.061990 -0.350967 27.140284 0.000851 
507 69.898301 0.000000 -13.323371 1988.500091 -0.726765 23.808465 0.000453 
508 54.436183 0.000000 -4.560725 1987.502571 -5.417636 13.988445 0.001542 
509 54.436183 0.000000 -7.481607 1987.506371 -2.750292 17.231302 0.001518 
510 57.528607 0.000000 -4.560725 1987.977550 -5.356438 13.406377 0.001069 
511 40.520276 0.000000 5.662361 1993.129171 0.000000 11.826793 -0.004097 
512 38.974065 0.000000 5.662361 1993.043599 0.000000 10.294630 -0.004003 
513 40.520276 0.000000 7.122802 1993.056951 0.000000 13.464968 -0.004035 
514 40.520276 0.000000 8.583243 1992.962626 0.000000 14.925035 -0.003951 
515 38.974065 0.000000 8.583243 1993.558721 1.279610 17.602586 -0.004574 
516 40.520276 0.000000 10.043684 1993.118184 1.172355 19.859414 -0.004151 
517 40.520276 0.000000 11.504125 1993.016580 0.965640 21.601737 -0.004067 
518 38.974065 0.000000 11.504125 1993.418652 0.881652 21.697016 -0.004473 
519 40.520276 0.000000 12.964566 1992.918547 0.876748 23.178304 -0.003986 
520 46.705124 0.000000 2.741479 1991.314985 4.226799 4.130746 -0.002244 
521 46.705124 0.000000 1.281038 1990.146154 2.840005 1.368039 -0.001061 
522 48.251336 0.000000 2.741479 1990.334646 3.413336 5.376330 -0.001259 
523 43.612700 0.000000 -3.100284 1983.784610 -5.291289 11.371721 0.005291 
524 43.612700 0.000000 -4.560725 1983.638497 -3.801447 13.361443 0.005429 
525 45.158912 0.000000 -3.100284 1984.774314 -6.538642 12.132522 0.004290 
526 17.327099 0.000000 7.122802 1999.629356 0.129929 32.590294 -0.010890 
527 14.234675 0.000000 7.122802 1995.960427 0.086513 35.634337 -0.007238 
528 17.327099 0.000000 10.043684 1995.901902 0.138892 32.777507 -0.007129 
529 17.327099 0.000000 12.964566 1994.350097 0.127335 33.226544 -0.005572 
530 14.234675 0.000000 12.964566 1993.392167 0.075856 34.559781 -0.004629 
531 17.327099 0.000000 15.885447 1993.287366 0.097995 33.461197 -0.004504 
532 37.427853 0.000000 5.662361 1992.839597 0.000000 8.767010 -0.003790 
533 35.881641 0.000000 5.662361 1994.086333 1.288577 11.373300 -0.005060 
534 37.427853 0.000000 7.122802 1993.935316 1.339430 14.776173 -0.004930 
535 37.427853 0.000000 8.583243 1994.041180 1.138419 17.727660 -0.005061 
536 35.881641 0.000000 8.583243 1994.568046 1.011633 17.702131 -0.005592 
537 37.427853 0.000000 10.043684 1993.863644 0.963391 20.118595 -0.004905 
538 37.427853 0.000000 11.504125 1993.777525 0.847125 21.966955 -0.004837 
539 35.881641 0.000000 11.504125 1994.087627 0.773483 22.337393 -0.005154 
540 37.427853 0.000000 12.964566 1993.585656 0.723527 23.594698 -0.004663 
541 46.705124 0.000000 -0.179403 1988.153530 10.421544 13.263718 0.000873 
542 46.705124 0.000000 -1.639843 1986.634840 -7.102420 16.893404 0.002386 
543 48.251336 0.000000 -0.179403 1987.222037 9.011951 16.006209 0.001795 
544 49.797547 0.000000 2.741479 1989.572763 3.635339 6.491162 -0.000496 
545 49.797547 0.000000 1.281038 1988.252831 2.589189 5.295449 0.000836 
546 51.343759 0.000000 2.741479 1989.032008 3.783975 7.473796 0.000044 
547 34.335429 0.000000 5.662361 1994.996018 1.084380 11.053402 -0.005975 
548 32.789217 0.000000 5.662361 1996.383169 0.958330 10.941386 -0.007374 
549 34.335429 0.000000 7.122802 1995.149108 1.015838 15.201044 -0.006157 
550 34.335429 0.000000 8.583243 1995.189129 0.937248 18.280073 -0.006223 
551 32.789217 0.000000 8.583243 1995.687601 0.833052 18.681943 -0.006730 
552 34.335429 0.000000 10.043684 1994.972857 0.812310 20.488661 -0.006027 
553 34.335429 0.000000 11.504125 1994.593697 0.694535 22.593958 -0.005667 
554 32.789217 0.000000 11.504125 1995.073092 0.631053 23.041860 -0.006156 
555 34.335429 0.000000 12.964566 1994.288378 0.583542 24.332299 -0.005380 
556 46.705124 0.000000 -3.100284 1985.581792 -7.168575 13.165599 0.003471 
557 46.705124 0.000000 -4.560725 1985.063114 -5.131295 13.550171 0.003995 
558 48.251336 0.000000 -3.100284 1986.163308 -7.461439 14.044775 0.002880 
1 79 97 95 96 
2 97 72 88 95 
3 95 88 5 98 
4 96 95 98 82 
5 7 101 99 100 
6 101 12 102 99 
7 99 102 10 25 
8 100 99 25 11 
9 11 105 103 104 
10 105 25 106 103 
11 103 106 23 41 
12 104 103 41 24 
13 24 109 107 108 
14 109 41 110 107 
15 107 110 39 57 
16 108 107 57 40 
17 40 113 111 112 
18 113 57 114 111 
19 111 114 55 73 
20 112 111 73 56 
21 56 117 115 116 
22 117 73 118 115 
23 72 121 119 120 
24 119 122 87 123 
25 120 119 123 88 
26 14 125 124 37 
27 125 8 126 124 
28 124 126 21 127 
29 37 124 127 19 
30 27 129 128 53 
31 129 14 130 128 
32 128 130 37 131 
33 53 128 131 35 
34 133 27 134 132 
35 132 134 53 135 
36 10 141 140 26 
37 141 13 142 140 
38 140 142 8 125 
39 26 140 125 14 
40 23 144 143 42 
41 144 26 145 143 
42 143 145 14 129 
43 42 143 129 27 
44 147 42 148 146 
45 146 148 27 133 
46 20 38 161 162 
47 38 19 163 161 
48 161 163 22 164 
49 162 161 164 9 
50 36 54 165 166 
51 54 35 167 165 
52 165 167 38 168 
53 166 165 168 20 
54 52 70 169 170 
55 70 51 171 169 
56 169 171 54 172 
57 170 169 172 36 
58 67 139 173 174 
59 139 69 175 173 
60 173 175 51 176 
61 174 173 176 70 
62 177 179 139 180 
63 178 177 180 67 
64 43 187 186 138 
65 187 133 188 186 
66 186 188 132 189 
67 138 186 189 69 
68 137 191 190 155 
69 191 43 192 190 
70 190 192 138 193 
71 155 190 193 136 
72 195 155 196 194 
73 194 196 136 197 
74 68 86 198 199 
75 86 67 174 198 
76 198 174 70 200 
77 199 198 200 52 
78 201 178 67 203 
79 202 201 203 86 
80 204 206 177 207 
81 205 204 207 178 
82 157 215 213 214 
83 215 153 182 213 
84 213 182 85 216 
85 214 213 216 160 
86 182 219 217 218 
87 219 181 209 217 
88 217 209 185 220 
89 218 217 220 85 
90 136 193 221 179 
91 193 138 222 221 
92 221 222 69 223 
93 179 221 223 139 
94 197 136 225 224 
95 224 225 179 226 
96 206 224 226 177 
97 227 229 206 230 
98 228 227 230 204 
99 209 233 231 232 
100 232 231 235 185 
101 238 149 239 236 
102 59 242 240 241 
103 242 154 243 240 
104 240 243 152 183 
105 241 240 183 153 
106 183 246 244 245 
107 246 152 247 244 
108 244 247 184 210 
109 245 244 210 181 
110 181 250 248 249 
111 250 210 251 248 
112 248 251 208 233 
113 249 248 233 209 
114 184 253 252 211 
115 253 194 254 252 
116 252 254 197 255 
117 211 252 255 156 
118 257 211 258 256 
119 256 258 156 259 
120 233 262 260 261 
121 262 208 263 260 
122 261 260 264 231 
123 73 268 267 118 
124 268 55 269 267 
125 266 272 270 271 
126 272 74 273 270 
127 270 273 237 274 
128 271 270 274 265 
129 17 277 275 276 
130 277 7 100 275 
131 275 100 11 33 
132 276 275 33 15 
133 33 280 278 279 
134 280 11 104 278 
135 278 104 24 49 
136 279 278 49 31 
137 49 283 281 282 
138 283 24 108 281 
139 281 108 40 65 
140 282 281 65 47 
141 65 286 284 285 
142 286 40 112 284 
143 284 112 56 81 
144 285 284 81 63 
145 81 289 287 288 
146 289 56 116 287 
147 287 116 72 97 
148 288 287 97 79 
149 116 292 290 291 
150 292 115 293 290 
151 290 293 89 121 
152 291 290 121 72 
153 89 295 294 122 
154 295 71 296 294 
155 294 296 90 297 
156 122 294 297 87 
157 121 300 298 299 
158 300 89 301 298 
159 298 301 122 302 
160 299 298 302 119 
161 16 305 303 304 
162 305 15 32 303 
163 303 32 18 306 
164 304 303 306 6 
165 32 309 307 308 
166 309 31 48 307 
167 307 48 34 310 
168 308 307 310 18 
169 48 313 311 312 
170 313 47 64 311 
171 311 64 50 314 
172 312 311 314 34 
173 64 317 315 316 
174 316 315 318 50 
175 6 306 319 320 
176 306 18 45 319 
177 319 45 28 321 
178 320 319 321 29 
179 18 310 322 323 
180 310 34 61 322 
181 322 61 44 324 
182 323 322 324 45 
183 34 314 325 326 
184 314 50 77 325 
185 325 77 60 327 
186 326 325 327 61 
187 50 318 328 329 
188 329 328 330 77 
189 315 333 331 332 
190 331 334 66 335 
191 332 331 335 318 
192 47 338 336 337 
193 338 65 285 336 
194 336 285 63 317 
195 337 336 317 64 
196 317 341 339 340 
197 341 63 342 339 
198 339 342 80 333 
199 340 339 333 315 
200 80 344 343 334 
201 344 79 96 343 
202 343 96 82 345 
203 334 343 345 66 
204 333 348 346 347 
205 348 80 349 346 
206 346 349 334 350 
207 347 346 350 331 
208 210 352 351 251 
209 352 184 353 351 
210 351 353 211 257 
211 251 351 257 208 
212 208 355 354 263 
213 355 257 356 354 
214 354 356 256 357 
215 263 354 357 234 
216 160 216 358 359 
217 216 85 205 358 
218 358 205 178 360 
219 359 358 360 201 
220 85 220 361 362 
221 220 185 228 361 
222 361 228 204 363 
223 362 361 363 205 
224 185 235 364 365 
225 235 212 366 364 
226 364 366 227 367 
227 365 364 367 228 
228 231 264 368 369 
229 264 234 370 368 
230 368 370 212 371 
231 369 368 371 235 
232 260 374 372 373 
233 374 263 375 372 
234 372 375 234 376 
235 373 372 376 264 
236 12 378 377 102 
237 378 2 379 377 
238 377 379 13 141 
239 102 377 141 10 
240 1 382 380 381 
241 382 17 276 380 
242 380 276 15 305 
243 381 380 305 16 
244 19 127 383 163 
245 127 21 384 383 
246 383 384 3 385 
247 163 383 385 22 
248 25 387 386 106 
249 387 10 388 386 
250 386 388 26 144 
251 106 386 144 23 
252 28 46 389 390 
253 46 20 162 389 
254 389 162 9 391 
255 390 389 391 30 
256 29 321 392 393 
257 321 28 390 392 
258 392 390 30 394 
259 393 392 394 4 
260 15 397 395 396 
261 397 33 279 395 
262 395 279 31 309 
263 396 395 309 32 
264 35 131 398 167 
265 131 37 399 398 
266 398 399 19 400 
267 167 398 400 38 
268 41 402 401 110 
269 402 23 403 401 
270 401 403 42 147 
271 110 401 147 39 
272 44 62 404 405 
273 62 36 166 404 
274 404 166 20 406 
275 405 404 406 46 
276 45 324 407 408 
277 324 44 405 407 
278 407 405 46 409 
279 408 407 409 28 
280 31 412 410 411 
281 412 49 282 410 
282 410 282 47 313 
283 411 410 313 48 
284 51 135 413 171 
285 135 53 414 413 
286 413 414 35 415 
287 171 413 415 54 
288 57 417 416 114 
289 417 39 418 416 
290 416 418 58 150 
291 114 416 150 55 
292 60 78 419 420 
293 78 52 170 419 
294 419 170 36 421 
295 420 419 421 62 
296 61 327 422 423 
297 327 60 420 422 
298 422 420 62 424 
299 423 422 424 44 
300 76 94 425 426 
301 94 68 199 425 
302 425 199 52 427 
303 426 425 427 78 
304 77 330 428 429 
305 330 76 426 428 
306 428 426 78 430 
307 429 428 430 60 
308 63 432 431 342 
309 432 81 288 431 
310 431 288 79 344 
311 342 431 344 80 
312 436 202 86 438 
313 437 436 438 68 
314 82 98 439 440 
315 98 5 434 439 
316 439 434 84 441 
317 440 439 441 92 
318 92 441 442 443 
319 441 84 437 442 
320 442 437 68 444 
321 443 442 444 94 
322 115 446 445 293 
323 446 118 447 445 
324 445 447 71 295 
325 293 445 295 89 
326 69 189 448 175 
327 189 132 449 448 
328 448 449 135 450 
329 175 448 450 51 
330 58 452 451 151 
331 452 146 453 451 
332 451 453 133 187 
333 151 451 187 43 
334 55 455 454 269 
335 455 150 456 454 
336 454 456 149 238 
337 149 458 457 239 
338 458 151 459 457 
339 457 459 43 191 
340 239 457 191 137 
341 154 461 460 243 
342 461 137 462 460 
343 460 462 155 195 
344 243 460 195 152 
345 159 465 463 464 
346 465 59 241 463 
347 463 241 153 215 
348 464 463 215 157 
349 153 468 466 467 
350 468 183 245 466 
351 466 245 181 219 
352 467 466 219 182 
353 152 470 469 247 
354 470 195 471 469 
355 469 471 194 253 
356 247 469 253 184 
357 156 255 472 229 
358 255 197 473 472 
359 472 473 224 474 
360 229 472 474 206 
361 212 259 475 366 
362 259 156 476 475 
363 475 476 229 477 
364 366 475 477 227 
365 234 357 478 370 
366 357 256 479 478 
367 478 479 259 480 
368 370 478 480 212 
369 71 482 481 296 
370 482 266 271 481 
371 481 271 265 483 
372 296 481 483 90 
373 265 274 484 485 
374 274 237 486 484 
375 484 486 59 465 
376 485 484 465 159 
377 90 483 487 488 
378 483 265 485 487 
379 487 485 159 489 
380 488 487 489 75 
381 118 491 490 447 
382 491 267 492 490 
383 490 492 266 482 
384 447 490 482 71 
385 87 297 493 494 
386 297 90 488 493 
387 493 488 75 495 
388 494 493 495 91 
389 88 123 496 497 
390 123 87 494 496 
391 496 494 91 498 
392 497 496 498 5 
393 66 345 499 500 
394 345 82 440 499 
395 499 440 92 501 
396 500 499 501 93 
397 93 501 502 503 
398 501 92 443 502 
399 502 443 94 504 
400 503 502 504 76 
401 39 506 505 418 
402 506 147 507 505 
403 505 507 146 452 
404 418 505 452 58 
405 150 509 508 456 
406 509 58 510 508 
407 508 510 151 458 
408 456 508 458 149 
409 75 489 511 512 
410 489 159 464 511 
411 511 464 157 513 
412 512 511 513 158 
413 158 513 514 515 
414 513 157 214 514 
415 514 214 160 516 
416 515 514 516 83 
417 83 516 517 518 
418 516 160 359 517 
419 517 359 201 519 
420 518 517 519 202 
421 237 521 520 486 
422 521 236 522 520 
423 520 522 154 242 
424 486 520 242 59 
425 267 524 523 492 
426 524 269 525 523 
427 523 525 74 272 
428 492 523 272 266 
429 318 335 526 527 
430 335 66 500 526 
431 526 500 93 528 
432 527 526 528 328 
433 328 528 529 530 
434 528 93 503 529 
435 529 503 76 531 
436 530 529 531 330 
437 91 495 532 533 
438 495 75 512 532 
439 532 512 158 534 
440 533 532 534 433 
441 433 534 535 536 
442 534 158 515 535 
443 535 515 83 537 
444 536 535 537 435 
445 435 537 538 539 
446 537 83 518 538 
447 538 518 202 540 
448 539 538 540 436 
449 74 542 541 273 
450 542 238 543 541 
451 541 543 236 521 
452 273 541 521 237 
453 236 545 544 522 
454 545 239 546 544 
455 544 546 137 461 
456 522 544 461 154 
457 5 498 547 548 
458 498 91 533 547 
459 547 533 433 549 
460 548 547 549 434 
461 434 549 550 551 
462 549 433 536 550 
463 550 536 435 552 
464 551 550 552 84 
465 84 552 553 554 
466 552 435 539 553 
467 553 539 436 555 
468 554 553 555 437 
469 269 557 556 525 
470 557 454 558 556 
471 556 558 238 542 
472 525 556 542 74 
