2 0.000000 1989.093400 115197.572811
427 349 
1 -185.561190 0.000000 -182.734516 1988.777258 -0.000046 34.717150 0.000013 
2 210.866331 0.000000 -182.734516 1988.780181 -0.000305 34.635409 0.000012 
3 210.866331 0.000000 191.138357 1988.802851 -0.000324 34.636462 -0.000011 
4 -185.561190 0.000000 191.138357 1988.803752 -0.000046 34.716498 -0.000013 
5 12.652571 0.000000 4.201920 1991.631784 -0.016564 1.750503 -0.002555 
6 -185.561190 0.000000 4.201920 1988.791588 -0.000072 34.733117 -0.000001 
7 12.652571 0.000000 -182.734516 1988.751745 -0.000170 34.671545 0.000040 
8 210.866331 0.000000 4.201920 1989.429548 0.508993 -1.820599 -0.000339 
9 12.652571 0.000000 191.138357 1988.827263 -0.000172 34.673856 -0.000036 
10 -86.454310 0.000000 -89.266298 1988.732767 -0.000170 34.724857 0.000058 
11 -185.561190 0.000000 -89.266298 1988.777671 -0.000063 34.726053 0.000013 
12 -86.454310 0.000000 -182.734516 1988.762113 -0.000089 34.706543 0.000029 
13 12.652571 0.000000 -89.266298 1988.634918 -0.000640 34.520959 0.000160 
14 -86.454310 0.000000 4.201920 1988.799370 -0.000252 34.794810 -0.000010 
15 111.759451 0.000000 -89.266298 1988.752843 -0.001219 34.387958 0.000044 
16 111.759451 0.000000 -182.734516 1988.766304 -0.000258 34.641615 0.000026 
17 210.866331 0.000000 -89.266298 1988.785260 -0.001332 34.402796 0.000011 
18 111.759451 0.000000 4.201920 1989.321966 -0.346592 4.441835 -0.000235 
19 -86.454310 0.000000 97.670139 1988.846994 -0.000170 34.720065 -0.000057 
20 -185.561190 0.000000 97.670139 1988.804264 -0.000063 34.724952 -0.000014 
21 12.652571 0.000000 97.670139 1988.926743 -0.000628 34.547659 -0.000134 
22 -86.454310 0.000000 191.138357 1988.817801 -0.000089 34.705936 -0.000027 
23 -36.900870 0.000000 -42.532189 1988.506897 -0.000238 34.753009 0.000284 
24 -86.454310 0.000000 -42.532189 1988.734081 -0.000238 34.763752 0.000056 
25 -36.900870 0.000000 -89.266298 1988.668269 -0.000360 34.672671 0.000124 
26 12.652571 0.000000 -42.532189 1988.117584 -0.016508 33.740375 0.000693 
27 -36.900870 0.000000 4.201920 1988.894000 -0.001464 35.185185 -0.000112 
28 111.759451 0.000000 97.670139 1988.836161 -0.001263 34.418348 -0.000041 
29 210.866331 0.000000 97.670139 1988.806062 -0.001482 34.409195 -0.000010 
30 111.759451 0.000000 191.138357 1988.815240 -0.000265 34.645132 -0.000024 
31 62.206011 0.000000 -42.532189 1988.651825 -0.009633 33.349767 0.000163 
32 62.206011 0.000000 -89.266298 1988.700775 -0.001004 34.408377 0.000095 
33 111.759451 0.000000 -42.532189 1988.776758 -0.005402 33.435008 0.000036 
34 62.206011 0.000000 4.201920 1989.291251 2.376682 7.369961 -0.000214 
35 -36.900870 0.000000 50.936029 1989.047050 -0.008023 34.714722 -0.000258 
36 -86.454310 0.000000 50.936029 1988.853601 -0.000225 34.756037 -0.000064 
37 12.652571 0.000000 50.936029 1989.304179 -0.002335 34.017028 -0.000504 
38 -36.900870 0.000000 97.670139 1988.900361 -0.000293 34.671145 -0.000110 
39 -12.124149 0.000000 -19.165134 1987.097149 0.018112 34.597417 0.001704 
40 -36.900870 0.000000 -19.165134 1988.451450 0.000261 35.036382 0.000335 
41 -12.124149 0.000000 -42.532189 1988.117625 -0.001201 34.460342 0.000681 
42 12.652571 0.000000 -19.165134 1986.800132 0.072208 30.080418 0.002076 
43 -12.124149 0.000000 4.201920 1990.750411 -0.022614 37.458946 -0.002021 
44 62.206011 0.000000 50.936029 1988.949899 -0.004678 33.662821 -0.000142 
45 111.759451 0.000000 50.936029 1988.845829 -0.005864 33.638634 -0.000037 
46 62.206011 0.000000 97.670139 1988.879177 -0.000970 34.447825 -0.000085 
47 37.429291 0.000000 -19.165134 1988.370877 -0.019759 29.442947 0.000507 
48 37.429291 0.000000 -42.532189 1988.435228 0.002808 33.379788 0.000380 
49 62.206011 0.000000 -19.165134 1988.754902 -0.019217 29.782152 0.000116 
50 37.429291 0.000000 4.201920 1989.373912 1.525450 8.191851 -0.000300 
51 -12.124149 0.000000 27.568975 1989.926940 -0.002913 34.408021 -0.001138 
52 -36.900870 0.000000 27.568975 1989.154237 -0.020335 34.905942 -0.000369 
53 12.652571 0.000000 27.568975 1990.112046 -0.002884 32.280320 -0.001288 
54 -12.124149 0.000000 50.936029 1989.266585 -0.006123 34.479807 -0.000475 
55 0.264211 0.000000 -7.481607 1977.895230 -0.010558 25.765340 0.011060 
56 -12.124149 0.000000 -7.481607 1986.330690 0.031656 36.351009 0.002442 
57 0.264211 0.000000 -19.165134 1985.869207 0.071918 32.487315 0.002972 
58 12.652571 0.000000 -7.481607 1986.024500 0.159207 16.298633 0.003016 
59 0.264211 0.000000 4.201920 2009.537519 -0.000862 13.600662 -0.020709 
60 37.429291 0.000000 27.568975 1989.301892 -0.019945 31.474065 -0.000460 
61 62.206011 0.000000 27.568975 1988.985920 -0.035460 31.443683 -0.000142 
62 37.429291 0.000000 50.936029 1989.104733 -0.022809 33.717037 -0.000299 
63 25.040931 0.000000 -7.481607 1987.904619 -0.028754 19.750836 0.001096 
64 25.040931 0.000000 -19.165134 1987.824636 0.010580 29.512433 0.001055 
65 37.429291 0.000000 -7.481607 1988.709132 -0.062394 20.440889 0.000281 
66 25.040931 0.000000 4.201920 1989.888520 2.384142 7.926186 -0.000817 
67 25.040931 0.000000 15.885447 1989.967584 -0.083695 27.160510 -0.001066 
68 12.652571 0.000000 15.885447 1991.393578 -0.115030 27.818306 -0.002510 
69 37.429291 0.000000 15.885447 1989.353989 -0.121947 27.073965 -0.000447 
70 25.040931 0.000000 27.568975 1989.601604 -0.024993 31.720568 -0.000765 
71 18.846751 0.000000 -1.639843 1988.531378 -0.166154 15.493014 0.000504 
72 12.652571 0.000000 -1.639843 1987.118608 -0.054475 -20.686131 0.001876 
73 18.846751 0.000000 -7.481607 1988.303820 0.020387 18.588250 0.000706 
74 25.040931 0.000000 -1.639843 1988.652766 -0.423168 15.428087 0.000383 
75 18.846751 0.000000 4.201920 1988.764393 0.000000 5.814562 0.000322 
76 0.264211 0.000000 15.885447 1992.746131 -0.120364 31.538193 -0.003928 
77 -12.124149 0.000000 15.885447 1990.876445 -0.019166 34.848034 -0.002101 
78 0.264211 0.000000 27.568975 1990.334459 -0.016038 33.380410 -0.001530 
79 6.458391 0.000000 -1.639843 1988.177618 -0.014262 -46.503415 0.000374 
80 0.264211 0.000000 -1.639843 1958.262700 -0.011863 -12.101530 0.030722 
81 6.458391 0.000000 -7.481607 1981.449247 -0.016618 18.061139 0.007589 
82 6.458391 0.000000 4.201920 1998.878830 -0.000326 2.235024 -0.009865 
83 18.846751 0.000000 10.043684 1990.513964 -0.149347 21.194555 -0.001542 
84 12.652571 0.000000 10.043684 1992.100617 -0.187852 20.997902 -0.003137 
85 25.040931 0.000000 10.043684 1990.023493 0.000000 18.893015 -0.001026 
86 18.846751 0.000000 15.885447 1990.524430 -0.097720 27.287665 -0.001628 
87 15.749661 0.000000 1.281038 1984.644957 0.000000 -16.571247 0.004398 
88 12.652571 0.000000 1.281038 1989.742464 -0.014030 -22.844719 -0.000785 
89 15.749661 0.000000 -1.639843 1988.564618 -0.093811 15.512226 0.000471 
90 18.846751 0.000000 1.281038 1985.335422 -0.000000 -6.946307 0.003763 
91 15.749661 0.000000 4.201920 1987.624285 0.000000 -2.274997 0.001475 
92 161.312891 0.000000 50.936029 1988.823480 -0.006339 33.616149 -0.000014 
93 161.312891 0.000000 4.201920 1989.374503 2.923273 1.337178 -0.000285 
94 210.866331 0.000000 50.936029 1988.816532 -0.006679 33.586505 -0.000007 
95 161.312891 0.000000 97.670139 1988.815248 -0.001401 34.412062 -0.000020 
96 86.982731 0.000000 27.568975 1988.899842 -0.026080 31.412153 -0.000055 
97 86.982731 0.000000 4.201920 1989.255923 -11.303572 8.444190 -0.000214 
98 111.759451 0.000000 27.568975 1988.872479 -0.032673 31.354281 -0.000026 
99 86.982731 0.000000 50.936029 1988.875704 -0.002907 33.647826 -0.000067 
100 49.817651 0.000000 15.885447 1989.094516 -0.133421 27.082285 -0.000187 
101 49.817651 0.000000 4.201920 1989.303930 1.730811 7.923795 -0.000228 
102 62.206011 0.000000 15.885447 1989.019794 -0.142066 26.980100 -0.000110 
103 49.817651 0.000000 27.568975 1989.067759 -0.021741 31.484612 -0.000225 
104 31.235111 0.000000 10.043684 1989.733334 -2.326858 21.298110 -0.000760 
105 31.235111 0.000000 4.201920 1989.610815 1.542165 7.988752 -0.000537 
106 37.429291 0.000000 10.043684 1989.384587 -2.696244 21.356276 -0.000410 
107 31.235111 0.000000 15.885447 1989.604416 -0.107730 27.094535 -0.000699 
108 161.312891 0.000000 -42.532189 1988.798151 -0.005407 33.494036 0.000013 
109 161.312891 0.000000 -89.266298 1988.775743 -0.001305 34.394052 0.000020 
110 210.866331 0.000000 -42.532189 1988.804482 -0.005287 33.544039 0.000006 
111 86.982731 0.000000 -19.165134 1988.828705 -0.023244 30.016898 0.000038 
112 86.982731 0.000000 -42.532189 1988.745789 -0.000689 33.396880 0.000068 
113 111.759451 0.000000 -19.165134 1988.849331 -0.018175 30.192934 0.000015 
114 49.817651 0.000000 -7.481607 1988.924218 -0.063491 21.183510 0.000057 
115 49.817651 0.000000 -19.165134 1988.666620 -0.020815 29.668212 0.000207 
116 62.206011 0.000000 -7.481607 1988.960827 -0.066465 21.589645 0.000015 
117 31.235111 0.000000 -1.639843 1988.773611 -0.164021 14.931615 0.000265 
118 31.235111 0.000000 -7.481607 1988.313038 -0.049374 20.036183 0.000683 
119 37.429291 0.000000 -1.639843 1989.076868 -0.203155 14.710839 -0.000038 
120 28.138021 0.000000 7.122802 1989.886592 1.935618 17.498858 -0.000876 
121 25.040931 0.000000 7.122802 1989.970414 0.432405 15.986641 -0.000947 
122 28.138021 0.000000 4.201920 1989.815040 1.632564 7.863007 -0.000742 
123 31.235111 0.000000 7.122802 1989.669192 1.703004 16.048919 -0.000645 
124 28.138021 0.000000 10.043684 1989.851435 1.203067 18.828741 -0.000852 
125 21.943841 0.000000 7.122802 1989.939726 0.000000 15.603897 -0.000913 
126 18.846751 0.000000 7.122802 1989.598831 0.000000 11.574323 -0.000542 
127 21.943841 0.000000 4.201920 1989.440683 0.128523 7.610492 -0.000364 
128 21.943841 0.000000 10.043684 1990.058569 0.000000 18.864284 -0.001061 
129 62.206011 0.000000 144.404248 1988.842282 -0.000412 34.604297 -0.000050 
130 12.652571 0.000000 144.404248 1988.854677 -0.000296 34.641423 -0.000063 
131 111.759451 0.000000 144.404248 1988.824644 -0.000507 34.585185 -0.000032 
132 62.206011 0.000000 191.138357 1988.822902 -0.000221 34.656601 -0.000032 
133 37.429291 0.000000 74.303084 1988.970396 0.001910 34.294295 -0.000174 
134 12.652571 0.000000 74.303084 1989.022048 0.002003 34.416370 -0.000228 
135 62.206011 0.000000 74.303084 1988.908834 -0.012951 34.233089 -0.000111 
136 37.429291 0.000000 97.670139 1988.907377 -0.000823 34.487401 -0.000114 
137 25.040931 0.000000 39.252502 1989.422542 0.005801 33.176619 -0.000609 
138 12.652571 0.000000 39.252502 1989.610918 -0.021565 33.502846 -0.000804 
139 37.429291 0.000000 39.252502 1989.161505 -0.014240 33.073097 -0.000345 
140 25.040931 0.000000 50.936029 1989.226792 -0.003469 33.818371 -0.000423 
141 31.235111 0.000000 21.727211 1989.538033 -0.036581 29.967750 -0.000674 
142 25.040931 0.000000 21.727211 1989.777783 -0.029454 30.117718 -0.000918 
143 37.429291 0.000000 21.727211 1989.339768 -0.041401 29.891704 -0.000474 
144 31.235111 0.000000 27.568975 1989.465080 -0.017699 31.523405 -0.000625 
145 28.138021 0.000000 12.964566 1989.855780 -0.229911 24.755905 -0.000922 
146 25.040931 0.000000 12.964566 1990.010386 -0.165481 24.851788 -0.001078 
147 31.235111 0.000000 12.964566 1989.632028 -0.279795 24.765262 -0.000697 
148 28.138021 0.000000 15.885447 1989.786507 -0.100881 27.109665 -0.000883 
149 26.589476 0.000000 8.583243 1989.921291 0.726032 18.325908 -0.000918 
150 25.040931 0.000000 8.583243 1989.999303 0.038981 18.450216 -0.000997 
151 26.589476 0.000000 7.122802 1989.935288 2.233999 16.120787 -0.000914 
152 28.138021 0.000000 8.583243 1989.839229 1.416105 18.721636 -0.000839 
153 26.589476 0.000000 10.043684 1989.923617 0.355413 18.884120 -0.000925 
154 43.623471 0.000000 10.043684 1989.223537 -3.142181 21.409089 -0.000249 
155 43.623471 0.000000 4.201920 1989.306654 1.551367 8.144557 -0.000232 
156 49.817651 0.000000 10.043684 1989.152287 -4.136451 21.578731 -0.000181 
157 43.623471 0.000000 15.885447 1989.206066 -0.128825 27.037883 -0.000298 
158 34.332201 0.000000 7.122802 1989.524057 1.629256 16.069891 -0.000499 
159 34.332201 0.000000 4.201920 1989.446782 1.523368 8.157190 -0.000373 
160 37.429291 0.000000 7.122802 1989.421696 1.581329 16.050191 -0.000396 
161 34.332201 0.000000 10.043684 1989.560994 -2.508867 21.285041 -0.000586 
162 29.686566 0.000000 8.583243 1989.825419 1.431217 18.838470 -0.000826 
163 29.686566 0.000000 7.122802 1989.765095 1.783810 16.038568 -0.000741 
164 31.235111 0.000000 8.583243 1989.687691 0.862304 18.929098 -0.000688 
165 29.686566 0.000000 10.043684 1989.772441 -2.206120 21.290851 -0.000799 
166 18.846751 0.000000 21.727211 1990.204295 -0.043732 30.310157 -0.001350 
167 12.652571 0.000000 21.727211 1990.758231 -0.023610 30.748908 -0.001914 
168 18.846751 0.000000 27.568975 1989.874315 -0.016754 31.919025 -0.001043 
169 21.943841 0.000000 12.964566 1990.284482 -0.137920 24.802229 -0.001353 
170 18.846751 0.000000 12.964566 1990.567253 -0.108136 24.845808 -0.001639 
171 21.943841 0.000000 15.885447 1990.187411 -0.090699 27.231219 -0.001288 
172 26.589476 0.000000 11.504125 1989.940434 -0.372356 23.296641 -0.000989 
173 25.040931 0.000000 11.504125 1990.040443 -0.303488 23.259635 -0.001089 
174 28.138021 0.000000 11.504125 1989.887446 -0.448196 23.211962 -0.000935 
175 26.589476 0.000000 12.964566 1989.899982 -0.197276 24.847267 -0.000967 
176 27.363748 0.000000 9.313463 1989.892692 0.092395 19.922138 -0.000904 
177 26.589476 0.000000 9.313463 1989.928390 0.011080 20.008114 -0.000941 
178 27.363748 0.000000 8.583243 1989.878264 1.274074 18.599604 -0.000877 
179 28.138021 0.000000 9.313463 1989.838073 0.232231 20.090503 -0.000851 
180 27.363748 0.000000 10.043684 1989.874816 0.931661 18.841632 -0.000876 
181 34.332201 0.000000 12.964566 1989.502395 -0.281841 24.727461 -0.000566 
182 37.429291 0.000000 12.964566 1989.380655 -0.292160 24.712143 -0.000443 
183 34.332201 0.000000 15.885447 1989.473878 -0.116258 27.078903 -0.000568 
184 29.686566 0.000000 11.504125 1989.805094 -0.505204 23.179787 -0.000852 
185 31.235111 0.000000 11.504125 1989.708472 -0.544259 23.179149 -0.000754 
186 29.686566 0.000000 12.964566 1989.746897 -0.251862 24.740436 -0.000812 
187 28.912293 0.000000 9.313463 1989.806798 0.584305 19.652550 -0.000815 
188 28.912293 0.000000 8.583243 1989.835682 1.383678 18.826970 -0.000837 
189 29.686566 0.000000 9.313463 1989.822560 1.430101 18.832468 -0.000823 
190 28.912293 0.000000 10.043684 1989.825776 1.431385 18.839462 -0.000827 
191 27.363748 0.000000 10.773904 1989.902924 -0.682819 22.397839 -0.000941 
192 26.589476 0.000000 10.773904 1989.956149 -0.596945 22.380680 -0.000994 
193 28.138021 0.000000 10.773904 1989.900799 -0.760861 22.303977 -0.000938 
194 27.363748 0.000000 11.504125 1989.884556 -0.411360 23.309705 -0.000933 
195 27.750884 0.000000 9.678574 1989.861139 0.152501 20.381892 -0.000877 
196 27.363748 0.000000 9.678574 1989.874855 0.089493 20.365536 -0.000891 
197 27.750884 0.000000 9.313463 1989.866096 0.138513 20.146813 -0.000880 
198 28.138021 0.000000 9.678574 1989.853085 0.339407 20.140742 -0.000867 
199 27.750884 0.000000 10.043684 1989.860909 1.072490 18.837320 -0.000862 
200 23.492386 0.000000 8.583243 1990.049964 0.000000 18.669508 -0.001050 
201 21.943841 0.000000 8.583243 1989.996936 0.000000 17.058111 -0.000982 
202 23.492386 0.000000 7.122802 1989.967847 0.000000 16.151482 -0.000945 
203 23.492386 0.000000 10.043684 1990.045528 0.000000 18.867093 -0.001048 
204 25.815203 0.000000 9.313463 1989.972787 0.021995 20.002008 -0.000986 
205 25.040931 0.000000 9.313463 1990.005081 -0.000000 20.098621 -0.001019 
206 25.815203 0.000000 8.583243 1989.967055 0.245840 18.447061 -0.000965 
207 25.815203 0.000000 10.043684 1989.976725 -0.000000 18.915067 -0.000979 
208 26.976612 0.000000 9.678574 1989.887033 0.078522 20.353283 -0.000903 
209 26.589476 0.000000 9.678574 1989.901475 0.042020 20.311992 -0.000917 
210 26.976612 0.000000 9.313463 1989.894053 0.103168 20.002741 -0.000906 
211 26.976612 0.000000 10.043684 1989.902619 0.604432 18.856429 -0.000904 
212 28.138021 0.000000 1.281038 1989.484644 0.500596 -3.427702 -0.000396 
213 25.040931 0.000000 1.281038 1989.664977 1.273877 1.819046 -0.000576 
214 28.138021 0.000000 -1.639843 1988.672977 -0.130597 14.761103 0.000368 
215 31.235111 0.000000 1.281038 1989.307365 0.375220 -2.745663 -0.000217 
216 26.589476 0.000000 5.662361 1989.916735 2.523327 13.039713 -0.000873 
217 25.040931 0.000000 5.662361 1989.925305 2.169781 12.142249 -0.000875 
218 26.589476 0.000000 4.201920 1989.916964 2.671817 10.027991 -0.000855 
219 28.138021 0.000000 5.662361 1989.914982 2.666118 15.167465 -0.000886 
220 27.363748 0.000000 7.853022 1989.893049 1.823882 17.601018 -0.000883 
221 26.589476 0.000000 7.853022 1989.922240 1.126544 17.442291 -0.000911 
222 27.363748 0.000000 7.122802 1989.914945 2.412301 16.423996 -0.000896 
223 28.138021 0.000000 7.853022 1989.872189 1.610298 18.071543 -0.000866 
224 27.750884 0.000000 8.948353 1989.860198 1.130691 18.835530 -0.000861 
225 27.363748 0.000000 8.948353 1989.882962 0.784792 18.932234 -0.000885 
226 27.750884 0.000000 8.583243 1989.858668 1.399080 18.683739 -0.000858 
227 28.138021 0.000000 8.948353 1989.846705 1.248942 18.834662 -0.000848 
228 27.557316 0.000000 9.496019 1989.871601 0.050311 20.457750 -0.000888 
229 27.363748 0.000000 9.496019 1989.879726 0.064104 20.386687 -0.000896 
230 27.557316 0.000000 9.313463 1989.875468 0.095550 20.139204 -0.000889 
231 27.750884 0.000000 9.496019 1989.862559 0.049888 20.501609 -0.000880 
232 27.557316 0.000000 9.678574 1989.869210 0.109286 20.357693 -0.000885 
233 26.976612 0.000000 8.948353 1989.896186 0.525844 19.110139 -0.000900 
234 26.589476 0.000000 8.948353 1989.921533 0.296261 19.190331 -0.000926 
235 26.976612 0.000000 8.583243 1989.909075 0.481696 18.627203 -0.000908 
236 27.170180 0.000000 9.496019 1989.884638 0.056955 20.372784 -0.000901 
237 26.976612 0.000000 9.496019 1989.886588 0.052073 20.393959 -0.000903 
238 27.170180 0.000000 9.313463 1989.890424 0.108427 20.044465 -0.000903 
239 27.170180 0.000000 9.678574 1989.882177 0.090069 20.330391 -0.000898 
240 28.912293 0.000000 10.773904 1989.849573 -0.819827 22.318758 -0.000887 
241 29.686566 0.000000 10.773904 1989.810157 -0.861846 22.302878 -0.000847 
242 28.912293 0.000000 11.504125 1989.843736 -0.482541 23.202678 -0.000891 
243 27.750884 0.000000 10.408794 1989.837771 -1.042355 21.891192 -0.000870 
244 27.363748 0.000000 10.408794 1989.891176 0.728082 18.821133 -0.000892 
245 28.138021 0.000000 10.408794 1989.817565 -1.105869 21.887328 -0.000850 
246 27.750884 0.000000 10.773904 1989.882553 -0.723821 22.392334 -0.000921 
247 27.557316 0.000000 9.861129 1989.862398 1.056099 18.837407 -0.000863 
248 27.363748 0.000000 9.861129 1989.871600 0.951084 18.847031 -0.000873 
249 27.750884 0.000000 9.861129 1989.860524 1.079739 18.836834 -0.000861 
250 27.557316 0.000000 10.043684 1989.862462 1.052760 18.837851 -0.000863 
251 27.460532 0.000000 9.587296 1989.870007 0.034919 20.501561 -0.000887 
252 27.363748 0.000000 9.587296 1989.874450 0.049038 20.449467 -0.000891 
253 27.460532 0.000000 9.496019 1989.876011 0.050185 20.437864 -0.000893 
254 27.557316 0.000000 9.587296 1989.868276 0.031808 20.531929 -0.000886 
255 27.460532 0.000000 9.678574 1989.871713 0.083965 20.395723 -0.000888 
256 23.492386 0.000000 11.504125 1990.155711 -0.216492 23.218594 -0.001205 
257 21.943841 0.000000 11.504125 1990.258339 -0.178013 23.203758 -0.001308 
258 23.492386 0.000000 12.964566 1990.154940 -0.159283 24.806707 -0.001223 
259 25.815203 0.000000 10.773904 1990.016493 -0.525974 22.353891 -0.001055 
260 25.040931 0.000000 10.773904 1990.069258 -0.446481 22.329984 -0.001108 
261 25.815203 0.000000 11.504125 1989.974101 -0.330284 23.289510 -0.001023 
262 26.976612 0.000000 10.408794 1989.912131 0.242980 18.877307 -0.000913 
263 26.589476 0.000000 10.408794 1989.936495 -0.000000 18.918141 -0.000938 
264 26.976612 0.000000 10.773904 1989.936754 -0.640033 22.375318 -0.000975 
265 27.170180 0.000000 9.861129 1989.878778 0.873119 18.851220 -0.000880 
266 26.976612 0.000000 9.861129 1989.902138 0.643549 18.866748 -0.000903 
267 27.170180 0.000000 10.043684 1989.892484 0.735446 18.855092 -0.000894 
268 27.266964 0.000000 9.587296 1989.878276 0.043963 20.442260 -0.000895 
269 27.170180 0.000000 9.587296 1989.883133 0.064415 20.378416 -0.000899 
270 27.266964 0.000000 9.496019 1989.883118 0.046598 20.421901 -0.000900 
271 27.266964 0.000000 9.678574 1989.878466 0.092281 20.345050 -0.000894 
272 27.460532 0.000000 9.769851 1989.867679 0.331005 20.003444 -0.000880 
273 27.363748 0.000000 9.769851 1989.871132 0.401666 19.841593 -0.000882 
274 27.557316 0.000000 9.769851 1989.867028 0.270702 20.133525 -0.000880 
275 27.460532 0.000000 9.861129 1989.870419 0.966304 18.846271 -0.000871 
276 27.412140 0.000000 9.632935 1989.872682 0.054019 20.453716 -0.000889 
277 27.363748 0.000000 9.632935 1989.873465 0.055910 20.442332 -0.000890 
278 27.412140 0.000000 9.587296 1989.872541 0.046738 20.465179 -0.000889 
279 27.460532 0.000000 9.632935 1989.870850 0.048446 20.478653 -0.000888 
280 27.412140 0.000000 9.678574 1989.874169 0.084611 20.386006 -0.000890 
281 21.943841 0.000000 1.281038 1988.542236 0.052706 -4.319487 0.000549 
282 21.943841 0.000000 -1.639843 1988.599880 -0.317320 15.456073 0.000436 
283 62.206011 0.000000 -136.000407 1988.737088 -0.000407 34.593895 0.000056 
284 12.652571 0.000000 -136.000407 1988.721024 -0.000297 34.634844 0.000071 
285 62.206011 0.000000 -182.734516 1988.757228 -0.000217 34.652988 0.000034 
286 111.759451 0.000000 -136.000407 1988.758309 -0.000492 34.576045 0.000035 
287 37.429291 0.000000 -65.899244 1988.583400 -0.003523 34.182620 0.000217 
288 12.652571 0.000000 -65.899244 1988.501472 0.004841 34.338652 0.000297 
289 37.429291 0.000000 -89.266298 1988.662762 -0.000833 34.448985 0.000133 
290 62.206011 0.000000 -65.899244 1988.676672 0.002583 34.133313 0.000124 
291 25.040931 0.000000 -30.848662 1988.054697 0.004407 32.397371 0.000779 
292 12.652571 0.000000 -30.848662 1987.775257 -0.008545 32.890267 0.001052 
293 25.040931 0.000000 -42.532189 1988.310405 0.021329 33.510181 0.000503 
294 37.429291 0.000000 -30.848662 1988.362592 0.008621 32.260859 0.000472 
295 18.846751 0.000000 -13.323371 1987.283651 0.045170 26.081497 0.001647 
296 12.652571 0.000000 -13.323371 1986.152371 0.103819 26.153719 0.002782 
297 18.846751 0.000000 -19.165134 1987.389449 0.007802 29.643616 0.001490 
298 25.040931 0.000000 -13.323371 1987.768347 -0.014130 26.225137 0.001158 
299 21.943841 0.000000 -4.560725 1988.865006 -0.034462 15.028631 0.000173 
300 18.846751 0.000000 -4.560725 1990.751163 -0.010103 12.637361 -0.001708 
301 21.943841 0.000000 -7.481607 1988.073313 -0.008489 19.488191 0.000929 
302 25.040931 0.000000 -4.560725 1988.101383 -0.044448 15.416504 0.000937 
303 23.492386 0.000000 -0.179403 1988.945683 -0.070701 -2.648527 0.000147 
304 21.943841 0.000000 -0.179403 1988.160055 -0.074038 -1.990226 0.000937 
305 23.492386 0.000000 -1.639843 1988.626024 -0.375907 15.441701 0.000410 
306 25.040931 0.000000 -0.179403 1989.078453 -1.943426 -3.831171 0.000010 
307 23.492386 0.000000 1.281038 1989.238249 0.169630 -3.456816 -0.000149 
308 6.458391 0.000000 10.043684 1994.838339 -0.276532 22.939928 -0.005918 
309 0.264211 0.000000 10.043684 1996.656623 -0.187329 28.394911 -0.007823 
310 6.458391 0.000000 15.885447 1992.462281 -0.131000 29.201535 -0.003606 
311 9.555481 0.000000 1.281038 1994.689816 0.000883 -24.804070 -0.005791 
312 6.458391 0.000000 1.281038 1988.177618 -0.014262 -46.503415 0.000374 
313 9.555481 0.000000 -1.639843 1982.568316 -0.040772 -20.929418 0.006439 
314 9.555481 0.000000 4.201920 1994.874043 -0.003799 1.261735 -0.005821 
315 15.749661 0.000000 -4.560725 1990.245516 0.042466 7.218485 -0.001172 
316 12.652571 0.000000 -4.560725 1986.536652 -0.040005 4.684364 0.002564 
317 15.749661 0.000000 -7.481607 1987.650005 0.074467 17.133649 0.001377 
318 14.201116 0.000000 -0.179403 1985.172756 -0.000000 -33.909284 0.003648 
319 12.652571 0.000000 -0.179403 1987.931684 -0.028387 -46.405221 0.000623 
320 14.201116 0.000000 -1.639843 1989.520356 -0.065778 -21.763075 -0.000549 
321 15.749661 0.000000 -0.179403 1982.674887 -0.033098 -12.504461 0.006404 
322 14.201116 0.000000 1.281038 1986.906561 0.000000 -22.011746 0.002075 
323 -36.900870 0.000000 -136.000407 1988.728319 -0.000194 34.682405 0.000063 
324 -86.454310 0.000000 -136.000407 1988.749299 -0.000123 34.709957 0.000041 
325 -36.900870 0.000000 -182.734516 1988.754063 -0.000125 34.691826 0.000037 
326 161.312891 0.000000 -136.000407 1988.772716 -0.000543 34.572260 0.000020 
327 161.312891 0.000000 -182.734516 1988.774421 -0.000286 34.636713 0.000017 
328 210.866331 0.000000 -136.000407 1988.780842 -0.000569 34.573380 0.000012 
329 -36.900870 0.000000 144.404248 1988.848151 -0.000193 34.682986 -0.000057 
330 -86.454310 0.000000 144.404248 1988.830057 -0.000122 34.708270 -0.000040 
331 -36.900870 0.000000 191.138357 1988.825004 -0.000126 34.692288 -0.000034 
332 -12.124149 0.000000 -65.899244 1988.511985 -0.003726 34.551179 0.000283 
333 -36.900870 0.000000 -65.899244 1988.606639 -0.000439 34.683081 0.000185 
334 -12.124149 0.000000 -89.266298 1988.637870 -0.000463 34.606571 0.000155 
335 161.312891 0.000000 144.404248 1988.811902 -0.000571 34.578091 -0.000019 
336 210.866331 0.000000 144.404248 1988.804380 -0.000613 34.575634 -0.000012 
337 161.312891 0.000000 191.138357 1988.808097 -0.000299 34.639174 -0.000016 
338 86.982731 0.000000 -65.899244 1988.729181 0.008131 34.127383 0.000072 
339 86.982731 0.000000 -89.266298 1988.730997 -0.001147 34.389392 0.000065 
340 111.759451 0.000000 -65.899244 1988.757070 -0.002300 34.130383 0.000044 
341 -12.124149 0.000000 74.303084 1989.013545 -0.010952 34.567544 -0.000222 
342 -36.900870 0.000000 74.303084 1988.953658 -0.000433 34.673920 -0.000163 
343 -12.124149 0.000000 97.670139 1988.923661 -0.000455 34.616386 -0.000132 
344 0.264211 0.000000 -30.848662 1987.618228 0.008892 33.685676 0.001196 
345 -12.124149 0.000000 -30.848662 1987.854301 0.000009 34.409560 0.000946 
346 0.264211 0.000000 -42.532189 1988.064017 -0.030832 34.093029 0.000741 
347 86.982731 0.000000 74.303084 1988.865889 -0.002209 34.209638 -0.000067 
348 111.759451 0.000000 74.303084 1988.841289 -0.002401 34.199743 -0.000042 
349 86.982731 0.000000 97.670139 1988.854931 -0.001154 34.427503 -0.000060 
350 49.817651 0.000000 -30.848662 1988.576452 -0.006992 32.298074 0.000256 
351 49.817651 0.000000 -42.532189 1988.573325 0.002044 33.343648 0.000242 
352 62.206011 0.000000 -30.848662 1988.676819 0.002413 32.327617 0.000155 
353 0.264211 0.000000 39.252502 1989.681168 -0.003927 33.975441 -0.000883 
354 -12.124149 0.000000 39.252502 1989.533564 0.022555 34.422233 -0.000742 
355 0.264211 0.000000 50.936029 1989.331003 -0.001771 34.252550 -0.000535 
356 6.458391 0.000000 -13.323371 1984.606575 0.153996 27.688765 0.004313 
357 0.264211 0.000000 -13.323371 1983.875972 0.123952 30.800144 0.004999 
358 6.458391 0.000000 -19.165134 1986.160706 0.084915 31.027484 0.002703 
359 49.817651 0.000000 39.252502 1989.058338 -0.015742 32.992345 -0.000240 
360 62.206011 0.000000 39.252502 1988.974973 -0.007480 32.974799 -0.000156 
361 49.817651 0.000000 50.936029 1989.023762 -0.005142 33.673862 -0.000217 
362 31.235111 0.000000 -13.323371 1988.112168 -0.031107 26.205739 0.000813 
363 31.235111 0.000000 -19.165134 1988.143999 -0.016918 29.464592 0.000735 
364 37.429291 0.000000 -13.323371 1988.460914 -0.030844 26.320027 0.000461 
365 6.458391 0.000000 21.727211 1991.168250 -0.073250 31.643363 -0.002340 
366 0.264211 0.000000 21.727211 1991.285621 -0.041892 32.785784 -0.002477 
367 6.458391 0.000000 27.568975 1990.269216 -0.025219 32.776483 -0.001454 
368 9.555481 0.000000 -4.560725 1983.116769 -0.030373 4.598518 0.005995 
369 6.458391 0.000000 -4.560725 1979.350269 -0.022480 5.918419 0.009764 
370 9.555481 0.000000 -7.481607 1983.819336 -0.022371 16.618607 0.005226 
371 15.749661 0.000000 7.122802 1990.734926 -0.166993 14.630051 -0.001705 
372 12.652571 0.000000 7.122802 1992.232825 -0.021378 14.138411 -0.003210 
373 15.749661 0.000000 10.043684 1991.117452 -0.145427 20.976345 -0.002147 
374 15.749661 0.000000 12.964566 1991.076303 -0.119877 24.892819 -0.002151 
375 12.652571 0.000000 12.964566 1991.780399 -0.146092 25.160452 -0.002864 
376 15.749661 0.000000 15.885447 1990.898768 -0.111330 27.482215 -0.002007 
377 43.623471 0.000000 21.727211 1989.207964 -0.052711 29.866144 -0.000341 
378 49.817651 0.000000 21.727211 1989.079603 -0.045405 29.927481 -0.000213 
379 43.623471 0.000000 27.568975 1989.144903 -0.020075 31.498344 -0.000303 
380 43.623471 0.000000 -1.639843 1989.316239 -0.224651 14.937637 -0.000280 
381 43.623471 0.000000 -7.481607 1988.899905 -0.064784 20.870233 0.000084 
382 49.817651 0.000000 -1.639843 1989.119183 -0.221336 15.020740 -0.000083 
383 28.138021 0.000000 -4.560725 1988.267900 -0.068235 15.809146 0.000767 
384 28.138021 0.000000 -7.481607 1988.079661 -0.043520 19.960995 0.000918 
385 31.235111 0.000000 -4.560725 1988.546371 -0.077753 16.127503 0.000484 
386 34.332201 0.000000 1.281038 1989.229049 0.296304 -2.197732 -0.000138 
387 34.332201 0.000000 -1.639843 1988.877246 -0.184221 14.912019 0.000161 
388 37.429291 0.000000 1.281038 1989.275407 0.242366 -1.888741 -0.000184 
389 29.686566 0.000000 5.662361 1989.729025 1.585187 12.501318 -0.000679 
390 29.686566 0.000000 4.201920 1989.702266 1.573672 7.977095 -0.000629 
391 31.235111 0.000000 5.662361 1989.653900 1.540285 12.440872 -0.000603 
392 23.492386 0.000000 5.662361 1989.870619 0.395059 12.443277 -0.000821 
393 21.943841 0.000000 5.662361 1989.733431 0.000000 12.294466 -0.000682 
394 23.492386 0.000000 4.201920 1989.718357 1.098815 7.332933 -0.000642 
395 25.815203 0.000000 7.853022 1989.956661 0.562303 17.439852 -0.000945 
396 25.040931 0.000000 7.853022 1989.987582 0.179022 17.540193 -0.000977 
397 25.815203 0.000000 7.122802 1989.950387 1.055014 15.833007 -0.000926 
398 28.912293 0.000000 7.853022 1989.851501 1.581316 18.393336 -0.000849 
399 28.912293 0.000000 7.122802 1989.864953 1.958418 17.701014 -0.000856 
400 29.686566 0.000000 7.853022 1989.822556 1.430098 18.832448 -0.000823 
401 27.266964 0.000000 9.769851 1989.876039 0.419886 19.795219 -0.000886 
402 27.170180 0.000000 9.769851 1989.880699 0.200901 20.207287 -0.000895 
403 27.266964 0.000000 9.861129 1989.872790 0.935512 18.847878 -0.000874 
404 23.492386 0.000000 2.741479 1989.530262 1.209214 2.683914 -0.000441 
405 21.943841 0.000000 2.741479 1989.057376 0.167883 2.046290 0.000035 
406 25.040931 0.000000 2.741479 1989.741073 1.851690 4.241352 -0.000657 
407 9.555481 0.000000 7.122802 1994.325849 -0.008589 14.480056 -0.005321 
408 6.458391 0.000000 7.122802 1996.863931 -0.004644 15.929877 -0.007893 
409 9.555481 0.000000 10.043684 1993.353879 -0.242506 21.627282 -0.004407 
410 9.555481 0.000000 12.964566 1992.645032 -0.170890 25.752926 -0.003742 
411 6.458391 0.000000 12.964566 1993.418148 -0.181924 26.930521 -0.004537 
412 9.555481 0.000000 15.885447 1991.961744 -0.125334 28.378217 -0.003090 
413 43.623471 0.000000 -13.323371 1988.652770 -0.034878 26.456967 0.000266 
414 43.623471 0.000000 -19.165134 1988.541298 -0.020363 29.533254 0.000335 
415 49.817651 0.000000 -13.323371 1988.749212 -0.035132 26.634219 0.000167 
416 34.332201 0.000000 -4.560725 1988.766962 -0.088657 16.420057 0.000260 
417 34.332201 0.000000 -7.481607 1988.551820 -0.056683 20.272471 0.000441 
418 37.429291 0.000000 -4.560725 1988.935394 -0.094196 16.632594 0.000089 
419 26.589476 0.000000 2.741479 1989.813727 0.456128 2.176702 -0.000726 
420 26.589476 0.000000 1.281038 1989.580573 0.604876 -3.844772 -0.000494 
421 28.138021 0.000000 2.741479 1989.720368 0.359803 2.396071 -0.000632 
422 26.589476 0.000000 -0.179403 1989.045452 -2.033782 -3.115914 0.000045 
423 26.589476 0.000000 -1.639843 1988.604715 -0.107388 14.496038 0.000438 
424 28.138021 0.000000 -0.179403 1988.991135 -2.099189 -2.404697 0.000100 
425 29.686566 0.000000 2.741479 1989.603866 0.320331 2.614301 -0.000515 
426 29.686566 0.000000 1.281038 1989.382121 0.430045 -3.015051 -0.000293 
427 31.235111 0.000000 2.741479 1989.511761 0.297229 2.714809 -0.000423 
1 1 12 10 11 
2 11 10 14 6 
3 6 14 19 20 
4 20 19 22 4 
5 10 25 23 24 
6 24 23 27 14 
7 14 27 35 36 
8 36 35 38 19 
9 23 41 39 40 
10 40 39 43 27 
11 27 43 51 52 
12 52 51 54 35 
13 39 57 55 56 
14 56 55 59 43 
15 43 59 76 77 
16 77 76 78 51 
17 55 81 79 80 
18 80 79 82 59 
19 89 71 90 87 
20 87 90 75 91 
21 88 87 91 5 
22 18 93 92 45 
23 93 8 94 92 
24 92 94 29 95 
25 45 92 95 28 
26 34 97 96 61 
27 97 18 98 96 
28 96 98 45 99 
29 61 96 99 44 
30 101 34 102 100 
31 100 102 61 103 
32 15 109 108 33 
33 109 17 110 108 
34 108 110 8 93 
35 33 108 93 18 
36 31 112 111 49 
37 112 33 113 111 
38 111 113 18 97 
39 49 111 97 34 
40 115 49 116 114 
41 114 116 34 101 
42 75 127 125 126 
43 126 125 128 83 
44 21 46 129 130 
45 46 28 131 129 
46 129 131 30 132 
47 130 129 132 9 
48 37 62 133 134 
49 62 44 135 133 
50 133 135 46 136 
51 134 133 136 21 
52 53 70 137 138 
53 70 60 139 137 
54 137 139 62 140 
55 138 137 140 37 
56 67 107 141 142 
57 107 69 143 141 
58 141 143 60 144 
59 142 141 144 70 
60 145 147 107 148 
61 146 145 148 67 
62 50 155 154 106 
63 155 101 156 154 
64 154 156 100 157 
65 106 154 157 69 
66 105 159 158 123 
67 159 50 160 158 
68 158 160 106 161 
69 123 158 161 104 
70 163 123 164 162 
71 162 164 104 165 
72 68 86 166 167 
73 86 67 142 166 
74 166 142 70 168 
75 167 166 168 53 
76 83 128 169 170 
77 169 146 67 171 
78 170 169 171 86 
79 172 174 145 175 
80 173 172 175 146 
81 104 161 181 147 
82 161 106 182 181 
83 181 182 69 183 
84 147 181 183 107 
85 165 104 185 184 
86 184 185 147 186 
87 174 184 186 145 
88 152 188 187 179 
89 188 162 189 187 
90 187 189 165 190 
91 179 187 190 124 
92 191 193 174 194 
93 192 191 194 172 
94 197 179 198 195 
95 195 198 124 199 
96 125 202 200 201 
97 202 121 150 200 
98 200 150 85 203 
99 201 200 203 128 
100 150 206 204 205 
101 206 149 177 204 
102 204 177 153 207 
103 205 204 207 85 
104 177 210 208 209 
105 209 208 211 153 
106 214 117 215 212 
107 66 218 216 217 
108 218 122 219 216 
109 216 219 120 151 
110 217 216 151 121 
111 151 222 220 221 
112 222 120 223 220 
113 220 223 152 178 
114 221 220 178 149 
115 178 226 224 225 
116 226 152 227 224 
117 224 227 179 197 
118 225 224 197 176 
119 176 230 228 229 
120 230 197 231 228 
121 228 231 195 232 
122 149 235 233 234 
123 235 178 225 233 
124 233 225 176 210 
125 234 233 210 177 
126 210 238 236 237 
127 238 176 229 236 
128 237 236 239 208 
129 124 190 240 193 
130 190 165 241 240 
131 240 241 184 242 
132 193 240 242 174 
133 180 199 243 244 
134 199 124 245 243 
135 243 245 193 246 
136 244 243 246 191 
137 232 195 249 247 
138 247 249 199 250 
139 248 247 250 180 
140 229 253 251 252 
141 253 228 254 251 
142 251 254 232 255 
143 128 203 256 257 
144 203 85 173 256 
145 256 173 146 258 
146 257 256 258 169 
147 85 207 259 260 
148 207 153 192 259 
149 259 192 172 261 
150 260 259 261 173 
151 153 211 262 263 
152 211 180 244 262 
153 262 244 191 264 
154 263 262 264 192 
155 208 239 265 266 
156 265 248 180 267 
157 266 265 267 211 
158 236 270 268 269 
159 270 229 252 268 
160 268 252 196 271 
161 269 268 271 239 
162 196 255 272 273 
163 255 232 274 272 
164 272 274 247 275 
165 273 272 275 248 
166 252 278 276 277 
167 278 251 279 276 
168 276 279 255 280 
169 277 276 280 196 
170 71 282 281 90 
171 90 281 127 75 
172 7 285 283 284 
173 285 16 286 283 
174 283 286 15 32 
175 284 283 32 13 
176 13 289 287 288 
177 289 32 290 287 
178 287 290 31 48 
179 288 287 48 26 
180 26 293 291 292 
181 293 48 294 291 
182 291 294 47 64 
183 292 291 64 42 
184 42 297 295 296 
185 297 64 298 295 
186 295 298 63 73 
187 296 295 73 58 
188 73 301 299 300 
189 301 63 302 299 
190 299 302 74 282 
191 300 299 282 71 
192 282 305 303 304 
193 305 74 306 303 
194 303 306 213 307 
195 304 303 307 281 
196 59 82 308 309 
197 309 308 310 76 
198 79 313 311 312 
199 313 72 88 311 
200 311 88 5 314 
201 312 311 314 82 
202 58 317 315 316 
203 317 73 300 315 
204 315 300 71 89 
205 316 315 89 72 
206 72 320 318 319 
207 320 89 321 318 
208 318 321 87 322 
209 319 318 322 88 
210 12 325 323 324 
211 325 7 284 323 
212 323 284 13 25 
213 324 323 25 10 
214 16 327 326 286 
215 327 2 328 326 
216 326 328 17 109 
217 286 326 109 15 
218 19 38 329 330 
219 38 21 130 329 
220 329 130 9 331 
221 330 329 331 22 
222 25 334 332 333 
223 334 13 288 332 
224 332 288 26 41 
225 333 332 41 23 
226 28 95 335 131 
227 95 29 336 335 
228 335 336 3 337 
229 131 335 337 30 
230 32 339 338 290 
231 339 15 340 338 
232 338 340 33 112 
233 290 338 112 31 
234 35 54 341 342 
235 54 37 134 341 
236 341 134 21 343 
237 342 341 343 38 
238 41 346 344 345 
239 346 26 292 344 
240 344 292 42 57 
241 345 344 57 39 
242 44 99 347 135 
243 99 45 348 347 
244 347 348 28 349 
245 135 347 349 46 
246 48 351 350 294 
247 351 31 352 350 
248 350 352 49 115 
249 294 350 115 47 
250 51 78 353 354 
251 78 53 138 353 
252 353 138 37 355 
253 354 353 355 54 
254 57 358 356 357 
255 358 42 296 356 
256 356 296 58 81 
257 357 356 81 55 
258 60 103 359 139 
259 103 61 360 359 
260 359 360 44 361 
261 139 359 361 62 
262 64 363 362 298 
263 363 47 364 362 
264 362 364 65 118 
265 298 362 118 63 
266 76 310 365 366 
267 310 68 167 365 
268 365 167 53 367 
269 366 365 367 78 
270 81 370 368 369 
271 370 58 316 368 
272 368 316 72 313 
273 369 368 313 79 
274 5 91 371 372 
275 91 75 126 371 
276 371 126 83 373 
277 372 371 373 84 
278 84 373 374 375 
279 373 83 170 374 
280 374 170 86 376 
281 375 374 376 68 
282 69 157 377 143 
283 157 100 378 377 
284 377 378 103 379 
285 143 377 379 60 
286 65 381 380 119 
287 381 114 382 380 
288 380 382 101 155 
289 119 380 155 50 
290 63 384 383 302 
291 384 118 385 383 
292 383 385 117 214 
293 302 383 214 74 
294 117 387 386 215 
295 387 119 388 386 
296 386 388 50 159 
297 215 386 159 105 
298 122 390 389 219 
299 390 105 391 389 
300 389 391 123 163 
301 219 389 163 120 
302 127 394 392 393 
303 394 66 217 392 
304 392 217 121 202 
305 393 392 202 125 
306 121 397 395 396 
307 397 151 221 395 
308 395 221 149 206 
309 396 395 206 150 
310 120 399 398 223 
311 399 163 400 398 
312 398 400 162 188 
313 223 398 188 152 
314 239 271 401 402 
315 271 196 273 401 
316 401 273 248 403 
317 402 401 403 265 
318 281 307 404 405 
319 307 213 406 404 
320 404 406 66 394 
321 405 404 394 127 
322 82 314 407 408 
323 314 5 372 407 
324 407 372 84 409 
325 408 407 409 308 
326 308 409 410 411 
327 409 84 375 410 
328 410 375 68 412 
329 411 410 412 310 
330 47 414 413 364 
331 414 115 415 413 
332 413 415 114 381 
333 364 413 381 65 
334 118 417 416 385 
335 417 65 418 416 
336 416 418 119 387 
337 385 416 387 117 
338 213 420 419 406 
339 420 212 421 419 
340 419 421 122 218 
341 406 419 218 66 
342 74 423 422 306 
343 423 214 424 422 
344 422 424 212 420 
345 306 422 420 213 
346 212 426 425 421 
347 426 215 427 425 
348 425 427 105 390 
349 421 425 390 122 
