2 0.000000 1989.093400 115197.572811
427 349 
1 -185.561190 0.000000 -182.734516 1988.770970 -0.000001 35.064303 0.000013 
2 210.866331 0.000000 -182.734516 1988.773937 -0.000014 34.981314 0.000012 
3 210.866331 0.000000 191.138357 1988.796973 0.000008 34.982328 -0.000011 
4 -185.561190 0.000000 191.138357 1988.797867 0.000000 35.063640 -0.000014 
5 12.652571 0.000000 4.201920 1991.687356 0.021084 1.884133 -0.002611 
6 -185.561190 0.000000 4.201920 1988.785519 -0.000000 35.080507 -0.000001 
7 12.652571 0.000000 -182.734516 1988.745057 -0.000007 35.018014 0.000040 
8 210.866331 0.000000 4.201920 1989.435325 0.014150 -1.783407 -0.000345 
9 12.652571 0.000000 191.138357 1988.821755 0.000004 35.020346 -0.000037 
10 -86.454310 0.000000 -89.266298 1988.725833 -0.000004 35.072145 0.000059 
11 -185.561190 0.000000 -89.266298 1988.771393 -0.000001 35.073340 0.000013 
12 -86.454310 0.000000 -182.734516 1988.755595 -0.000002 35.053542 0.000029 
13 12.652571 0.000000 -89.266298 1988.626384 -0.000045 34.865280 0.000162 
14 -86.454310 0.000000 4.201920 1988.793421 0.000004 35.143124 -0.000011 
15 111.759451 0.000000 -89.266298 1988.746169 -0.000103 34.730129 0.000044 
16 111.759451 0.000000 -182.734516 1988.759837 -0.000012 34.987614 0.000026 
17 210.866331 0.000000 -89.266298 1988.779128 -0.000106 34.745286 0.000011 
18 111.759451 0.000000 4.201920 1989.326762 0.015350 4.473347 -0.000240 
19 -86.454310 0.000000 97.670139 1988.841751 0.000004 35.067275 -0.000058 
20 -185.561190 0.000000 97.670139 1988.798385 0.000000 35.072221 -0.000014 
21 12.652571 0.000000 97.670139 1988.922837 0.000037 34.892306 -0.000136 
22 -86.454310 0.000000 191.138357 1988.812134 0.000001 35.052920 -0.000028 
23 -36.900870 0.000000 -42.532189 1988.496735 0.000761 35.101005 0.000288 
24 -86.454310 0.000000 -42.532189 1988.727185 -0.000015 35.111629 0.000057 
25 -36.900870 0.000000 -89.266298 1988.660350 -0.000048 35.019256 0.000125 
26 12.652571 0.000000 -42.532189 1988.101126 -0.014363 34.074563 0.000704 
27 -36.900870 0.000000 4.201920 1988.889263 -0.000496 35.538592 -0.000114 
28 111.759451 0.000000 97.670139 1988.830867 0.000071 34.760788 -0.000041 
29 210.866331 0.000000 97.670139 1988.800278 0.000076 34.751369 -0.000011 
30 111.759451 0.000000 191.138357 1988.809557 0.000007 34.991155 -0.000024 
31 62.206011 0.000000 -42.532189 1988.643447 -0.004753 33.676682 0.000166 
32 62.206011 0.000000 -89.266298 1988.693218 -0.000085 34.750865 0.000097 
33 111.759451 0.000000 -42.532189 1988.770565 -0.000778 33.763593 0.000036 
34 62.206011 0.000000 4.201920 1989.295397 0.027943 7.428187 -0.000217 
35 -36.900870 0.000000 50.936029 1989.044772 -0.007801 35.062093 -0.000262 
36 -86.454310 0.000000 50.936029 1988.848434 0.000004 35.103773 -0.000065 
37 12.652571 0.000000 50.936029 1989.306040 0.000397 34.354573 -0.000512 
38 -36.900870 0.000000 97.670139 1988.895952 0.000044 35.017672 -0.000111 
39 -12.124149 0.000000 -19.165134 1987.069965 0.020538 34.946472 0.001725 
40 -36.900870 0.000000 -19.165134 1988.441098 0.001214 35.387930 0.000339 
41 -12.124149 0.000000 -42.532189 1988.102363 -0.000113 34.804670 0.000690 
42 12.652571 0.000000 -19.165134 1986.760889 0.078018 30.374584 0.002111 
43 -12.124149 0.000000 4.201920 1990.763672 -0.019547 37.838469 -0.002042 
44 62.206011 0.000000 50.936029 1988.946640 0.000662 33.993859 -0.000145 
45 111.759451 0.000000 50.936029 1988.840849 0.000554 33.968831 -0.000038 
46 62.206011 0.000000 97.670139 1988.874589 0.000099 34.790820 -0.000086 
47 37.429291 0.000000 -19.165134 1988.356909 -0.005068 29.718413 0.000517 
48 37.429291 0.000000 -42.532189 1988.423364 0.006970 33.707545 0.000386 
49 62.206011 0.000000 -19.165134 1988.748526 -0.004841 30.063252 0.000118 
50 37.429291 0.000000 4.201920 1989.379919 0.020775 8.295348 -0.000306 
51 -12.124149 0.000000 27.568975 1989.936386 -0.000503 34.752900 -0.001153 
52 -36.900870 0.000000 27.568975 1989.152976 -0.019484 35.255803 -0.000374 
53 12.652571 0.000000 27.568975 1990.127734 0.003170 32.596483 -0.001309 
54 -12.124149 0.000000 50.936029 1989.267386 -0.004744 34.823996 -0.000481 
55 0.264211 0.000000 -7.481607 1977.776462 -0.005072 26.059994 0.011175 
56 -12.124149 0.000000 -7.481607 1986.299545 0.034682 36.720111 0.002466 
57 0.264211 0.000000 -19.165134 1985.825189 0.076832 32.813875 0.003011 
58 12.652571 0.000000 -7.481607 1985.959168 0.174679 16.497107 0.003080 
59 0.264211 0.000000 4.201920 2009.723770 0.006233 13.839068 -0.020899 
60 37.429291 0.000000 27.568975 1989.305416 0.001025 31.774989 -0.000468 
61 62.206011 0.000000 27.568975 1988.983632 -0.008543 31.743084 -0.000144 
62 37.429291 0.000000 50.936029 1989.103961 -0.016848 34.049539 -0.000304 
63 25.040931 0.000000 -7.481607 1987.869306 0.000782 19.919180 0.001130 
64 25.040931 0.000000 -19.165134 1987.799651 0.020605 29.791076 0.001076 
65 37.429291 0.000000 -7.481607 1988.700105 -0.017993 20.616640 0.000288 
66 25.040931 0.000000 4.201920 1989.919921 0.000000 8.037242 -0.000848 
67 25.040931 0.000000 15.885447 1989.984879 -0.008251 27.414546 -0.001087 
68 12.652571 0.000000 15.885447 1991.430756 -0.096480 28.090406 -0.002551 
69 37.429291 0.000000 15.885447 1989.359255 0.006061 27.323134 -0.000456 
70 25.040931 0.000000 27.568975 1989.610516 -0.010415 32.026374 -0.000779 
71 18.846751 0.000000 -1.639843 1988.525231 -0.018792 15.492664 0.000511 
72 12.652571 0.000000 -1.639843 1987.084326 -0.028853 -20.593989 0.001912 
73 18.846751 0.000000 -7.481607 1988.250691 0.044307 18.773785 0.000758 
74 25.040931 0.000000 -1.639843 1988.650565 -0.024574 15.427656 0.000385 
75 18.846751 0.000000 4.201920 1988.810718 0.000000 5.943161 0.000275 
76 0.264211 0.000000 15.885447 1992.791405 -0.115652 31.858484 -0.003978 
77 -12.124149 0.000000 15.885447 1990.895314 -0.016186 35.200232 -0.002126 
78 0.264211 0.000000 27.568975 1990.351318 -0.012128 33.712995 -0.001552 
79 6.458391 0.000000 -1.639843 1988.172359 -0.001494 -46.502991 0.000379 
80 0.264211 0.000000 -1.639843 1957.998953 -0.005925 -11.978476 0.030984 
81 6.458391 0.000000 -7.481607 1981.348983 -0.008304 18.283993 0.007687 
82 6.458391 0.000000 4.201920 1998.999176 0.013584 2.376074 -0.009986 
83 18.846751 0.000000 10.043684 1990.548677 -0.059195 21.403907 -0.001580 
84 12.652571 0.000000 10.043684 1992.153292 -0.160473 21.218335 -0.003193 
85 25.040931 0.000000 10.043684 1990.048431 0.000000 19.076397 -0.001052 
86 18.846751 0.000000 15.885447 1990.551162 -0.057737 27.547830 -0.001658 
87 15.749661 0.000000 1.281038 1984.695116 0.000000 -16.471059 0.004349 
88 12.652571 0.000000 1.281038 1989.776963 0.026035 -22.768231 -0.000818 
89 15.749661 0.000000 -1.639843 1988.554096 -0.025409 15.511954 0.000481 
90 18.846751 0.000000 1.281038 1985.399998 -0.000000 -6.880617 0.003698 
91 15.749661 0.000000 4.201920 1987.673096 0.000000 -2.155901 0.001426 
92 161.312891 0.000000 50.936029 1988.818116 0.000558 33.945654 -0.000014 
93 161.312891 0.000000 4.201920 1989.381947 0.031146 1.248401 -0.000291 
94 210.866331 0.000000 50.936029 1988.811065 0.000587 33.915154 -0.000007 
95 161.312891 0.000000 97.670139 1988.809612 0.000074 34.754339 -0.000020 
96 86.982731 0.000000 27.568975 1988.896058 0.002893 31.710479 -0.000056 
97 86.982731 0.000000 4.201920 1989.303723 -0.032125 6.004120 -0.000221 
98 111.759451 0.000000 27.568975 1988.868267 -0.001727 31.650880 -0.000027 
99 86.982731 0.000000 50.936029 1988.871257 0.002787 33.978316 -0.000068 
100 49.817651 0.000000 15.885447 1989.094947 0.007959 27.330630 -0.000190 
101 49.817651 0.000000 4.201920 1989.307987 0.022739 8.016431 -0.000232 
102 62.206011 0.000000 15.885447 1989.018497 0.008180 27.226794 -0.000112 
103 49.817651 0.000000 27.568975 1989.067165 0.002514 31.784807 -0.000229 
104 31.235111 0.000000 10.043684 1989.747150 0.005194 21.477436 -0.000774 
105 31.235111 0.000000 4.201920 1989.621800 0.017114 8.094028 -0.000548 
106 37.429291 0.000000 10.043684 1989.392480 0.011872 21.488909 -0.000417 
107 31.235111 0.000000 15.885447 1989.614655 0.005618 27.344734 -0.000713 
108 161.312891 0.000000 -42.532189 1988.792341 -0.000751 33.823929 0.000014 
109 161.312891 0.000000 -89.266298 1988.769453 -0.000106 34.736358 0.000021 
110 210.866331 0.000000 -42.532189 1988.798771 -0.000717 33.875025 0.000006 
111 86.982731 0.000000 -19.165134 1988.823702 -0.006473 30.302669 0.000039 
112 86.982731 0.000000 -42.532189 1988.739024 0.003711 33.724680 0.000069 
113 111.759451 0.000000 -19.165134 1988.844667 -0.001693 30.482302 0.000015 
114 49.817651 0.000000 -7.481607 1988.920616 -0.013582 21.371909 0.000058 
115 49.817651 0.000000 -19.165134 1988.658154 -0.004860 29.946651 0.000211 
116 62.206011 0.000000 -7.481607 1988.958477 -0.016924 21.785776 0.000016 
117 31.235111 0.000000 -1.639843 1988.769760 -0.036416 15.018532 0.000268 
118 31.235111 0.000000 -7.481607 1988.296168 -0.013131 20.206473 0.000698 
119 37.429291 0.000000 -1.639843 1989.076631 -0.036666 14.807814 -0.000039 
120 28.138021 0.000000 7.122802 1989.906798 0.000000 17.668461 -0.000897 
121 25.040931 0.000000 7.122802 1989.995967 0.000000 16.148853 -0.000974 
122 28.138021 0.000000 4.201920 1989.833135 0.007940 7.967527 -0.000760 
123 31.235111 0.000000 7.122802 1989.681809 0.016113 16.213259 -0.000658 
124 28.138021 0.000000 10.043684 1989.868952 0.000000 19.007311 -0.000871 
125 21.943841 0.000000 7.122802 1989.972344 0.000000 15.769500 -0.000947 
126 18.846751 0.000000 7.122802 1989.638968 0.000000 11.723999 -0.000583 
127 21.943841 0.000000 4.201920 1989.480343 -0.000000 7.730107 -0.000404 
128 21.943841 0.000000 10.043684 1990.085541 0.000000 19.048367 -0.001090 
129 62.206011 0.000000 144.404248 1988.837034 0.000016 34.949706 -0.000051 
130 12.652571 0.000000 144.404248 1988.849601 0.000011 34.987432 -0.000064 
131 111.759451 0.000000 144.404248 1988.819125 0.000019 34.930264 -0.000033 
132 62.206011 0.000000 191.138357 1988.817334 0.000006 35.002814 -0.000032 
133 37.429291 0.000000 74.303084 1988.967325 0.003192 34.635059 -0.000176 
134 12.652571 0.000000 74.303084 1989.019659 0.002835 34.759153 -0.000231 
135 62.206011 0.000000 74.303084 1988.904813 -0.011170 34.572749 -0.000112 
136 37.429291 0.000000 97.670139 1988.903217 0.000051 34.831066 -0.000115 
137 25.040931 0.000000 39.252502 1989.426724 0.011869 33.502076 -0.000619 
138 12.652571 0.000000 39.252502 1989.617682 -0.016832 33.833789 -0.000817 
139 37.429291 0.000000 39.252502 1989.162200 -0.007037 33.395931 -0.000351 
140 25.040931 0.000000 50.936029 1989.227606 0.000525 34.152805 -0.000430 
141 31.235111 0.000000 21.727211 1989.546221 0.002131 30.250285 -0.000687 
142 25.040931 0.000000 21.727211 1989.790315 0.001544 30.403839 -0.000934 
143 37.429291 0.000000 21.727211 1989.344383 0.002599 30.172538 -0.000482 
144 31.235111 0.000000 27.568975 1989.471441 0.000559 31.825762 -0.000636 
145 28.138021 0.000000 12.964566 1989.871233 -0.001580 24.984339 -0.000940 
146 25.040931 0.000000 12.964566 1990.030356 -0.005874 25.082676 -0.001101 
147 31.235111 0.000000 12.964566 1989.643389 -0.007325 24.992374 -0.000711 
148 28.138021 0.000000 15.885447 1989.800012 -0.004493 27.361471 -0.000900 
149 26.589476 0.000000 8.583243 1989.941749 0.000000 18.502905 -0.000940 
150 25.040931 0.000000 8.583243 1990.023542 0.000000 18.630139 -0.001023 
151 26.589476 0.000000 7.122802 1989.958627 -0.000000 16.281790 -0.000937 
152 28.138021 0.000000 8.583243 1989.856629 0.000000 18.898926 -0.000858 
153 26.589476 0.000000 10.043684 1989.943536 0.000000 19.065452 -0.000947 
154 43.623471 0.000000 10.043684 1989.229418 0.011578 21.454663 -0.000253 
155 43.623471 0.000000 4.201920 1989.311245 0.021238 8.244616 -0.000236 
156 49.817651 0.000000 10.043684 1989.160393 0.008155 21.396183 -0.000183 
157 43.623471 0.000000 15.885447 1989.208443 0.006556 27.286205 -0.000304 
158 34.332201 0.000000 7.122802 1989.532812 0.021322 16.236406 -0.000509 
159 34.332201 0.000000 4.201920 1989.454066 0.020403 8.262502 -0.000380 
160 37.429291 0.000000 7.122802 1989.428227 0.021690 16.218354 -0.000403 
161 34.332201 0.000000 10.043684 1989.571579 0.011674 21.444033 -0.000597 
162 29.686566 0.000000 8.583243 1989.842284 0.000000 19.015956 -0.000845 
163 29.686566 0.000000 7.122802 1989.780413 0.014792 16.201797 -0.000757 
164 31.235111 0.000000 8.583243 1989.699751 0.009288 19.113787 -0.000702 
165 29.686566 0.000000 10.043684 1989.787710 0.003748 21.478757 -0.000815 
166 18.846751 0.000000 21.727211 1990.222455 -0.024893 30.601812 -0.001372 
167 12.652571 0.000000 21.727211 1990.782935 -0.010579 31.049022 -0.001943 
168 18.846751 0.000000 27.568975 1989.887313 -0.007142 32.228771 -0.001061 
169 21.943841 0.000000 12.964566 1990.310018 -0.042416 25.035552 -0.001382 
170 18.846751 0.000000 12.964566 1990.598263 -0.053313 25.083555 -0.001673 
171 21.943841 0.000000 15.885447 1990.209133 -0.038254 27.487936 -0.001313 
172 26.589476 0.000000 11.504125 1989.959181 -0.001826 23.512163 -0.001010 
173 25.040931 0.000000 11.504125 1990.061860 -0.023511 23.476121 -0.001113 
174 28.138021 0.000000 11.504125 1989.904031 0.000322 23.426026 -0.000954 
175 26.589476 0.000000 12.964566 1989.917564 -0.003612 25.076838 -0.000988 
176 27.363748 0.000000 9.313463 1989.910197 0.000000 20.111246 -0.000924 
177 26.589476 0.000000 9.313463 1989.948187 -0.000000 20.196061 -0.000963 
178 27.363748 0.000000 8.583243 1989.896829 0.000000 18.777460 -0.000897 
179 28.138021 0.000000 9.313463 1989.852054 0.000000 20.269502 -0.000867 
180 27.363748 0.000000 10.043684 1989.893009 -0.000000 19.021249 -0.000896 
181 34.332201 0.000000 12.964566 1989.510724 0.008876 24.953425 -0.000577 
182 37.429291 0.000000 12.964566 1989.386465 0.008847 24.937921 -0.000452 
183 34.332201 0.000000 15.885447 1989.481425 0.006064 27.328346 -0.000579 
184 29.686566 0.000000 11.504125 1989.819465 0.002146 23.392632 -0.000868 
185 31.235111 0.000000 11.504125 1989.720736 -0.004647 23.391529 -0.000769 
186 29.686566 0.000000 12.964566 1989.760373 0.000083 24.967813 -0.000828 
187 28.912293 0.000000 9.313463 1989.821884 0.000000 19.831743 -0.000832 
188 28.912293 0.000000 8.583243 1989.852809 0.000000 19.004823 -0.000855 
189 29.686566 0.000000 9.313463 1989.839330 0.000000 19.009662 -0.000841 
190 28.912293 0.000000 10.043684 1989.842653 0.000000 19.016994 -0.000845 
191 27.363748 0.000000 10.773904 1989.920390 -0.000021 22.605433 -0.000961 
192 26.589476 0.000000 10.773904 1989.974775 -0.001314 22.588853 -0.001015 
193 28.138021 0.000000 10.773904 1989.917233 0.001202 22.510598 -0.000957 
194 27.363748 0.000000 11.504125 1989.902122 -0.000708 23.524634 -0.000953 
195 27.750884 0.000000 9.678574 1989.870670 0.000000 20.555154 -0.000888 
196 27.363748 0.000000 9.678574 1989.884707 -0.000000 20.581836 -0.000903 
197 27.750884 0.000000 9.313463 1989.880986 0.000000 20.331833 -0.000897 
198 28.138021 0.000000 9.678574 1989.865400 0.000000 20.311535 -0.000881 
199 27.750884 0.000000 10.043684 1989.878720 0.000000 19.016267 -0.000881 
200 23.492386 0.000000 8.583243 1990.077059 0.000000 18.852322 -0.001079 
201 21.943841 0.000000 8.583243 1990.026862 0.000000 17.231615 -0.001014 
202 23.492386 0.000000 7.122802 1989.996936 0.000000 16.317758 -0.000976 
203 23.492386 0.000000 10.043684 1990.071625 0.000000 19.050686 -0.001076 
204 25.815203 0.000000 9.313463 1989.994630 -0.000000 20.191992 -0.001009 
205 25.040931 0.000000 9.313463 1990.028201 -0.000000 20.289838 -0.001044 
206 25.815203 0.000000 8.583243 1989.989520 0.000000 18.626129 -0.000989 
207 25.815203 0.000000 10.043684 1989.999141 -0.000000 19.097679 -0.001003 
208 26.976612 0.000000 9.678574 1989.905668 0.000000 20.545137 -0.000924 
209 26.589476 0.000000 9.678574 1989.920626 -0.000000 20.503286 -0.000938 
210 26.976612 0.000000 9.313463 1989.912774 0.000000 20.191637 -0.000927 
211 26.976612 0.000000 10.043684 1989.921710 -0.000000 19.036983 -0.000925 
212 28.138021 0.000000 1.281038 1989.495669 0.007417 -3.367165 -0.000407 
213 25.040931 0.000000 1.281038 1989.697532 0.000000 1.896525 -0.000608 
214 28.138021 0.000000 -1.639843 1988.666482 -0.034865 14.834602 0.000374 
215 31.235111 0.000000 1.281038 1989.312531 0.010718 -2.668869 -0.000222 
216 26.589476 0.000000 5.662361 1989.941914 0.000000 13.178921 -0.000897 
217 25.040931 0.000000 5.662361 1989.953641 0.000000 12.277476 -0.000903 
218 26.589476 0.000000 4.201920 1989.945326 0.000000 10.149599 -0.000883 
219 28.138021 0.000000 5.662361 1989.938258 0.000000 15.321017 -0.000909 
220 27.363748 0.000000 7.853022 1989.913460 -0.000000 17.771848 -0.000905 
221 26.589476 0.000000 7.853022 1989.943401 0.000000 17.613100 -0.000933 
222 27.363748 0.000000 7.122802 1989.937213 0.000000 16.586332 -0.000918 
223 28.138021 0.000000 7.853022 1989.891296 0.000000 18.245004 -0.000887 
224 27.750884 0.000000 8.948353 1989.878029 0.000000 19.014461 -0.000880 
225 27.363748 0.000000 8.948353 1989.901360 0.000000 19.112513 -0.000905 
226 27.750884 0.000000 8.583243 1989.876629 -0.000000 18.861580 -0.000878 
227 28.138021 0.000000 8.948353 1989.864139 0.000000 19.013055 -0.000866 
228 27.557316 0.000000 9.496019 1989.883077 -0.000000 20.653415 -0.000902 
229 27.363748 0.000000 9.496019 1989.893590 -0.000000 20.590483 -0.000912 
230 27.557316 0.000000 9.313463 1989.891480 -0.000000 20.329167 -0.000907 
231 27.750884 0.000000 9.496019 1989.874482 0.000000 20.683929 -0.000894 
232 27.557316 0.000000 9.678574 1989.878468 0.000000 20.552456 -0.000896 
233 26.976612 0.000000 8.948353 1989.915179 0.000000 19.292130 -0.000921 
234 26.589476 0.000000 8.948353 1989.941436 -0.000000 19.373444 -0.000948 
235 26.976612 0.000000 8.583243 1989.928364 0.000000 18.806288 -0.000929 
236 27.170180 0.000000 9.496019 1989.901081 -0.000000 20.573149 -0.000919 
237 26.976612 0.000000 9.496019 1989.905138 0.000000 20.586226 -0.000923 
238 27.170180 0.000000 9.313463 1989.908556 0.000000 20.234120 -0.000923 
239 27.170180 0.000000 9.678574 1989.897427 -0.000000 20.538020 -0.000915 
240 28.912293 0.000000 10.773904 1989.865456 0.002299 22.524121 -0.000905 
241 29.686566 0.000000 10.773904 1989.824853 0.003235 22.507549 -0.000864 
242 28.912293 0.000000 11.504125 1989.859155 0.001295 23.416232 -0.000909 
243 27.750884 0.000000 10.408794 1989.855328 0.000768 22.094265 -0.000890 
244 27.363748 0.000000 10.408794 1989.909642 0.000000 19.001279 -0.000912 
245 28.138021 0.000000 10.408794 1989.834620 0.001477 22.089679 -0.000869 
246 27.750884 0.000000 10.773904 1989.899478 0.000620 22.599570 -0.000940 
247 27.557316 0.000000 9.861129 1989.880247 0.000000 19.016417 -0.000883 
248 27.363748 0.000000 9.861129 1989.889783 0.000000 19.026384 -0.000892 
249 27.750884 0.000000 9.861129 1989.878324 0.000000 19.015767 -0.000881 
250 27.557316 0.000000 10.043684 1989.880315 0.000000 19.016862 -0.000883 
251 27.460532 0.000000 9.587296 1989.877438 -0.000000 20.711310 -0.000897 
252 27.363748 0.000000 9.587296 1989.884175 -0.000000 20.664830 -0.000903 
253 27.460532 0.000000 9.496019 1989.888212 -0.000000 20.640302 -0.000907 
254 27.557316 0.000000 9.587296 1989.875024 0.000000 20.723070 -0.000895 
255 27.460532 0.000000 9.678574 1989.880763 0.000000 20.594879 -0.000899 
256 23.492386 0.000000 11.504125 1990.179931 -0.018917 23.436375 -0.001232 
257 21.943841 0.000000 11.504125 1990.285249 -0.041267 23.423404 -0.001337 
258 23.492386 0.000000 12.964566 1990.177844 -0.035594 25.038391 -0.001249 
259 25.815203 0.000000 10.773904 1990.036666 -0.020012 22.562204 -0.001077 
260 25.040931 0.000000 10.773904 1990.090869 -0.025925 22.538750 -0.001132 
261 25.815203 0.000000 11.504125 1989.993952 -0.003032 23.505749 -0.001045 
262 26.976612 0.000000 10.408794 1989.931295 0.000000 19.058445 -0.000934 
263 26.589476 0.000000 10.408794 1989.956744 -0.000000 19.100007 -0.000960 
264 26.976612 0.000000 10.773904 1989.954786 -0.000634 22.583209 -0.000995 
265 27.170180 0.000000 9.861129 1989.897178 0.000000 19.030912 -0.000900 
266 26.976612 0.000000 9.861129 1989.921340 -0.000000 19.047335 -0.000924 
267 27.170180 0.000000 10.043684 1989.911281 -0.000000 19.035337 -0.000914 
268 27.266964 0.000000 9.587296 1989.890023 -0.000000 20.667595 -0.000909 
269 27.170180 0.000000 9.587296 1989.898653 -0.000000 20.584397 -0.000917 
270 27.266964 0.000000 9.496019 1989.898394 -0.000000 20.625772 -0.000917 
271 27.266964 0.000000 9.678574 1989.890914 -0.000000 20.564738 -0.000909 
272 27.460532 0.000000 9.769851 1989.875879 0.000000 20.201544 -0.000890 
273 27.363748 0.000000 9.769851 1989.882380 -0.000000 20.058891 -0.000895 
274 27.557316 0.000000 9.769851 1989.874395 0.000000 20.320625 -0.000890 
275 27.460532 0.000000 9.861129 1989.888567 0.000000 19.025577 -0.000891 
276 27.412140 0.000000 9.632935 1989.881525 -0.000000 20.660243 -0.000900 
277 27.363748 0.000000 9.632935 1989.882360 -0.000000 20.659438 -0.000901 
278 27.412140 0.000000 9.587296 1989.881217 -0.000000 20.675322 -0.000900 
279 27.460532 0.000000 9.632935 1989.878628 0.000000 20.678128 -0.000898 
280 27.412140 0.000000 9.678574 1989.884223 -0.000000 20.594666 -0.000903 
281 21.943841 0.000000 1.281038 1988.591784 0.000000 -4.274152 0.000500 
282 21.943841 0.000000 -1.639843 1988.596181 -0.024139 15.455665 0.000440 
283 62.206011 0.000000 -136.000407 1988.730159 -0.000024 34.939186 0.000057 
284 12.652571 0.000000 -136.000407 1988.713861 -0.000015 34.980781 0.000072 
285 62.206011 0.000000 -182.734516 1988.750621 -0.000010 34.999167 0.000035 
286 111.759451 0.000000 -136.000407 1988.751715 -0.000030 34.921047 0.000035 
287 37.429291 0.000000 -65.899244 1988.573818 -0.002536 34.521866 0.000221 
288 12.652571 0.000000 -65.899244 1988.490723 0.006293 34.680460 0.000302 
289 37.429291 0.000000 -89.266298 1988.654611 -0.000067 34.792153 0.000135 
290 62.206011 0.000000 -65.899244 1988.668678 0.005161 34.471684 0.000127 
291 25.040931 0.000000 -30.848662 1988.035793 0.008848 32.712430 0.000793 
292 12.652571 0.000000 -30.848662 1987.752121 -0.003373 33.214001 0.001069 
293 25.040931 0.000000 -42.532189 1988.296267 0.025198 33.840278 0.000512 
294 37.429291 0.000000 -30.848662 1988.349020 0.013449 32.572913 0.000480 
295 18.846751 0.000000 -13.323371 1987.242718 0.059978 26.329197 0.001685 
296 12.652571 0.000000 -13.323371 1986.099049 0.113518 26.414027 0.002832 
297 18.846751 0.000000 -19.165134 1987.357607 0.015902 29.928308 0.001518 
298 25.040931 0.000000 -13.323371 1987.739281 0.004031 26.465089 0.001184 
299 21.943841 0.000000 -4.560725 1988.808916 -0.000857 15.143770 0.000228 
300 18.846751 0.000000 -4.560725 1990.682341 0.022950 12.771914 -0.001640 
301 21.943841 0.000000 -7.481607 1988.027215 0.016961 19.662951 0.000974 
302 25.040931 0.000000 -4.560725 1988.065081 -0.007210 15.526756 0.000973 
303 23.492386 0.000000 -0.179403 1988.976350 -0.004460 -2.640604 0.000116 
304 21.943841 0.000000 -0.179403 1988.199633 -0.005743 -1.982385 0.000897 
305 23.492386 0.000000 -1.639843 1988.623008 -0.023919 15.441271 0.000413 
306 25.040931 0.000000 -0.179403 1989.095400 0.090813 -3.814547 -0.000006 
307 23.492386 0.000000 1.281038 1989.275863 -0.000000 -3.410860 -0.000186 
308 6.458391 0.000000 10.043684 1994.916072 -0.265755 23.189130 -0.005999 
309 0.264211 0.000000 10.043684 1996.740878 -0.181197 28.700551 -0.007912 
310 6.458391 0.000000 15.885447 1992.508848 -0.121354 29.494183 -0.003657 
311 9.555481 0.000000 1.281038 1994.769884 0.022389 -24.753772 -0.005871 
312 6.458391 0.000000 1.281038 1988.172359 -0.001494 -46.502991 0.000379 
313 9.555481 0.000000 -1.639843 1982.482922 -0.025094 -20.864454 0.006526 
314 9.555481 0.000000 4.201920 1994.957292 0.017718 1.391605 -0.005905 
315 15.749661 0.000000 -4.560725 1990.182416 0.069179 7.374772 -0.001109 
316 12.652571 0.000000 -4.560725 1986.474650 -0.021592 4.838744 0.002625 
317 15.749661 0.000000 -7.481607 1987.592983 0.092788 17.327779 0.001432 
318 14.201116 0.000000 -0.179403 1985.199549 -0.000000 -33.816041 0.003622 
319 12.652571 0.000000 -0.179403 1987.928471 -0.002765 -46.404404 0.000627 
320 14.201116 0.000000 -1.639843 1989.489680 -0.029308 -21.638550 -0.000517 
321 15.749661 0.000000 -0.179403 1982.710265 -0.009795 -12.447173 0.006369 
322 14.201116 0.000000 1.281038 1986.941680 0.000000 -21.914162 0.002041 
323 -36.900870 0.000000 -136.000407 1988.721290 -0.000007 35.029061 0.000064 
324 -86.454310 0.000000 -136.000407 1988.742594 -0.000003 35.057015 0.000042 
325 -36.900870 0.000000 -182.734516 1988.747418 -0.000004 35.038604 0.000038 
326 161.312891 0.000000 -136.000407 1988.766357 -0.000032 34.917208 0.000021 
327 161.312891 0.000000 -182.734516 1988.768084 -0.000014 34.982635 0.000018 
328 210.866331 0.000000 -136.000407 1988.774616 -0.000033 34.918357 0.000012 
329 -36.900870 0.000000 144.404248 1988.842951 0.000006 35.029635 -0.000058 
330 -86.454310 0.000000 144.404248 1988.824572 0.000002 35.055295 -0.000040 
331 -36.900870 0.000000 191.138357 1988.819452 0.000003 35.039065 -0.000035 
332 -12.124149 0.000000 -65.899244 1988.501612 -0.002386 34.896171 0.000287 
333 -36.900870 0.000000 -65.899244 1988.597861 -0.000016 35.029883 0.000188 
334 -12.124149 0.000000 -89.266298 1988.629448 -0.000025 34.952191 0.000158 
335 161.312891 0.000000 144.404248 1988.806180 0.000020 34.923035 -0.000019 
336 210.866331 0.000000 144.404248 1988.798538 0.000021 34.920520 -0.000012 
337 161.312891 0.000000 191.138357 1988.802302 0.000008 34.985092 -0.000017 
338 86.982731 0.000000 -65.899244 1988.722089 0.010039 34.465639 0.000073 
339 86.982731 0.000000 -89.266298 1988.723958 -0.000109 34.731593 0.000067 
340 111.759451 0.000000 -65.899244 1988.750485 -0.000252 34.468770 0.000044 
341 -12.124149 0.000000 74.303084 1989.010880 -0.010829 34.912636 -0.000225 
342 -36.900870 0.000000 74.303084 1988.950017 0.000020 35.020536 -0.000166 
343 -12.124149 0.000000 97.670139 1988.919648 0.000023 34.962095 -0.000134 
344 0.264211 0.000000 -30.848662 1987.594871 0.012415 34.021154 0.001214 
345 -12.124149 0.000000 -30.848662 1987.835288 0.001529 34.754195 0.000959 
346 0.264211 0.000000 -42.532189 1988.047312 -0.029395 34.432590 0.000752 
347 86.982731 0.000000 74.303084 1988.861156 0.000164 34.548829 -0.000068 
348 111.759451 0.000000 74.303084 1988.836124 0.000169 34.538727 -0.000043 
349 86.982731 0.000000 97.670139 1988.849940 0.000068 34.770129 -0.000061 
350 49.817651 0.000000 -30.848662 1988.566703 -0.001726 32.610304 0.000261 
351 49.817651 0.000000 -42.532189 1988.563618 0.006864 33.670644 0.000246 
352 62.206011 0.000000 -30.848662 1988.668953 0.009097 32.640555 0.000157 
353 0.264211 0.000000 39.252502 1989.688170 -0.000852 34.313501 -0.000896 
354 -12.124149 0.000000 39.252502 1989.537910 0.024531 34.766216 -0.000752 
355 0.264211 0.000000 50.936029 1989.332900 0.000183 34.593607 -0.000543 
356 6.458391 0.000000 -13.323371 1984.541043 0.160256 27.972237 0.004374 
357 0.264211 0.000000 -13.323371 1983.809629 0.129628 31.117828 0.005061 
358 6.458391 0.000000 -19.165134 1986.116142 0.090693 31.336339 0.002743 
359 49.817651 0.000000 39.252502 1989.057054 -0.007105 33.313658 -0.000244 
360 62.206011 0.000000 39.252502 1988.972304 0.004823 33.295474 -0.000158 
361 49.817651 0.000000 50.936029 1989.021739 0.000618 34.005228 -0.000220 
362 31.235111 0.000000 -13.323371 1988.092231 -0.009182 26.442370 0.000830 
363 31.235111 0.000000 -19.165134 1988.125287 -0.004588 29.740469 0.000750 
364 37.429291 0.000000 -13.323371 1988.448225 -0.009734 26.558763 0.000470 
365 6.458391 0.000000 21.727211 1991.196600 -0.067338 31.956492 -0.002374 
366 0.264211 0.000000 21.727211 1991.313263 -0.038056 33.113709 -0.002510 
367 6.458391 0.000000 27.568975 1990.286242 -0.020400 33.100595 -0.001477 
368 9.555481 0.000000 -4.560725 1983.029564 -0.017156 4.747987 0.006082 
369 6.458391 0.000000 -4.560725 1979.228475 -0.013159 6.079846 0.009885 
370 9.555481 0.000000 -7.481607 1983.738935 -0.010566 16.824868 0.005305 
371 15.749661 0.000000 7.122802 1990.780922 -0.100410 14.808300 -0.001753 
372 12.652571 0.000000 7.122802 1992.290021 0.012613 14.320906 -0.003269 
373 15.749661 0.000000 10.043684 1991.159974 -0.097530 21.190444 -0.002192 
374 15.749661 0.000000 12.964566 1991.113821 -0.085026 25.135827 -0.002192 
375 12.652571 0.000000 12.964566 1991.825510 -0.123390 25.410512 -0.002912 
376 15.749661 0.000000 15.885447 1990.930407 -0.084463 27.747708 -0.002043 
377 43.623471 0.000000 21.727211 1989.209960 -0.005381 30.146271 -0.000347 
378 49.817651 0.000000 21.727211 1989.079473 0.004341 30.207819 -0.000217 
379 43.623471 0.000000 27.568975 1989.145821 0.002434 31.798958 -0.000308 
380 43.623471 0.000000 -1.639843 1989.318118 -0.036428 15.047201 -0.000283 
381 43.623471 0.000000 -7.481607 1988.894826 -0.018184 21.053540 0.000088 
382 49.817651 0.000000 -1.639843 1989.119791 -0.033817 15.135210 -0.000084 
383 28.138021 0.000000 -4.560725 1988.247497 -0.022436 15.926894 0.000786 
384 28.138021 0.000000 -7.481607 1988.055153 -0.011394 20.129453 0.000941 
385 31.235111 0.000000 -4.560725 1988.534384 -0.022489 16.253039 0.000495 
386 34.332201 0.000000 1.281038 1989.232247 0.011180 -2.109178 -0.000141 
387 34.332201 0.000000 -1.639843 1988.875020 -0.033948 15.005429 0.000163 
388 37.429291 0.000000 1.281038 1989.278900 0.011918 -1.791450 -0.000187 
389 29.686566 0.000000 5.662361 1989.743990 0.018338 12.637853 -0.000695 
390 29.686566 0.000000 4.201920 1989.716288 0.016310 8.082153 -0.000643 
391 31.235111 0.000000 5.662361 1989.666175 0.019400 12.577219 -0.000616 
392 23.492386 0.000000 5.662361 1989.902594 0.000000 12.585884 -0.000854 
393 21.943841 0.000000 5.662361 1989.769339 0.000000 12.441391 -0.000719 
394 23.492386 0.000000 4.201920 1989.753525 -0.000000 7.443992 -0.000678 
395 25.815203 0.000000 7.853022 1989.979601 -0.000000 17.611460 -0.000970 
396 25.040931 0.000000 7.853022 1990.012314 0.000000 17.713508 -0.001003 
397 25.815203 0.000000 7.122802 1989.974257 0.000000 15.993091 -0.000951 
398 28.912293 0.000000 7.853022 1989.869586 0.000000 18.568493 -0.000868 
399 28.912293 0.000000 7.122802 1989.884305 0.000000 17.871279 -0.000876 
400 29.686566 0.000000 7.853022 1989.839326 0.000000 19.009641 -0.000841 
401 27.266964 0.000000 9.769851 1989.891284 0.000000 19.998028 -0.000903 
402 27.170180 0.000000 9.769851 1989.897821 0.000000 20.404586 -0.000914 
403 27.266964 0.000000 9.861129 1989.891010 0.000000 19.027277 -0.000894 
404 23.492386 0.000000 2.741479 1989.567008 0.000000 2.768154 -0.000478 
405 21.943841 0.000000 2.741479 1989.101877 -0.000000 2.133820 -0.000010 
406 25.040931 0.000000 2.741479 1989.773952 0.000000 4.332256 -0.000689 
407 9.555481 0.000000 7.122802 1994.401865 0.011582 14.669904 -0.005399 
408 6.458391 0.000000 7.122802 1996.962374 0.009060 16.137576 -0.007994 
409 9.555481 0.000000 10.043684 1993.418981 -0.225218 21.858889 -0.004475 
410 9.555481 0.000000 12.964566 1992.698310 -0.155504 26.013343 -0.003799 
411 6.458391 0.000000 12.964566 1993.477784 -0.172876 27.206253 -0.004600 
412 9.555481 0.000000 15.885447 1992.004396 -0.112967 28.659344 -0.003137 
413 43.623471 0.000000 -13.323371 1988.643839 -0.009481 26.698173 0.000272 
414 43.623471 0.000000 -19.165134 1988.530552 -0.005164 29.809796 0.000341 
415 49.817651 0.000000 -13.323371 1988.742379 -0.009064 26.878356 0.000170 
416 34.332201 0.000000 -4.560725 1988.759363 -0.025655 16.551016 0.000267 
417 34.332201 0.000000 -7.481607 1988.539911 -0.018027 20.445706 0.000451 
418 37.429291 0.000000 -4.560725 1988.930520 -0.025563 16.768167 0.000093 
419 26.589476 0.000000 2.741479 1989.835133 0.010444 2.250520 -0.000747 
420 26.589476 0.000000 1.281038 1989.597642 0.008924 -3.793959 -0.000511 
421 28.138021 0.000000 2.741479 1989.735975 0.008916 2.471497 -0.000648 
422 26.589476 0.000000 -0.179403 1989.053117 0.092769 -3.074536 0.000038 
423 26.589476 0.000000 -1.639843 1988.595313 -0.034653 14.556469 0.000447 
424 28.138021 0.000000 -0.179403 1988.995339 0.092784 -2.343908 0.000097 
425 29.686566 0.000000 2.741479 1989.615255 0.014664 2.692003 -0.000527 
426 29.686566 0.000000 1.281038 1989.389486 0.010497 -2.945460 -0.000300 
427 31.235111 0.000000 2.741479 1989.520249 0.015135 2.794071 -0.000431 
1 1 12 10 11 
2 11 10 14 6 
3 6 14 19 20 
4 20 19 22 4 
5 10 25 23 24 
6 24 23 27 14 
7 14 27 35 36 
8 36 35 38 19 
9 23 41 39 40 
10 40 39 43 27 
11 27 43 51 52 
12 52 51 54 35 
13 39 57 55 56 
14 56 55 59 43 
15 43 59 76 77 
16 77 76 78 51 
17 55 81 79 80 
18 80 79 82 59 
19 89 71 90 87 
20 87 90 75 91 
21 88 87 91 5 
22 18 93 92 45 
23 93 8 94 92 
24 92 94 29 95 
25 45 92 95 28 
26 34 97 96 61 
27 97 18 98 96 
28 96 98 45 99 
29 61 96 99 44 
30 101 34 102 100 
31 100 102 61 103 
32 15 109 108 33 
33 109 17 110 108 
34 108 110 8 93 
35 33 108 93 18 
36 31 112 111 49 
37 112 33 113 111 
38 111 113 18 97 
39 49 111 97 34 
40 115 49 116 114 
41 114 116 34 101 
42 75 127 125 126 
43 126 125 128 83 
44 21 46 129 130 
45 46 28 131 129 
46 129 131 30 132 
47 130 129 132 9 
48 37 62 133 134 
49 62 44 135 133 
50 133 135 46 136 
51 134 133 136 21 
52 53 70 137 138 
53 70 60 139 137 
54 137 139 62 140 
55 138 137 140 37 
56 67 107 141 142 
57 107 69 143 141 
58 141 143 60 144 
59 142 141 144 70 
60 145 147 107 148 
61 146 145 148 67 
62 50 155 154 106 
63 155 101 156 154 
64 154 156 100 157 
65 106 154 157 69 
66 105 159 158 123 
67 159 50 160 158 
68 158 160 106 161 
69 123 158 161 104 
70 163 123 164 162 
71 162 164 104 165 
72 68 86 166 167 
73 86 67 142 166 
74 166 142 70 168 
75 167 166 168 53 
76 83 128 169 170 
77 169 146 67 171 
78 170 169 171 86 
79 172 174 145 175 
80 173 172 175 146 
81 104 161 181 147 
82 161 106 182 181 
83 181 182 69 183 
84 147 181 183 107 
85 165 104 185 184 
86 184 185 147 186 
87 174 184 186 145 
88 152 188 187 179 
89 188 162 189 187 
90 187 189 165 190 
91 179 187 190 124 
92 191 193 174 194 
93 192 191 194 172 
94 197 179 198 195 
95 195 198 124 199 
96 125 202 200 201 
97 202 121 150 200 
98 200 150 85 203 
99 201 200 203 128 
100 150 206 204 205 
101 206 149 177 204 
102 204 177 153 207 
103 205 204 207 85 
104 177 210 208 209 
105 209 208 211 153 
106 214 117 215 212 
107 66 218 216 217 
108 218 122 219 216 
109 216 219 120 151 
110 217 216 151 121 
111 151 222 220 221 
112 222 120 223 220 
113 220 223 152 178 
114 221 220 178 149 
115 178 226 224 225 
116 226 152 227 224 
117 224 227 179 197 
118 225 224 197 176 
119 176 230 228 229 
120 230 197 231 228 
121 228 231 195 232 
122 149 235 233 234 
123 235 178 225 233 
124 233 225 176 210 
125 234 233 210 177 
126 210 238 236 237 
127 238 176 229 236 
128 237 236 239 208 
129 124 190 240 193 
130 190 165 241 240 
131 240 241 184 242 
132 193 240 242 174 
133 180 199 243 244 
134 199 124 245 243 
135 243 245 193 246 
136 244 243 246 191 
137 232 195 249 247 
138 247 249 199 250 
139 248 247 250 180 
140 229 253 251 252 
141 253 228 254 251 
142 251 254 232 255 
143 128 203 256 257 
144 203 85 173 256 
145 256 173 146 258 
146 257 256 258 169 
147 85 207 259 260 
148 207 153 192 259 
149 259 192 172 261 
150 260 259 261 173 
151 153 211 262 263 
152 211 180 244 262 
153 262 244 191 264 
154 263 262 264 192 
155 208 239 265 266 
156 265 248 180 267 
157 266 265 267 211 
158 236 270 268 269 
159 270 229 252 268 
160 268 252 196 271 
161 269 268 271 239 
162 196 255 272 273 
163 255 232 274 272 
164 272 274 247 275 
165 273 272 275 248 
166 252 278 276 277 
167 278 251 279 276 
168 276 279 255 280 
169 277 276 280 196 
170 71 282 281 90 
171 90 281 127 75 
172 7 285 283 284 
173 285 16 286 283 
174 283 286 15 32 
175 284 283 32 13 
176 13 289 287 288 
177 289 32 290 287 
178 287 290 31 48 
179 288 287 48 26 
180 26 293 291 292 
181 293 48 294 291 
182 291 294 47 64 
183 292 291 64 42 
184 42 297 295 296 
185 297 64 298 295 
186 295 298 63 73 
187 296 295 73 58 
188 73 301 299 300 
189 301 63 302 299 
190 299 302 74 282 
191 300 299 282 71 
192 282 305 303 304 
193 305 74 306 303 
194 303 306 213 307 
195 304 303 307 281 
196 59 82 308 309 
197 309 308 310 76 
198 79 313 311 312 
199 313 72 88 311 
200 311 88 5 314 
201 312 311 314 82 
202 58 317 315 316 
203 317 73 300 315 
204 315 300 71 89 
205 316 315 89 72 
206 72 320 318 319 
207 320 89 321 318 
208 318 321 87 322 
209 319 318 322 88 
210 12 325 323 324 
211 325 7 284 323 
212 323 284 13 25 
213 324 323 25 10 
214 16 327 326 286 
215 327 2 328 326 
216 326 328 17 109 
217 286 326 109 15 
218 19 38 329 330 
219 38 21 130 329 
220 329 130 9 331 
221 330 329 331 22 
222 25 334 332 333 
223 334 13 288 332 
224 332 288 26 41 
225 333 332 41 23 
226 28 95 335 131 
227 95 29 336 335 
228 335 336 3 337 
229 131 335 337 30 
230 32 339 338 290 
231 339 15 340 338 
232 338 340 33 112 
233 290 338 112 31 
234 35 54 341 342 
235 54 37 134 341 
236 341 134 21 343 
237 342 341 343 38 
238 41 346 344 345 
239 346 26 292 344 
240 344 292 42 57 
241 345 344 57 39 
242 44 99 347 135 
243 99 45 348 347 
244 347 348 28 349 
245 135 347 349 46 
246 48 351 350 294 
247 351 31 352 350 
248 350 352 49 115 
249 294 350 115 47 
250 51 78 353 354 
251 78 53 138 353 
252 353 138 37 355 
253 354 353 355 54 
254 57 358 356 357 
255 358 42 296 356 
256 356 296 58 81 
257 357 356 81 55 
258 60 103 359 139 
259 103 61 360 359 
260 359 360 44 361 
261 139 359 361 62 
262 64 363 362 298 
263 363 47 364 362 
264 362 364 65 118 
265 298 362 118 63 
266 76 310 365 366 
267 310 68 167 365 
268 365 167 53 367 
269 366 365 367 78 
270 81 370 368 369 
271 370 58 316 368 
272 368 316 72 313 
273 369 368 313 79 
274 5 91 371 372 
275 91 75 126 371 
276 371 126 83 373 
277 372 371 373 84 
278 84 373 374 375 
279 373 83 170 374 
280 374 170 86 376 
281 375 374 376 68 
282 69 157 377 143 
283 157 100 378 377 
284 377 378 103 379 
285 143 377 379 60 
286 65 381 380 119 
287 381 114 382 380 
288 380 382 101 155 
289 119 380 155 50 
290 63 384 383 302 
291 384 118 385 383 
292 383 385 117 214 
293 302 383 214 74 
294 117 387 386 215 
295 387 119 388 386 
296 386 388 50 159 
297 215 386 159 105 
298 122 390 389 219 
299 390 105 391 389 
300 389 391 123 163 
301 219 389 163 120 
302 127 394 392 393 
303 394 66 217 392 
304 392 217 121 202 
305 393 392 202 125 
306 121 397 395 396 
307 397 151 221 395 
308 395 221 149 206 
309 396 395 206 150 
310 120 399 398 223 
311 399 163 400 398 
312 398 400 162 188 
313 223 398 188 152 
314 239 271 401 402 
315 271 196 273 401 
316 401 273 248 403 
317 402 401 403 265 
318 281 307 404 405 
319 307 213 406 404 
320 404 406 66 394 
321 405 404 394 127 
322 82 314 407 408 
323 314 5 372 407 
324 407 372 84 409 
325 408 407 409 308 
326 308 409 410 411 
327 409 84 375 410 
328 410 375 68 412 
329 411 410 412 310 
330 47 414 413 364 
331 414 115 415 413 
332 413 415 114 381 
333 364 413 381 65 
334 118 417 416 385 
335 417 65 418 416 
336 416 418 119 387 
337 385 416 387 117 
338 213 420 419 406 
339 420 212 421 419 
340 419 421 122 218 
341 406 419 218 66 
342 74 423 422 306 
343 423 214 424 422 
344 422 424 212 420 
345 306 422 420 213 
346 212 426 425 421 
347 426 215 427 425 
348 425 427 105 390 
349 421 425 390 122 
