2 0.000000 1989.093400 11525.512269
427 349 
1 -185.561190 0.000000 -182.734516 1988.777267 -0.000001 34.717185 0.000013 
2 210.866331 0.000000 -182.734516 1988.780203 -0.000014 34.635234 0.000012 
3 210.866331 0.000000 191.138357 1988.802841 0.000008 34.636287 -0.000011 
4 -185.561190 0.000000 191.138357 1988.803746 0.000000 34.716537 -0.000013 
5 12.652571 0.000000 4.201920 1991.625060 0.021119 1.719467 -0.002548 
6 -185.561190 0.000000 4.201920 1988.791579 -0.000000 34.732967 -0.000001 
7 12.652571 0.000000 -182.734516 1988.751473 -0.000007 34.671435 0.000040 
8 210.866331 0.000000 4.201920 1989.429073 0.013449 -1.793379 -0.000338 
9 12.652571 0.000000 191.138357 1988.827516 0.000004 34.673759 -0.000037 
10 -86.454310 0.000000 -89.266298 1988.732791 -0.000004 34.725017 0.000058 
11 -185.561190 0.000000 -89.266298 1988.777738 -0.000001 34.726013 0.000013 
12 -86.454310 0.000000 -182.734516 1988.761995 -0.000002 34.706625 0.000029 
13 12.652571 0.000000 -89.266298 1988.633846 -0.000045 34.520389 0.000161 
14 -86.454310 0.000000 4.201920 1988.799299 0.000004 34.794179 -0.000010 
15 111.759451 0.000000 -89.266298 1988.752947 -0.000103 34.387274 0.000043 
16 111.759451 0.000000 -182.734516 1988.766232 -0.000012 34.641379 0.000026 
17 210.866331 0.000000 -89.266298 1988.785331 -0.000106 34.402261 0.000011 
18 111.759451 0.000000 4.201920 1989.322838 0.015036 4.390841 -0.000236 
19 -86.454310 0.000000 97.670139 1988.847002 0.000004 34.720241 -0.000057 
20 -185.561190 0.000000 97.670139 1988.804197 0.000000 34.724926 -0.000014 
21 12.652571 0.000000 97.670139 1988.927668 0.000037 34.547201 -0.000135 
22 -86.454310 0.000000 191.138357 1988.817917 0.000001 34.706013 -0.000027 
23 -36.900870 0.000000 -42.532189 1988.506787 0.000767 34.753833 0.000284 
24 -86.454310 0.000000 -42.532189 1988.734367 -0.000015 34.763592 0.000056 
25 -36.900870 0.000000 -89.266298 1988.667700 -0.000048 34.672988 0.000124 
26 12.652571 0.000000 -42.532189 1988.113504 -0.014492 33.736954 0.000697 
27 -36.900870 0.000000 4.201920 1988.893225 -0.000490 35.181658 -0.000112 
28 111.759451 0.000000 97.670139 1988.836114 0.000071 34.417693 -0.000041 
29 210.866331 0.000000 97.670139 1988.806016 0.000076 34.408650 -0.000010 
30 111.759451 0.000000 191.138357 1988.815321 0.000007 34.644911 -0.000024 
31 62.206011 0.000000 -42.532189 1988.652311 -0.004761 33.347233 0.000162 
32 62.206011 0.000000 -89.266298 1988.700571 -0.000085 34.407432 0.000096 
33 111.759451 0.000000 -42.532189 1988.777018 -0.000779 33.432919 0.000036 
34 62.206011 0.000000 4.201920 1989.292228 0.027592 7.302960 -0.000213 
35 -36.900870 0.000000 50.936029 1989.047435 -0.007766 34.715559 -0.000258 
36 -86.454310 0.000000 50.936029 1988.853330 0.000004 34.755979 -0.000064 
37 12.652571 0.000000 50.936029 1989.307442 0.000399 34.014725 -0.000508 
38 -36.900870 0.000000 97.670139 1988.900895 0.000044 34.671413 -0.000110 
39 -12.124149 0.000000 -19.165134 1987.092738 0.020497 34.602295 0.001708 
40 -36.900870 0.000000 -19.165134 1988.453038 0.001201 35.035307 0.000334 
41 -12.124149 0.000000 -42.532189 1988.113885 -0.000115 34.461403 0.000684 
42 12.652571 0.000000 -19.165134 1986.793137 0.078134 30.065631 0.002083 
43 -12.124149 0.000000 4.201920 1990.739735 -0.019322 37.445102 -0.002010 
44 62.206011 0.000000 50.936029 1988.949708 0.000667 33.660568 -0.000142 
45 111.759451 0.000000 50.936029 1988.845661 0.000556 33.636757 -0.000037 
46 62.206011 0.000000 97.670139 1988.879435 0.000100 34.446991 -0.000085 
47 37.429291 0.000000 -19.165134 1988.372805 -0.005081 29.435815 0.000505 
48 37.429291 0.000000 -42.532189 1988.434797 0.006996 33.376185 0.000381 
49 62.206011 0.000000 -19.165134 1988.755838 -0.004847 29.775651 0.000115 
50 37.429291 0.000000 4.201920 1989.372853 0.020595 8.163905 -0.000298 
51 -12.124149 0.000000 27.568975 1989.931633 -0.000490 34.411010 -0.001142 
52 -36.900870 0.000000 27.568975 1989.153224 -0.019341 34.906117 -0.000368 
53 12.652571 0.000000 27.568975 1990.118648 0.003164 32.272138 -0.001294 
54 -12.124149 0.000000 50.936029 1989.269375 -0.004755 34.480435 -0.000477 
55 0.264211 0.000000 -7.481607 1977.834048 -0.005060 25.745491 0.011122 
56 -12.124149 0.000000 -7.481607 1986.337661 0.034376 36.349642 0.002435 
57 0.264211 0.000000 -19.165134 1985.849947 0.077010 32.483638 0.002992 
58 12.652571 0.000000 -7.481607 1986.027612 0.174070 16.267160 0.003013 
59 0.264211 0.000000 4.201920 2009.627633 0.006217 13.550235 -0.020800 
60 37.429291 0.000000 27.568975 1989.301220 0.001044 31.467992 -0.000459 
61 62.206011 0.000000 27.568975 1988.985275 -0.008662 31.438583 -0.000141 
62 37.429291 0.000000 50.936029 1989.105508 -0.016929 33.713999 -0.000299 
63 25.040931 0.000000 -7.481607 1987.905990 0.000582 19.743055 0.001095 
64 25.040931 0.000000 -19.165134 1987.825353 0.020539 29.502899 0.001055 
65 37.429291 0.000000 -7.481607 1988.711897 -0.017985 20.430590 0.000278 
66 25.040931 0.000000 4.201920 1989.890945 0.000000 7.911559 -0.000818 
67 25.040931 0.000000 15.885447 1989.966101 -0.008139 27.148909 -0.001064 
68 12.652571 0.000000 15.885447 1991.400739 -0.096563 27.798965 -0.002517 
69 37.429291 0.000000 15.885447 1989.352351 0.006107 27.063798 -0.000446 
70 25.040931 0.000000 27.568975 1989.602558 -0.010511 31.713012 -0.000766 
71 18.846751 0.000000 -1.639843 1988.533143 -0.018942 15.492988 0.000503 
72 12.652571 0.000000 -1.639843 1987.121772 -0.028907 -20.698901 0.001873 
73 18.846751 0.000000 -7.481607 1988.319776 0.043811 18.576336 0.000690 
74 25.040931 0.000000 -1.639843 1988.653417 -0.024567 15.428068 0.000382 
75 18.846751 0.000000 4.201920 1988.746144 0.000000 5.802141 0.000341 
76 0.264211 0.000000 15.885447 1992.771527 -0.115867 31.533343 -0.003953 
77 -12.124149 0.000000 15.885447 1990.879432 -0.016082 34.853857 -0.002104 
78 0.264211 0.000000 27.568975 1990.344806 -0.012056 33.378318 -0.001540 
79 6.458391 0.000000 -1.639843 1988.178602 -0.001500 -46.503447 0.000373 
80 0.264211 0.000000 -1.639843 1958.182888 -0.005931 -12.162195 0.030801 
81 6.458391 0.000000 -7.481607 1981.423095 -0.008343 18.024245 0.007615 
82 6.458391 0.000000 4.201920 1998.899476 0.013621 2.198120 -0.009885 
83 18.846751 0.000000 10.043684 1990.507685 -0.058749 21.177962 -0.001536 
84 12.652571 0.000000 10.043684 1992.102140 -0.160240 20.970534 -0.003139 
85 25.040931 0.000000 10.043684 1990.020722 0.000000 18.880114 -0.001023 
86 18.846751 0.000000 15.885447 1990.524216 -0.057571 27.272694 -0.001627 
87 15.749661 0.000000 1.281038 1984.610535 0.000000 -16.600209 0.004433 
88 12.652571 0.000000 1.281038 1989.739551 0.026100 -22.865992 -0.000782 
89 15.749661 0.000000 -1.639843 1988.568966 -0.025475 15.512233 0.000466 
90 18.846751 0.000000 1.281038 1985.308970 -0.000000 -6.947052 0.003789 
91 15.749661 0.000000 4.201920 1987.597017 0.000000 -2.296355 0.001503 
92 161.312891 0.000000 50.936029 1988.823420 0.000560 33.614209 -0.000014 
93 161.312891 0.000000 4.201920 1989.376688 0.028911 1.211938 -0.000285 
94 210.866331 0.000000 50.936029 1988.816521 0.000588 33.584462 -0.000007 
95 161.312891 0.000000 97.670139 1988.815179 0.000074 34.411500 -0.000020 
96 86.982731 0.000000 27.568975 1988.899585 0.002901 31.406842 -0.000054 
97 86.982731 0.000000 4.201920 1989.300376 -0.040742 5.898935 -0.000217 
98 111.759451 0.000000 27.568975 1988.872406 -0.001684 31.348668 -0.000026 
99 86.982731 0.000000 50.936029 1988.875456 0.002775 33.645887 -0.000067 
100 49.817651 0.000000 15.885447 1989.093552 0.007987 27.071978 -0.000185 
101 49.817651 0.000000 4.201920 1989.304211 0.022531 7.884455 -0.000228 
102 62.206011 0.000000 15.885447 1989.019301 0.008207 26.969572 -0.000109 
103 49.817651 0.000000 27.568975 1989.066988 0.002522 31.479143 -0.000224 
104 31.235111 0.000000 10.043684 1989.733057 0.005675 21.267357 -0.000758 
105 31.235111 0.000000 4.201920 1989.609994 0.016977 7.965446 -0.000536 
106 37.429291 0.000000 10.043684 1989.384726 0.012360 21.278173 -0.000407 
107 31.235111 0.000000 15.885447 1989.602861 0.005669 27.083964 -0.000698 
108 161.312891 0.000000 -42.532189 1988.798284 -0.000752 33.491987 0.000013 
109 161.312891 0.000000 -89.266298 1988.775845 -0.000106 34.393485 0.000020 
110 210.866331 0.000000 -42.532189 1988.804566 -0.000719 33.542015 0.000006 
111 86.982731 0.000000 -19.165134 1988.829151 -0.006461 30.010212 0.000038 
112 86.982731 0.000000 -42.532189 1988.746180 0.003710 33.394712 0.000067 
113 111.759451 0.000000 -19.165134 1988.849604 -0.001721 30.186219 0.000015 
114 49.817651 0.000000 -7.481607 1988.925446 -0.013620 21.172271 0.000056 
115 49.817651 0.000000 -19.165134 1988.668014 -0.004865 29.661502 0.000205 
116 62.206011 0.000000 -7.481607 1988.961517 -0.016922 21.577244 0.000015 
117 31.235111 0.000000 -1.639843 1988.774054 -0.036290 14.934026 0.000265 
118 31.235111 0.000000 -7.481607 1988.315248 -0.013174 20.026243 0.000681 
119 37.429291 0.000000 -1.639843 1989.077365 -0.036530 14.708734 -0.000039 
120 28.138021 0.000000 7.122802 1989.886317 0.000000 17.483175 -0.000875 
121 25.040931 0.000000 7.122802 1989.968858 0.000000 15.973536 -0.000945 
122 28.138021 0.000000 4.201920 1989.815526 0.007897 7.842267 -0.000742 
123 31.235111 0.000000 7.122802 1989.668154 0.015988 16.038797 -0.000643 
124 28.138021 0.000000 10.043684 1989.849471 0.000000 18.814982 -0.000850 
125 21.943841 0.000000 7.122802 1989.934150 0.000000 15.591250 -0.000907 
126 18.846751 0.000000 7.122802 1989.587240 0.000000 11.561749 -0.000530 
127 21.943841 0.000000 4.201920 1989.435066 -0.000000 7.600493 -0.000358 
128 21.943841 0.000000 10.043684 1990.055161 0.000000 18.851611 -0.001057 
129 62.206011 0.000000 144.404248 1988.842527 0.000016 34.603920 -0.000050 
130 12.652571 0.000000 144.404248 1988.855117 0.000011 34.641239 -0.000064 
131 111.759451 0.000000 144.404248 1988.824697 0.000019 34.584822 -0.000032 
132 62.206011 0.000000 191.138357 1988.823083 0.000006 34.656403 -0.000032 
133 37.429291 0.000000 74.303084 1988.971160 0.003196 34.292885 -0.000174 
134 12.652571 0.000000 74.303084 1989.023589 0.002836 34.415501 -0.000229 
135 62.206011 0.000000 74.303084 1988.908971 -0.011223 34.231776 -0.000111 
136 37.429291 0.000000 97.670139 1988.907991 0.000051 34.486618 -0.000114 
137 25.040931 0.000000 39.252502 1989.424641 0.011925 33.171790 -0.000611 
138 12.652571 0.000000 39.252502 1989.615726 -0.016825 33.498701 -0.000809 
139 37.429291 0.000000 39.252502 1989.161769 -0.007061 33.068958 -0.000345 
140 25.040931 0.000000 50.936029 1989.228803 0.000529 33.815234 -0.000425 
141 31.235111 0.000000 21.727211 1989.537218 0.002163 29.959277 -0.000673 
142 25.040931 0.000000 21.727211 1989.777959 0.001579 30.107894 -0.000918 
143 37.429291 0.000000 21.727211 1989.338519 0.002627 29.884136 -0.000472 
144 31.235111 0.000000 27.568975 1989.464988 0.000580 31.516594 -0.000625 
145 28.138021 0.000000 12.964566 1989.854197 -0.001437 24.743992 -0.000920 
146 25.040931 0.000000 12.964566 1990.008427 -0.005720 24.839596 -0.001076 
147 31.235111 0.000000 12.964566 1989.630390 -0.007128 24.753149 -0.000695 
148 28.138021 0.000000 15.885447 1989.785035 -0.004387 27.098758 -0.000881 
149 26.589476 0.000000 8.583243 1989.919680 0.000000 18.312108 -0.000916 
150 25.040931 0.000000 8.583243 1989.996883 0.000000 18.437224 -0.000995 
151 26.589476 0.000000 7.122802 1989.935950 -0.000000 16.104761 -0.000913 
152 28.138021 0.000000 8.583243 1989.837545 0.000000 18.707187 -0.000837 
153 26.589476 0.000000 10.043684 1989.921402 0.000000 18.871203 -0.000923 
154 43.623471 0.000000 10.043684 1989.225067 0.012162 21.244223 -0.000246 
155 43.623471 0.000000 4.201920 1989.306371 0.021051 8.111032 -0.000231 
156 49.817651 0.000000 10.043684 1989.158044 0.009036 21.186227 -0.000178 
157 43.623471 0.000000 15.885447 1989.204589 0.006598 27.028056 -0.000296 
158 34.332201 0.000000 7.122802 1989.522757 0.021154 16.061162 -0.000497 
159 34.332201 0.000000 4.201920 1989.445640 0.020230 8.131412 -0.000371 
160 37.429291 0.000000 7.122802 1989.420259 0.021521 16.043177 -0.000394 
161 34.332201 0.000000 10.043684 1989.560788 0.012130 21.234250 -0.000584 
162 29.686566 0.000000 8.583243 1989.823672 0.000000 18.823756 -0.000824 
163 29.686566 0.000000 7.122802 1989.764336 0.014675 16.027547 -0.000740 
164 31.235111 0.000000 8.583243 1989.686052 0.009211 18.919917 -0.000686 
165 29.686566 0.000000 10.043684 1989.772064 0.004225 21.267298 -0.000797 
166 18.846751 0.000000 21.727211 1990.207004 -0.024933 30.298497 -0.001352 
167 12.652571 0.000000 21.727211 1990.766461 -0.010451 30.736069 -0.001922 
168 18.846751 0.000000 27.568975 1989.877806 -0.007107 31.910490 -0.001046 
169 21.943841 0.000000 12.964566 1990.281572 -0.042110 24.789007 -0.001350 
170 18.846751 0.000000 12.964566 1990.564384 -0.053105 24.829623 -0.001635 
171 21.943841 0.000000 15.885447 1990.186147 -0.038093 27.218331 -0.001286 
172 26.589476 0.000000 11.504125 1989.938825 -0.001634 23.284298 -0.000987 
173 25.040931 0.000000 11.504125 1990.038186 -0.023211 23.247352 -0.001087 
174 28.138021 0.000000 11.504125 1989.886038 0.000510 23.199524 -0.000933 
175 26.589476 0.000000 12.964566 1989.898343 -0.003463 24.835131 -0.000965 
176 27.363748 0.000000 9.313463 1989.889726 0.000000 19.909683 -0.000901 
177 26.589476 0.000000 9.313463 1989.926364 -0.000000 19.995709 -0.000939 
178 27.363748 0.000000 8.583243 1989.876442 0.000000 18.586442 -0.000875 
179 28.138021 0.000000 9.313463 1989.833373 0.000000 20.067386 -0.000846 
180 27.363748 0.000000 10.043684 1989.872715 -0.000000 18.828414 -0.000873 
181 34.332201 0.000000 12.964566 1989.500642 0.008952 24.715455 -0.000564 
182 37.429291 0.000000 12.964566 1989.378885 0.008922 24.700169 -0.000441 
183 34.332201 0.000000 15.885447 1989.472277 0.006111 27.068508 -0.000566 
184 29.686566 0.000000 11.504125 1989.803703 0.002328 23.167013 -0.000850 
185 31.235111 0.000000 11.504125 1989.707074 -0.004405 23.165843 -0.000753 
186 29.686566 0.000000 12.964566 1989.745228 0.000219 24.728563 -0.000810 
187 28.912293 0.000000 9.313463 1989.803931 0.000000 19.633793 -0.000812 
188 28.912293 0.000000 8.583243 1989.833853 0.000000 18.812723 -0.000834 
189 29.686566 0.000000 9.313463 1989.820840 0.000000 18.817586 -0.000821 
190 28.912293 0.000000 10.043684 1989.824024 0.000000 18.824772 -0.000824 
191 27.363748 0.000000 10.773904 1989.901899 0.000227 22.384903 -0.000940 
192 26.589476 0.000000 10.773904 1989.954778 -0.001068 22.368013 -0.000993 
193 28.138021 0.000000 10.773904 1989.899861 0.001449 22.290909 -0.000937 
194 27.363748 0.000000 11.504125 1989.883180 -0.000518 23.297162 -0.000931 
195 27.750884 0.000000 9.678574 1989.851538 0.000000 20.350321 -0.000867 
196 27.363748 0.000000 9.678574 1989.865065 -0.000000 20.376790 -0.000881 
197 27.750884 0.000000 9.313463 1989.861462 0.000000 20.128403 -0.000875 
198 28.138021 0.000000 9.678574 1989.846312 0.000000 20.108693 -0.000859 
199 27.750884 0.000000 10.043684 1989.858909 0.000000 18.823674 -0.000859 
200 23.492386 0.000000 8.583243 1990.046538 0.000000 18.656818 -0.001047 
201 21.943841 0.000000 8.583243 1989.992466 0.000000 17.045385 -0.000978 
202 23.492386 0.000000 7.122802 1989.964379 0.000000 16.138825 -0.000942 
203 23.492386 0.000000 10.043684 1990.042444 0.000000 18.854363 -0.001044 
204 25.815203 0.000000 9.313463 1989.970521 -0.000000 19.989283 -0.000983 
205 25.040931 0.000000 9.313463 1990.002586 -0.000000 20.086003 -0.001016 
206 25.815203 0.000000 8.583243 1989.965018 0.000000 18.433786 -0.000962 
207 25.815203 0.000000 10.043684 1989.974370 -0.000000 18.901988 -0.000976 
208 26.976612 0.000000 9.678574 1989.885190 0.000000 20.340387 -0.000901 
209 26.589476 0.000000 9.678574 1989.899609 -0.000000 20.299110 -0.000915 
210 26.976612 0.000000 9.313463 1989.892050 0.000000 19.989800 -0.000904 
211 26.976612 0.000000 10.043684 1989.900431 -0.000000 18.843549 -0.000901 
212 28.138021 0.000000 1.281038 1989.484481 0.007140 -3.430710 -0.000396 
213 25.040931 0.000000 1.281038 1989.667057 0.000000 1.809206 -0.000578 
214 28.138021 0.000000 -1.639843 1988.673344 -0.034748 14.765354 0.000367 
215 31.235111 0.000000 1.281038 1989.306009 0.010415 -2.743145 -0.000216 
216 26.589476 0.000000 5.662361 1989.918588 0.000000 13.024456 -0.000873 
217 25.040931 0.000000 5.662361 1989.926274 0.000000 12.128229 -0.000875 
218 26.589476 0.000000 4.201920 1989.919587 0.000000 10.012863 -0.000856 
219 28.138021 0.000000 5.662361 1989.916674 0.000000 15.150375 -0.000886 
220 27.363748 0.000000 7.853022 1989.892525 -0.000000 17.585845 -0.000882 
221 26.589476 0.000000 7.853022 1989.920995 0.000000 17.428430 -0.000909 
222 27.363748 0.000000 7.122802 1989.915920 0.000000 16.406849 -0.000895 
223 28.138021 0.000000 7.853022 1989.871206 0.000000 18.056630 -0.000865 
224 27.750884 0.000000 8.948353 1989.858219 0.000000 18.821915 -0.000859 
225 27.363748 0.000000 8.948353 1989.880850 0.000000 18.919005 -0.000882 
226 27.750884 0.000000 8.583243 1989.856897 -0.000000 18.670127 -0.000856 
227 28.138021 0.000000 8.948353 1989.844802 0.000000 18.820678 -0.000845 
228 27.557316 0.000000 9.496019 1989.863533 -0.000000 20.447532 -0.000880 
229 27.363748 0.000000 9.496019 1989.873630 -0.000000 20.385065 -0.000890 
230 27.557316 0.000000 9.313463 1989.871632 -0.000000 20.125850 -0.000885 
231 27.750884 0.000000 9.496019 1989.855265 0.000000 20.477866 -0.000872 
232 27.557316 0.000000 9.678574 1989.859065 0.000000 20.347575 -0.000875 
233 26.976612 0.000000 8.948353 1989.894093 0.000000 19.097017 -0.000897 
234 26.589476 0.000000 8.948353 1989.919414 -0.000000 19.177337 -0.000924 
235 26.976612 0.000000 8.583243 1989.906999 0.000000 18.613905 -0.000906 
236 27.170180 0.000000 9.496019 1989.880818 -0.000000 20.367922 -0.000897 
237 26.976612 0.000000 9.496019 1989.884683 0.000000 20.381087 -0.000901 
238 27.170180 0.000000 9.313463 1989.888052 0.000000 20.031944 -0.000901 
239 27.170180 0.000000 9.678574 1989.877278 -0.000000 20.333287 -0.000893 
240 28.912293 0.000000 10.773904 1989.848464 0.002545 22.305341 -0.000885 
241 29.686566 0.000000 10.773904 1989.808941 0.003477 22.289064 -0.000845 
242 28.912293 0.000000 11.504125 1989.842369 0.001480 23.190046 -0.000889 
243 27.750884 0.000000 10.408794 1989.836840 0.001079 21.877690 -0.000869 
244 27.363748 0.000000 10.408794 1989.888860 0.000000 18.808598 -0.000889 
245 28.138021 0.000000 10.408794 1989.816820 0.001789 21.873253 -0.000848 
246 27.750884 0.000000 10.773904 1989.881683 0.000868 22.379205 -0.000919 
247 27.557316 0.000000 9.861129 1989.860387 0.000000 18.823804 -0.000861 
248 27.363748 0.000000 9.861129 1989.869577 0.000000 18.833487 -0.000870 
249 27.750884 0.000000 9.861129 1989.858527 0.000000 18.823187 -0.000859 
250 27.557316 0.000000 10.043684 1989.860452 0.000000 18.824241 -0.000861 
251 27.460532 0.000000 9.587296 1989.858101 -0.000000 20.505226 -0.000875 
252 27.363748 0.000000 9.587296 1989.864571 -0.000000 20.459054 -0.000881 
253 27.460532 0.000000 9.496019 1989.868466 -0.000000 20.434487 -0.000885 
254 27.557316 0.000000 9.587296 1989.855802 0.000000 20.516884 -0.000873 
255 27.460532 0.000000 9.678574 1989.861289 0.000000 20.389704 -0.000877 
256 23.492386 0.000000 11.504125 1990.152719 -0.018635 23.206099 -0.001202 
257 21.943841 0.000000 11.504125 1990.254564 -0.040906 23.190517 -0.001304 
258 23.492386 0.000000 12.964566 1990.152432 -0.035276 24.794265 -0.001221 
259 25.815203 0.000000 10.773904 1990.014720 -0.019663 22.341470 -0.001053 
260 25.040931 0.000000 10.773904 1990.067104 -0.025525 22.317653 -0.001105 
261 25.815203 0.000000 11.504125 1989.972228 -0.002839 23.277105 -0.001021 
262 26.976612 0.000000 10.408794 1989.909771 0.000000 18.864503 -0.000911 
263 26.589476 0.000000 10.408794 1989.934263 -0.000000 18.905004 -0.000936 
264 26.976612 0.000000 10.773904 1989.935531 -0.000387 22.362584 -0.000973 
265 27.170180 0.000000 9.861129 1989.876713 0.000000 18.837852 -0.000877 
266 26.976612 0.000000 9.861129 1989.899992 -0.000000 18.853690 -0.000901 
267 27.170180 0.000000 10.043684 1989.890342 -0.000000 18.842056 -0.000891 
268 27.266964 0.000000 9.587296 1989.870173 -0.000000 20.461837 -0.000887 
269 27.170180 0.000000 9.587296 1989.878474 -0.000000 20.379182 -0.000895 
270 27.266964 0.000000 9.496019 1989.878226 -0.000000 20.420130 -0.000895 
271 27.266964 0.000000 9.678574 1989.871022 -0.000000 20.359777 -0.000887 
272 27.460532 0.000000 9.769851 1989.856481 0.000000 19.999552 -0.000869 
273 27.363748 0.000000 9.769851 1989.862680 -0.000000 19.858002 -0.000873 
274 27.557316 0.000000 9.769851 1989.855088 0.000000 20.117706 -0.000868 
275 27.460532 0.000000 9.861129 1989.868402 0.000000 18.832708 -0.000869 
276 27.412140 0.000000 9.632935 1989.862031 -0.000000 20.454522 -0.000879 
277 27.363748 0.000000 9.632935 1989.862821 -0.000000 20.453769 -0.000880 
278 27.412140 0.000000 9.587296 1989.861734 -0.000000 20.469482 -0.000879 
279 27.460532 0.000000 9.632935 1989.859256 0.000000 20.472283 -0.000876 
280 27.412140 0.000000 9.678574 1989.864605 -0.000000 20.389483 -0.000881 
281 21.943841 0.000000 1.281038 1988.541331 0.000000 -4.324357 0.000550 
282 21.943841 0.000000 -1.639843 1988.600736 -0.024160 15.456043 0.000435 
283 62.206011 0.000000 -136.000407 1988.736843 -0.000024 34.593471 0.000056 
284 12.652571 0.000000 -136.000407 1988.720538 -0.000015 34.634629 0.000072 
285 62.206011 0.000000 -182.734516 1988.757042 -0.000010 34.652768 0.000035 
286 111.759451 0.000000 -136.000407 1988.758279 -0.000029 34.575659 0.000035 
287 37.429291 0.000000 -65.899244 1988.582608 -0.002515 34.180803 0.000218 
288 12.652571 0.000000 -65.899244 1988.499514 0.006339 34.337451 0.000299 
289 37.429291 0.000000 -89.266298 1988.662115 -0.000067 34.448043 0.000134 
290 62.206011 0.000000 -65.899244 1988.676679 0.005165 34.131812 0.000125 
291 25.040931 0.000000 -30.848662 1988.053316 0.008892 32.390957 0.000780 
292 12.652571 0.000000 -30.848662 1987.769920 -0.003371 32.883926 0.001057 
293 25.040931 0.000000 -42.532189 1988.308643 0.025176 33.506202 0.000505 
294 37.429291 0.000000 -30.848662 1988.363147 0.013339 32.255879 0.000471 
295 18.846751 0.000000 -13.323371 1987.287686 0.059719 26.067239 0.001643 
296 12.652571 0.000000 -13.323371 1986.148128 0.113530 26.130869 0.002787 
297 18.846751 0.000000 -19.165134 1987.388322 0.015856 29.631311 0.001492 
298 25.040931 0.000000 -13.323371 1987.770188 0.003926 26.215203 0.001156 
299 21.943841 0.000000 -4.560725 1988.869910 -0.001125 15.027458 0.000168 
300 18.846751 0.000000 -4.560725 1990.779048 0.022437 12.634854 -0.001736 
301 21.943841 0.000000 -7.481607 1988.080019 0.016663 19.481470 0.000923 
302 25.040931 0.000000 -4.560725 1988.100123 -0.007383 15.411623 0.000938 
303 23.492386 0.000000 -0.179403 1988.949436 -0.004462 -2.651926 0.000143 
304 21.943841 0.000000 -0.179403 1988.161002 -0.005749 -1.992157 0.000936 
305 23.492386 0.000000 -1.639843 1988.626733 -0.023929 15.441675 0.000409 
306 25.040931 0.000000 -0.179403 1989.082071 0.091108 -3.830179 0.000008 
307 23.492386 0.000000 1.281038 1989.241510 -0.000000 -3.464352 -0.000152 
308 6.458391 0.000000 10.043684 1994.864192 -0.266452 22.908155 -0.005944 
309 0.264211 0.000000 10.043684 1996.703546 -0.181152 28.383185 -0.007870 
310 6.458391 0.000000 15.885447 1992.482279 -0.121704 29.184118 -0.003626 
311 9.555481 0.000000 1.281038 1994.698641 0.022434 -24.819334 -0.005800 
312 6.458391 0.000000 1.281038 1988.178602 -0.001500 -46.503447 0.000373 
313 9.555481 0.000000 -1.639843 1982.561745 -0.025150 -20.945073 0.006446 
314 9.555481 0.000000 4.201920 1994.880690 0.017766 1.229901 -0.005828 
315 15.749661 0.000000 -4.560725 1990.274351 0.068353 7.189551 -0.001201 
316 12.652571 0.000000 -4.560725 1986.540566 -0.021637 4.652915 0.002560 
317 15.749661 0.000000 -7.481607 1987.665079 0.092093 17.109506 0.001362 
318 14.201116 0.000000 -0.179403 1985.171627 -0.000000 -33.935916 0.003648 
319 12.652571 0.000000 -0.179403 1987.934304 -0.002766 -46.405393 0.000621 
320 14.201116 0.000000 -1.639843 1989.515459 -0.029349 -21.769293 -0.000544 
321 15.749661 0.000000 -0.179403 1982.644821 -0.009807 -12.520702 0.006434 
322 14.201116 0.000000 1.281038 1986.896195 0.000000 -22.042705 0.002085 
323 -36.900870 0.000000 -136.000407 1988.727952 -0.000007 34.682497 0.000063 
324 -86.454310 0.000000 -136.000407 1988.749194 -0.000003 34.710094 0.000042 
325 -36.900870 0.000000 -182.734516 1988.753829 -0.000004 34.691852 0.000037 
326 161.312891 0.000000 -136.000407 1988.772757 -0.000032 34.571952 0.000020 
327 161.312891 0.000000 -182.734516 1988.774416 -0.000014 34.636507 0.000017 
328 210.866331 0.000000 -136.000407 1988.780890 -0.000033 34.573115 0.000012 
329 -36.900870 0.000000 144.404248 1988.848490 0.000006 34.683067 -0.000058 
330 -86.454310 0.000000 144.404248 1988.830168 0.000002 34.708402 -0.000040 
331 -36.900870 0.000000 191.138357 1988.825222 0.000003 34.692313 -0.000035 
332 -12.124149 0.000000 -65.899244 1988.510199 -0.002378 34.551379 0.000285 
333 -36.900870 0.000000 -65.899244 1988.606050 -0.000016 34.683665 0.000186 
334 -12.124149 0.000000 -89.266298 1988.636848 -0.000025 34.606585 0.000156 
335 161.312891 0.000000 144.404248 1988.811882 0.000020 34.577787 -0.000019 
336 210.866331 0.000000 144.404248 1988.804347 0.000021 34.575365 -0.000012 
337 161.312891 0.000000 191.138357 1988.808114 0.000008 34.638973 -0.000016 
338 86.982731 0.000000 -65.899244 1988.729378 0.010026 34.126187 0.000072 
339 86.982731 0.000000 -89.266298 1988.731023 -0.000109 34.388583 0.000065 
340 111.759451 0.000000 -65.899244 1988.757269 -0.000252 34.129350 0.000044 
341 -12.124149 0.000000 74.303084 1989.014973 -0.010842 34.567671 -0.000223 
342 -36.900870 0.000000 74.303084 1988.954263 0.000020 34.674421 -0.000164 
343 -12.124149 0.000000 97.670139 1988.924543 0.000023 34.616392 -0.000133 
344 0.264211 0.000000 -30.848662 1987.610245 0.012352 33.683942 0.001204 
345 -12.124149 0.000000 -30.848662 1987.849899 0.001518 34.411756 0.000951 
346 0.264211 0.000000 -42.532189 1988.058968 -0.029520 34.091879 0.000746 
347 86.982731 0.000000 74.303084 1988.865803 0.000165 34.208528 -0.000067 
348 111.759451 0.000000 74.303084 1988.841164 0.000170 34.198759 -0.000042 
349 86.982731 0.000000 97.670139 1988.854974 0.000068 34.426756 -0.000060 
350 49.817651 0.000000 -30.848662 1988.577342 -0.001728 32.293920 0.000255 
351 49.817651 0.000000 -42.532189 1988.573614 0.006890 33.340657 0.000242 
352 62.206011 0.000000 -30.848662 1988.677624 0.009218 32.324017 0.000154 
353 0.264211 0.000000 39.252502 1989.687219 -0.000846 33.974243 -0.000889 
354 -12.124149 0.000000 39.252502 1989.537504 0.024575 34.423586 -0.000746 
355 0.264211 0.000000 50.936029 1989.334700 0.000184 34.251772 -0.000539 
356 6.458391 0.000000 -13.323371 1984.584768 0.160709 27.666517 0.004335 
357 0.264211 0.000000 -13.323371 1983.844539 0.129783 30.793381 0.005031 
358 6.458391 0.000000 -19.165134 1986.145110 0.090947 31.015128 0.002719 
359 49.817651 0.000000 39.252502 1989.058033 -0.007129 32.988787 -0.000239 
360 62.206011 0.000000 39.252502 1988.974524 0.004837 32.971650 -0.000155 
361 49.817651 0.000000 50.936029 1989.023881 0.000624 33.671241 -0.000217 
362 31.235111 0.000000 -13.323371 1988.113954 -0.009202 26.195828 0.000811 
363 31.235111 0.000000 -19.165134 1988.145434 -0.004610 29.456401 0.000734 
364 37.429291 0.000000 -13.323371 1988.463407 -0.009743 26.310887 0.000458 
365 6.458391 0.000000 21.727211 1991.182612 -0.067596 31.633603 -0.002355 
366 0.264211 0.000000 21.727211 1991.301886 -0.038024 32.782915 -0.002493 
367 6.458391 0.000000 27.568975 1990.278563 -0.020544 32.770522 -0.001463 
368 9.555481 0.000000 -4.560725 1983.109178 -0.017208 4.566849 0.006003 
369 6.458391 0.000000 -4.560725 1979.328870 -0.013198 5.881035 0.009785 
370 9.555481 0.000000 -7.481607 1983.808985 -0.010609 16.584077 0.005237 
371 15.749661 0.000000 7.122802 1990.723864 -0.099681 14.606502 -0.001694 
372 12.652571 0.000000 7.122802 1992.229638 0.012656 14.108038 -0.003206 
373 15.749661 0.000000 10.043684 1991.112658 -0.097104 20.954341 -0.002142 
374 15.749661 0.000000 12.964566 1991.075860 -0.084816 24.872818 -0.002151 
375 12.652571 0.000000 12.964566 1991.785534 -0.123393 25.136987 -0.002868 
376 15.749661 0.000000 15.885447 1990.901259 -0.084439 27.464705 -0.002009 
377 43.623471 0.000000 21.727211 1989.206667 -0.005264 29.859026 -0.000339 
378 49.817651 0.000000 21.727211 1989.078655 0.004355 29.920193 -0.000211 
379 43.623471 0.000000 27.568975 1989.144133 0.002443 31.492574 -0.000302 
380 43.623471 0.000000 -1.639843 1989.317712 -0.036300 14.933079 -0.000282 
381 43.623471 0.000000 -7.481607 1988.902127 -0.018173 20.859686 0.000082 
382 49.817651 0.000000 -1.639843 1989.119544 -0.033719 15.014484 -0.000083 
383 28.138021 0.000000 -4.560725 1988.268505 -0.022420 15.802495 0.000766 
384 28.138021 0.000000 -7.481607 1988.080761 -0.011459 19.951144 0.000917 
385 31.235111 0.000000 -4.560725 1988.548204 -0.022480 16.120462 0.000482 
386 34.332201 0.000000 1.281038 1989.227506 0.010883 -2.190354 -0.000136 
387 34.332201 0.000000 -1.639843 1988.877493 -0.033847 14.912011 0.000161 
388 37.429291 0.000000 1.281038 1989.274206 0.011625 -1.876276 -0.000183 
389 29.686566 0.000000 5.662361 1989.728769 0.018200 12.484638 -0.000678 
390 29.686566 0.000000 4.201920 1989.702071 0.016182 7.954599 -0.000628 
391 31.235111 0.000000 5.662361 1989.653041 0.019252 12.424548 -0.000602 
392 23.492386 0.000000 5.662361 1989.868110 0.000000 12.430735 -0.000818 
393 21.943841 0.000000 5.662361 1989.727026 0.000000 12.282759 -0.000675 
394 23.492386 0.000000 4.201920 1989.718091 -0.000000 7.321095 -0.000642 
395 25.815203 0.000000 7.853022 1989.955117 -0.000000 17.426237 -0.000943 
396 25.040931 0.000000 7.853022 1989.985437 0.000000 17.527077 -0.000975 
397 25.815203 0.000000 7.122802 1989.949682 0.000000 15.819067 -0.000924 
398 28.912293 0.000000 7.853022 1989.850185 0.000000 18.378637 -0.000846 
399 28.912293 0.000000 7.122802 1989.864575 0.000000 17.685009 -0.000855 
400 29.686566 0.000000 7.853022 1989.820837 0.000000 18.817565 -0.000821 
401 27.266964 0.000000 9.769851 1989.871240 0.000000 19.797428 -0.000881 
402 27.170180 0.000000 9.769851 1989.877617 0.000000 20.200795 -0.000892 
403 27.266964 0.000000 9.861129 1989.870762 0.000000 18.834351 -0.000871 
404 23.492386 0.000000 2.741479 1989.530896 0.000000 2.674360 -0.000442 
405 21.943841 0.000000 2.741479 1989.053165 -0.000000 2.038852 0.000039 
406 25.040931 0.000000 2.741479 1989.743325 0.000000 4.229425 -0.000658 
407 9.555481 0.000000 7.122802 1994.335543 0.011623 14.444948 -0.005331 
408 6.458391 0.000000 7.122802 1996.890253 0.009098 15.891323 -0.007919 
409 9.555481 0.000000 10.043684 1993.366149 -0.225488 21.595964 -0.004419 
410 9.555481 0.000000 12.964566 1992.658572 -0.155823 25.727715 -0.003755 
411 6.458391 0.000000 12.964566 1993.441273 -0.173384 26.907028 -0.004559 
412 9.555481 0.000000 15.885447 1991.975210 -0.113207 28.358529 -0.003103 
413 43.623471 0.000000 -13.323371 1988.654956 -0.009487 26.448389 0.000264 
414 43.623471 0.000000 -19.165134 1988.543126 -0.005173 29.526603 0.000333 
415 49.817651 0.000000 -13.323371 1988.750773 -0.009074 26.625515 0.000165 
416 34.332201 0.000000 -4.560725 1988.768871 -0.025613 16.411836 0.000258 
417 34.332201 0.000000 -7.481607 1988.554419 -0.018021 20.262293 0.000438 
418 37.429291 0.000000 -4.560725 1988.937476 -0.025521 16.623123 0.000087 
419 26.589476 0.000000 2.741479 1989.814875 0.010363 2.159004 -0.000727 
420 26.589476 0.000000 1.281038 1989.581803 0.008620 -3.850206 -0.000495 
421 28.138021 0.000000 2.741479 1989.720474 0.008845 2.376166 -0.000632 
422 26.589476 0.000000 -0.179403 1989.047160 0.093067 -3.107219 0.000044 
423 26.589476 0.000000 -1.639843 1988.604753 -0.034564 14.500414 0.000438 
424 28.138021 0.000000 -0.179403 1988.992040 0.093115 -2.389639 0.000100 
425 29.686566 0.000000 2.741479 1989.603134 0.014529 2.592763 -0.000514 
426 29.686566 0.000000 1.281038 1989.381192 0.010189 -3.015625 -0.000292 
427 31.235111 0.000000 2.741479 1989.510439 0.014992 2.692497 -0.000421 
1 1 12 10 11 
2 11 10 14 6 
3 6 14 19 20 
4 20 19 22 4 
5 10 25 23 24 
6 24 23 27 14 
7 14 27 35 36 
8 36 35 38 19 
9 23 41 39 40 
10 40 39 43 27 
11 27 43 51 52 
12 52 51 54 35 
13 39 57 55 56 
14 56 55 59 43 
15 43 59 76 77 
16 77 76 78 51 
17 55 81 79 80 
18 80 79 82 59 
19 89 71 90 87 
20 87 90 75 91 
21 88 87 91 5 
22 18 93 92 45 
23 93 8 94 92 
24 92 94 29 95 
25 45 92 95 28 
26 34 97 96 61 
27 97 18 98 96 
28 96 98 45 99 
29 61 96 99 44 
30 101 34 102 100 
31 100 102 61 103 
32 15 109 108 33 
33 109 17 110 108 
34 108 110 8 93 
35 33 108 93 18 
36 31 112 111 49 
37 112 33 113 111 
38 111 113 18 97 
39 49 111 97 34 
40 115 49 116 114 
41 114 116 34 101 
42 75 127 125 126 
43 126 125 128 83 
44 21 46 129 130 
45 46 28 131 129 
46 129 131 30 132 
47 130 129 132 9 
48 37 62 133 134 
49 62 44 135 133 
50 133 135 46 136 
51 134 133 136 21 
52 53 70 137 138 
53 70 60 139 137 
54 137 139 62 140 
55 138 137 140 37 
56 67 107 141 142 
57 107 69 143 141 
58 141 143 60 144 
59 142 141 144 70 
60 145 147 107 148 
61 146 145 148 67 
62 50 155 154 106 
63 155 101 156 154 
64 154 156 100 157 
65 106 154 157 69 
66 105 159 158 123 
67 159 50 160 158 
68 158 160 106 161 
69 123 158 161 104 
70 163 123 164 162 
71 162 164 104 165 
72 68 86 166 167 
73 86 67 142 166 
74 166 142 70 168 
75 167 166 168 53 
76 83 128 169 170 
77 169 146 67 171 
78 170 169 171 86 
79 172 174 145 175 
80 173 172 175 146 
81 104 161 181 147 
82 161 106 182 181 
83 181 182 69 183 
84 147 181 183 107 
85 165 104 185 184 
86 184 185 147 186 
87 174 184 186 145 
88 152 188 187 179 
89 188 162 189 187 
90 187 189 165 190 
91 179 187 190 124 
92 191 193 174 194 
93 192 191 194 172 
94 197 179 198 195 
95 195 198 124 199 
96 125 202 200 201 
97 202 121 150 200 
98 200 150 85 203 
99 201 200 203 128 
100 150 206 204 205 
101 206 149 177 204 
102 204 177 153 207 
103 205 204 207 85 
104 177 210 208 209 
105 209 208 211 153 
106 214 117 215 212 
107 66 218 216 217 
108 218 122 219 216 
109 216 219 120 151 
110 217 216 151 121 
111 151 222 220 221 
112 222 120 223 220 
113 220 223 152 178 
114 221 220 178 149 
115 178 226 224 225 
116 226 152 227 224 
117 224 227 179 197 
118 225 224 197 176 
119 176 230 228 229 
120 230 197 231 228 
121 228 231 195 232 
122 149 235 233 234 
123 235 178 225 233 
124 233 225 176 210 
125 234 233 210 177 
126 210 238 236 237 
127 238 176 229 236 
128 237 236 239 208 
129 124 190 240 193 
130 190 165 241 240 
131 240 241 184 242 
132 193 240 242 174 
133 180 199 243 244 
134 199 124 245 243 
135 243 245 193 246 
136 244 243 246 191 
137 232 195 249 247 
138 247 249 199 250 
139 248 247 250 180 
140 229 253 251 252 
141 253 228 254 251 
142 251 254 232 255 
143 128 203 256 257 
144 203 85 173 256 
145 256 173 146 258 
146 257 256 258 169 
147 85 207 259 260 
148 207 153 192 259 
149 259 192 172 261 
150 260 259 261 173 
151 153 211 262 263 
152 211 180 244 262 
153 262 244 191 264 
154 263 262 264 192 
155 208 239 265 266 
156 265 248 180 267 
157 266 265 267 211 
158 236 270 268 269 
159 270 229 252 268 
160 268 252 196 271 
161 269 268 271 239 
162 196 255 272 273 
163 255 232 274 272 
164 272 274 247 275 
165 273 272 275 248 
166 252 278 276 277 
167 278 251 279 276 
168 276 279 255 280 
169 277 276 280 196 
170 71 282 281 90 
171 90 281 127 75 
172 7 285 283 284 
173 285 16 286 283 
174 283 286 15 32 
175 284 283 32 13 
176 13 289 287 288 
177 289 32 290 287 
178 287 290 31 48 
179 288 287 48 26 
180 26 293 291 292 
181 293 48 294 291 
182 291 294 47 64 
183 292 291 64 42 
184 42 297 295 296 
185 297 64 298 295 
186 295 298 63 73 
187 296 295 73 58 
188 73 301 299 300 
189 301 63 302 299 
190 299 302 74 282 
191 300 299 282 71 
192 282 305 303 304 
193 305 74 306 303 
194 303 306 213 307 
195 304 303 307 281 
196 59 82 308 309 
197 309 308 310 76 
198 79 313 311 312 
199 313 72 88 311 
200 311 88 5 314 
201 312 311 314 82 
202 58 317 315 316 
203 317 73 300 315 
204 315 300 71 89 
205 316 315 89 72 
206 72 320 318 319 
207 320 89 321 318 
208 318 321 87 322 
209 319 318 322 88 
210 12 325 323 324 
211 325 7 284 323 
212 323 284 13 25 
213 324 323 25 10 
214 16 327 326 286 
215 327 2 328 326 
216 326 328 17 109 
217 286 326 109 15 
218 19 38 329 330 
219 38 21 130 329 
220 329 130 9 331 
221 330 329 331 22 
222 25 334 332 333 
223 334 13 288 332 
224 332 288 26 41 
225 333 332 41 23 
226 28 95 335 131 
227 95 29 336 335 
228 335 336 3 337 
229 131 335 337 30 
230 32 339 338 290 
231 339 15 340 338 
232 338 340 33 112 
233 290 338 112 31 
234 35 54 341 342 
235 54 37 134 341 
236 341 134 21 343 
237 342 341 343 38 
238 41 346 344 345 
239 346 26 292 344 
240 344 292 42 57 
241 345 344 57 39 
242 44 99 347 135 
243 99 45 348 347 
244 347 348 28 349 
245 135 347 349 46 
246 48 351 350 294 
247 351 31 352 350 
248 350 352 49 115 
249 294 350 115 47 
250 51 78 353 354 
251 78 53 138 353 
252 353 138 37 355 
253 354 353 355 54 
254 57 358 356 357 
255 358 42 296 356 
256 356 296 58 81 
257 357 356 81 55 
258 60 103 359 139 
259 103 61 360 359 
260 359 360 44 361 
261 139 359 361 62 
262 64 363 362 298 
263 363 47 364 362 
264 362 364 65 118 
265 298 362 118 63 
266 76 310 365 366 
267 310 68 167 365 
268 365 167 53 367 
269 366 365 367 78 
270 81 370 368 369 
271 370 58 316 368 
272 368 316 72 313 
273 369 368 313 79 
274 5 91 371 372 
275 91 75 126 371 
276 371 126 83 373 
277 372 371 373 84 
278 84 373 374 375 
279 373 83 170 374 
280 374 170 86 376 
281 375 374 376 68 
282 69 157 377 143 
283 157 100 378 377 
284 377 378 103 379 
285 143 377 379 60 
286 65 381 380 119 
287 381 114 382 380 
288 380 382 101 155 
289 119 380 155 50 
290 63 384 383 302 
291 384 118 385 383 
292 383 385 117 214 
293 302 383 214 74 
294 117 387 386 215 
295 387 119 388 386 
296 386 388 50 159 
297 215 386 159 105 
298 122 390 389 219 
299 390 105 391 389 
300 389 391 123 163 
301 219 389 163 120 
302 127 394 392 393 
303 394 66 217 392 
304 392 217 121 202 
305 393 392 202 125 
306 121 397 395 396 
307 397 151 221 395 
308 395 221 149 206 
309 396 395 206 150 
310 120 399 398 223 
311 399 163 400 398 
312 398 400 162 188 
313 223 398 188 152 
314 239 271 401 402 
315 271 196 273 401 
316 401 273 248 403 
317 402 401 403 265 
318 281 307 404 405 
319 307 213 406 404 
320 404 406 66 394 
321 405 404 394 127 
322 82 314 407 408 
323 314 5 372 407 
324 407 372 84 409 
325 408 407 409 308 
326 308 409 410 411 
327 409 84 375 410 
328 410 375 68 412 
329 411 410 412 310 
330 47 414 413 364 
331 414 115 415 413 
332 413 415 114 381 
333 364 413 381 65 
334 118 417 416 385 
335 417 65 418 416 
336 416 418 119 387 
337 385 416 387 117 
338 213 420 419 406 
339 420 212 421 419 
340 419 421 122 218 
341 406 419 218 66 
342 74 423 422 306 
343 423 214 424 422 
344 422 424 212 420 
345 306 422 420 213 
346 212 426 425 421 
347 426 215 427 425 
348 425 427 105 390 
349 421 425 390 122 
