2 0.000000 1989.093400 115197.572811
427 349 
1 -185.561190 0.000000 -182.734516 1988.777258 -0.000001 34.717150 0.000013 
2 210.866331 0.000000 -182.734516 1988.780181 -0.000014 34.635409 0.000012 
3 210.866331 0.000000 191.138357 1988.802851 0.000008 34.636462 -0.000011 
4 -185.561190 0.000000 191.138357 1988.803752 0.000000 34.716498 -0.000013 
5 12.652571 0.000000 4.201920 1991.631783 0.020970 1.750521 -0.002555 
6 -185.561190 0.000000 4.201920 1988.791588 -0.000000 34.733117 -0.000001 
7 12.652571 0.000000 -182.734516 1988.751745 -0.000007 34.671545 0.000040 
8 210.866331 0.000000 4.201920 1989.428771 0.013868 -1.776094 -0.000338 
9 12.652571 0.000000 191.138357 1988.827263 0.000004 34.673856 -0.000036 
10 -86.454310 0.000000 -89.266298 1988.732767 -0.000004 34.724857 0.000058 
11 -185.561190 0.000000 -89.266298 1988.777671 -0.000001 34.726053 0.000013 
12 -86.454310 0.000000 -182.734516 1988.762113 -0.000002 34.706543 0.000029 
13 12.652571 0.000000 -89.266298 1988.634918 -0.000045 34.520958 0.000160 
14 -86.454310 0.000000 4.201920 1988.799369 0.000004 34.794810 -0.000010 
15 111.759451 0.000000 -89.266298 1988.752844 -0.000102 34.387958 0.000044 
16 111.759451 0.000000 -182.734516 1988.766304 -0.000012 34.641615 0.000026 
17 210.866331 0.000000 -89.266298 1988.785260 -0.000106 34.402795 0.000011 
18 111.759451 0.000000 4.201920 1989.322496 0.015146 4.411581 -0.000235 
19 -86.454310 0.000000 97.670139 1988.846994 0.000004 34.720065 -0.000057 
20 -185.561190 0.000000 97.670139 1988.804264 0.000000 34.724952 -0.000014 
21 12.652571 0.000000 97.670139 1988.926744 0.000037 34.547659 -0.000134 
22 -86.454310 0.000000 191.138357 1988.817801 0.000001 34.705936 -0.000027 
23 -36.900870 0.000000 -42.532189 1988.506898 0.000768 34.753010 0.000284 
24 -86.454310 0.000000 -42.532189 1988.734081 -0.000015 34.763752 0.000056 
25 -36.900870 0.000000 -89.266298 1988.668269 -0.000048 34.672671 0.000124 
26 12.652571 0.000000 -42.532189 1988.117583 -0.014342 33.740371 0.000693 
27 -36.900870 0.000000 4.201920 1988.894001 -0.000495 35.185183 -0.000112 
28 111.759451 0.000000 97.670139 1988.836161 0.000071 34.418348 -0.000041 
29 210.866331 0.000000 97.670139 1988.806062 0.000076 34.409195 -0.000010 
30 111.759451 0.000000 191.138357 1988.815240 0.000007 34.645132 -0.000024 
31 62.206011 0.000000 -42.532189 1988.651826 -0.004745 33.349768 0.000163 
32 62.206011 0.000000 -89.266298 1988.700776 -0.000085 34.408376 0.000095 
33 111.759451 0.000000 -42.532189 1988.776758 -0.000777 33.435008 0.000036 
34 62.206011 0.000000 4.201920 1989.292073 0.027834 7.322881 -0.000213 
35 -36.900870 0.000000 50.936029 1989.047051 -0.007796 34.714723 -0.000258 
36 -86.454310 0.000000 50.936029 1988.853601 0.000004 34.756037 -0.000064 
37 12.652571 0.000000 50.936029 1989.304176 0.000396 34.017025 -0.000504 
38 -36.900870 0.000000 97.670139 1988.900361 0.000044 34.671145 -0.000110 
39 -12.124149 0.000000 -19.165134 1987.097148 0.020532 34.597415 0.001704 
40 -36.900870 0.000000 -19.165134 1988.451449 0.001211 35.036382 0.000335 
41 -12.124149 0.000000 -42.532189 1988.117626 -0.000115 34.460340 0.000681 
42 12.652571 0.000000 -19.165134 1986.800131 0.077863 30.080419 0.002076 
43 -12.124149 0.000000 4.201920 1990.750412 -0.019474 37.458946 -0.002021 
44 62.206011 0.000000 50.936029 1988.949896 0.000662 33.662823 -0.000142 
45 111.759451 0.000000 50.936029 1988.845829 0.000552 33.638633 -0.000037 
46 62.206011 0.000000 97.670139 1988.879177 0.000099 34.447824 -0.000085 
47 37.429291 0.000000 -19.165134 1988.370875 -0.005068 29.442940 0.000507 
48 37.429291 0.000000 -42.532189 1988.435231 0.006957 33.379786 0.000380 
49 62.206011 0.000000 -19.165134 1988.754906 -0.004836 29.782151 0.000116 
50 37.429291 0.000000 4.201920 1989.374290 0.020768 8.179736 -0.000299 
51 -12.124149 0.000000 27.568975 1989.926940 -0.000486 34.408018 -0.001138 
52 -36.900870 0.000000 27.568975 1989.154237 -0.019423 34.905941 -0.000369 
53 12.652571 0.000000 27.568975 1990.112049 0.003178 32.280322 -0.001288 
54 -12.124149 0.000000 50.936029 1989.266584 -0.004754 34.479807 -0.000475 
55 0.264211 0.000000 -7.481607 1977.895226 -0.005060 25.765345 0.011060 
56 -12.124149 0.000000 -7.481607 1986.330688 0.034606 36.351010 0.002442 
57 0.264211 0.000000 -19.165134 1985.869203 0.076644 32.487318 0.002972 
58 12.652571 0.000000 -7.481607 1986.024486 0.174178 16.298644 0.003016 
59 0.264211 0.000000 4.201920 2009.537523 0.006213 13.600664 -0.020709 
60 37.429291 0.000000 27.568975 1989.301892 0.001026 31.474061 -0.000460 
61 62.206011 0.000000 27.568975 1988.985914 -0.008632 31.443708 -0.000142 
62 37.429291 0.000000 50.936029 1989.104728 -0.016837 33.717034 -0.000299 
63 25.040931 0.000000 -7.481607 1987.904610 0.000743 19.750825 0.001096 
64 25.040931 0.000000 -19.165134 1987.824635 0.020606 29.512430 0.001055 
65 37.429291 0.000000 -7.481607 1988.709127 -0.017976 20.440861 0.000281 
66 25.040931 0.000000 4.201920 1989.890537 0.000000 7.924542 -0.000818 
67 25.040931 0.000000 15.885447 1989.967592 -0.008239 27.160499 -0.001066 
68 12.652571 0.000000 15.885447 1991.393584 -0.096309 27.818308 -0.002510 
69 37.429291 0.000000 15.885447 1989.353986 0.006044 27.073933 -0.000447 
70 25.040931 0.000000 27.568975 1989.601602 -0.010485 31.720582 -0.000765 
71 18.846751 0.000000 -1.639843 1988.531362 -0.018793 15.493014 0.000504 
72 12.652571 0.000000 -1.639843 1987.118604 -0.028754 -20.686149 0.001876 
73 18.846751 0.000000 -7.481607 1988.303814 0.044200 18.588239 0.000706 
74 25.040931 0.000000 -1.639843 1988.652738 -0.024518 15.428090 0.000383 
75 18.846751 0.000000 4.201920 1988.764390 0.000000 5.814567 0.000322 
76 0.264211 0.000000 15.885447 1992.746137 -0.115381 31.538198 -0.003928 
77 -12.124149 0.000000 15.885447 1990.876446 -0.016120 34.848032 -0.002101 
78 0.264211 0.000000 27.568975 1990.334462 -0.012095 33.380406 -0.001530 
79 6.458391 0.000000 -1.639843 1988.177617 -0.001495 -46.503415 0.000374 
80 0.264211 0.000000 -1.639843 1958.262695 -0.005914 -12.101529 0.030722 
81 6.458391 0.000000 -7.481607 1981.449243 -0.008279 18.061128 0.007589 
82 6.458391 0.000000 4.201920 1998.878836 0.013532 2.235015 -0.009865 
83 18.846751 0.000000 10.043684 1990.513976 -0.059106 21.194548 -0.001542 
84 12.652571 0.000000 10.043684 1992.100630 -0.160121 20.997912 -0.003137 
85 25.040931 0.000000 10.043684 1990.023467 0.000000 18.892972 -0.001026 
86 18.846751 0.000000 15.885447 1990.524437 -0.057625 27.287659 -0.001628 
87 15.749661 0.000000 1.281038 1984.644944 0.000000 -16.571257 0.004398 
88 12.652571 0.000000 1.281038 1989.742463 0.025940 -22.844736 -0.000785 
89 15.749661 0.000000 -1.639843 1988.564611 -0.025337 15.512226 0.000471 
90 18.846751 0.000000 1.281038 1985.335393 -0.000000 -6.946307 0.003763 
91 15.749661 0.000000 4.201920 1987.624277 0.000000 -2.275002 0.001475 
92 161.312891 0.000000 50.936029 1988.823480 0.000557 33.616149 -0.000014 
93 161.312891 0.000000 4.201920 1989.376348 0.029474 1.231621 -0.000285 
94 210.866331 0.000000 50.936029 1988.816532 0.000585 33.586505 -0.000007 
95 161.312891 0.000000 97.670139 1988.815248 0.000074 34.412062 -0.000020 
96 86.982731 0.000000 27.568975 1988.899840 0.002886 31.412158 -0.000055 
97 86.982731 0.000000 4.201920 1989.300070 -0.041148 5.919538 -0.000217 
98 111.759451 0.000000 27.568975 1988.872479 -0.001734 31.354280 -0.000026 
99 86.982731 0.000000 50.936029 1988.875702 0.002778 33.647830 -0.000067 
100 49.817651 0.000000 15.885447 1989.094504 0.007934 27.082278 -0.000186 
101 49.817651 0.000000 4.201920 1989.304312 0.022717 7.903047 -0.000228 
102 62.206011 0.000000 15.885447 1989.019794 0.008153 26.980094 -0.000110 
103 49.817651 0.000000 27.568975 1989.067758 0.002508 31.484610 -0.000225 
104 31.235111 0.000000 10.043684 1989.734549 0.005138 21.280708 -0.000759 
105 31.235111 0.000000 4.201920 1989.611187 0.017115 7.980615 -0.000537 
106 37.429291 0.000000 10.043684 1989.386512 0.011805 21.292035 -0.000409 
107 31.235111 0.000000 15.885447 1989.604422 0.005606 27.094509 -0.000699 
108 161.312891 0.000000 -42.532189 1988.798151 -0.000751 33.494035 0.000013 
109 161.312891 0.000000 -89.266298 1988.775743 -0.000106 34.394052 0.000020 
110 210.866331 0.000000 -42.532189 1988.804482 -0.000717 33.544038 0.000006 
111 86.982731 0.000000 -19.165134 1988.828705 -0.006464 30.016896 0.000038 
112 86.982731 0.000000 -42.532189 1988.745790 0.003722 33.396883 0.000068 
113 111.759451 0.000000 -19.165134 1988.849331 -0.001689 30.192930 0.000015 
114 49.817651 0.000000 -7.481607 1988.924219 -0.013574 21.183484 0.000057 
115 49.817651 0.000000 -19.165134 1988.666619 -0.004853 29.668207 0.000207 
116 62.206011 0.000000 -7.481607 1988.960828 -0.016908 21.589622 0.000015 
117 31.235111 0.000000 -1.639843 1988.773593 -0.036382 14.931327 0.000265 
118 31.235111 0.000000 -7.481607 1988.313028 -0.013122 20.036160 0.000683 
119 37.429291 0.000000 -1.639843 1989.076876 -0.036632 14.710624 -0.000038 
120 28.138021 0.000000 7.122802 1989.887500 0.000000 17.497525 -0.000876 
121 25.040931 0.000000 7.122802 1989.970659 0.000000 15.986361 -0.000947 
122 28.138021 0.000000 4.201920 1989.815396 0.007954 7.856999 -0.000742 
123 31.235111 0.000000 7.122802 1989.669643 0.016078 16.053755 -0.000645 
124 28.138021 0.000000 10.043684 1989.850864 0.000000 18.828442 -0.000851 
125 21.943841 0.000000 7.122802 1989.939767 0.000000 15.603892 -0.000913 
126 18.846751 0.000000 7.122802 1989.598845 0.000000 11.574332 -0.000542 
127 21.943841 0.000000 4.201920 1989.440728 -0.000000 7.610497 -0.000364 
128 21.943841 0.000000 10.043684 1990.058594 0.000000 18.864250 -0.001061 
129 62.206011 0.000000 144.404248 1988.842282 0.000016 34.604297 -0.000050 
130 12.652571 0.000000 144.404248 1988.854677 0.000011 34.641423 -0.000063 
131 111.759451 0.000000 144.404248 1988.824644 0.000019 34.585185 -0.000032 
132 62.206011 0.000000 191.138357 1988.822902 0.000006 34.656600 -0.000032 
133 37.429291 0.000000 74.303084 1988.970393 0.003181 34.294296 -0.000174 
134 12.652571 0.000000 74.303084 1989.022045 0.002825 34.416370 -0.000228 
135 62.206011 0.000000 74.303084 1988.908833 -0.011177 34.233090 -0.000111 
136 37.429291 0.000000 97.670139 1988.907377 0.000051 34.487400 -0.000114 
137 25.040931 0.000000 39.252502 1989.422541 0.011897 33.176623 -0.000609 
138 12.652571 0.000000 39.252502 1989.610918 -0.016811 33.502840 -0.000804 
139 37.429291 0.000000 39.252502 1989.161503 -0.007024 33.073095 -0.000345 
140 25.040931 0.000000 50.936029 1989.226788 0.000525 33.818370 -0.000423 
141 31.235111 0.000000 21.727211 1989.538036 0.002131 29.967741 -0.000674 
142 25.040931 0.000000 21.727211 1989.777787 0.001550 30.117712 -0.000918 
143 37.429291 0.000000 21.727211 1989.339767 0.002595 29.891696 -0.000474 
144 31.235111 0.000000 27.568975 1989.465081 0.000563 31.523400 -0.000625 
145 28.138021 0.000000 12.964566 1989.855817 -0.001589 24.755862 -0.000922 
146 25.040931 0.000000 12.964566 1990.010400 -0.005874 24.851778 -0.001078 
147 31.235111 0.000000 12.964566 1989.632046 -0.007330 24.765161 -0.000697 
148 28.138021 0.000000 15.885447 1989.786517 -0.004490 27.109647 -0.000883 
149 26.589476 0.000000 8.583243 1989.921197 0.000000 18.325699 -0.000917 
150 25.040931 0.000000 8.583243 1989.999253 0.000000 18.450176 -0.000997 
151 26.589476 0.000000 7.122802 1989.937002 -0.000000 16.119130 -0.000914 
152 28.138021 0.000000 8.583243 1989.838886 0.000000 18.720870 -0.000838 
153 26.589476 0.000000 10.043684 1989.923045 0.000000 18.884473 -0.000925 
154 43.623471 0.000000 10.043684 1989.226433 0.011513 21.258093 -0.000248 
155 43.623471 0.000000 4.201920 1989.306953 0.021226 8.128330 -0.000231 
156 49.817651 0.000000 10.043684 1989.158874 0.008135 21.200603 -0.000179 
157 43.623471 0.000000 15.885447 1989.206054 0.006536 27.037855 -0.000298 
158 34.332201 0.000000 7.122802 1989.524445 0.021280 16.076702 -0.000499 
159 34.332201 0.000000 4.201920 1989.447158 0.020399 8.147050 -0.000373 
160 37.429291 0.000000 7.122802 1989.422044 0.021644 16.058718 -0.000396 
161 34.332201 0.000000 10.043684 1989.562546 0.011608 21.247972 -0.000586 
162 29.686566 0.000000 8.583243 1989.825009 0.000000 18.837440 -0.000825 
163 29.686566 0.000000 7.122802 1989.765549 0.014761 16.042250 -0.000741 
164 31.235111 0.000000 8.583243 1989.687553 0.009270 18.934262 -0.000688 
165 29.686566 0.000000 10.043684 1989.773539 0.003695 21.280715 -0.000798 
166 18.846751 0.000000 21.727211 1990.204297 -0.024922 30.310171 -0.001350 
167 12.652571 0.000000 21.727211 1990.758234 -0.010427 30.748901 -0.001914 
168 18.846751 0.000000 27.568975 1989.874316 -0.007116 31.919020 -0.001043 
169 21.943841 0.000000 12.964566 1990.284492 -0.042346 24.802221 -0.001353 
170 18.846751 0.000000 12.964566 1990.567264 -0.053290 24.845801 -0.001639 
171 21.943841 0.000000 15.885447 1990.187417 -0.038220 27.231212 -0.001288 
172 26.589476 0.000000 11.504125 1989.940478 -0.001842 23.296641 -0.000989 
173 25.040931 0.000000 11.504125 1990.040453 -0.023509 23.259631 -0.001089 
174 28.138021 0.000000 11.504125 1989.887572 0.000302 23.211843 -0.000935 
175 26.589476 0.000000 12.964566 1989.900006 -0.003617 24.847251 -0.000967 
176 27.363748 0.000000 9.313463 1989.891247 0.000000 19.923105 -0.000903 
177 26.589476 0.000000 9.313463 1989.928135 -0.000000 20.008319 -0.000941 
178 27.363748 0.000000 8.583243 1989.877855 0.000000 18.599737 -0.000876 
179 28.138021 0.000000 9.313463 1989.834754 0.000000 20.080746 -0.000847 
180 27.363748 0.000000 10.043684 1989.874166 -0.000000 18.841771 -0.000875 
181 34.332201 0.000000 12.964566 1989.502406 0.008850 24.727326 -0.000566 
182 37.429291 0.000000 12.964566 1989.380662 0.008819 24.711974 -0.000443 
183 34.332201 0.000000 15.885447 1989.473879 0.006049 27.078872 -0.000568 
184 29.686566 0.000000 11.504125 1989.805190 0.002122 23.179474 -0.000852 
185 31.235111 0.000000 11.504125 1989.708533 -0.004664 23.178726 -0.000754 
186 29.686566 0.000000 12.964566 1989.746929 0.000070 24.740357 -0.000812 
187 28.912293 0.000000 9.313463 1989.805273 0.000000 19.647238 -0.000813 
188 28.912293 0.000000 8.583243 1989.835212 0.000000 18.826271 -0.000836 
189 29.686566 0.000000 9.313463 1989.822171 0.000000 18.831290 -0.000823 
190 28.912293 0.000000 10.043684 1989.825362 0.000000 18.838454 -0.000826 
191 27.363748 0.000000 10.773904 1989.903108 -0.000048 22.397828 -0.000941 
192 26.589476 0.000000 10.773904 1989.956194 -0.001338 22.380719 -0.000994 
193 28.138021 0.000000 10.773904 1989.901136 0.001173 22.303651 -0.000938 
194 27.363748 0.000000 11.504125 1989.884644 -0.000726 23.309673 -0.000933 
195 27.750884 0.000000 9.678574 1989.852960 0.000000 20.363811 -0.000869 
196 27.363748 0.000000 9.678574 1989.866531 -0.000000 20.390197 -0.000883 
197 27.750884 0.000000 9.313463 1989.862897 0.000000 20.141934 -0.000876 
198 28.138021 0.000000 9.678574 1989.847729 0.000000 20.122187 -0.000861 
199 27.750884 0.000000 10.043684 1989.860328 0.000000 18.837113 -0.000861 
200 23.492386 0.000000 8.583243 1990.049989 0.000000 18.669473 -0.001050 
201 21.943841 0.000000 8.583243 1989.996971 0.000000 17.058090 -0.000982 
202 23.492386 0.000000 7.122802 1989.967882 0.000000 16.151459 -0.000945 
203 23.492386 0.000000 10.043684 1990.045543 0.000000 18.867052 -0.001048 
204 25.815203 0.000000 9.313463 1989.972673 -0.000000 20.002037 -0.000985 
205 25.040931 0.000000 9.313463 1990.005053 -0.000000 20.098604 -0.001019 
206 25.815203 0.000000 8.583243 1989.966945 0.000000 18.447006 -0.000965 
207 25.815203 0.000000 10.043684 1989.976464 -0.000000 18.915142 -0.000979 
208 26.976612 0.000000 9.678574 1989.886742 0.000000 20.353639 -0.000903 
209 26.589476 0.000000 9.678574 1989.901266 -0.000000 20.312172 -0.000917 
210 26.976612 0.000000 9.313463 1989.893636 0.000000 20.003056 -0.000906 
211 26.976612 0.000000 10.043684 1989.901971 -0.000000 18.856805 -0.000903 
212 28.138021 0.000000 1.281038 1989.484057 0.007477 -3.422328 -0.000396 
213 25.040931 0.000000 1.281038 1989.664719 0.000000 1.819591 -0.000575 
214 28.138021 0.000000 -1.639843 1988.672923 -0.034820 14.760913 0.000368 
215 31.235111 0.000000 1.281038 1989.306850 0.010767 -2.734403 -0.000217 
216 26.589476 0.000000 5.662361 1989.918974 0.000000 13.037661 -0.000873 
217 25.040931 0.000000 5.662361 1989.926937 0.000000 12.140813 -0.000876 
218 26.589476 0.000000 4.201920 1989.919380 0.000000 10.025974 -0.000856 
219 28.138021 0.000000 5.662361 1989.917428 0.000000 15.165104 -0.000887 
220 27.363748 0.000000 7.853022 1989.893756 -0.000000 17.599978 -0.000883 
221 26.589476 0.000000 7.853022 1989.922347 0.000000 17.442054 -0.000911 
222 27.363748 0.000000 7.122802 1989.916946 0.000000 16.421850 -0.000896 
223 28.138021 0.000000 7.853022 1989.872483 0.000000 18.070608 -0.000866 
224 27.750884 0.000000 8.948353 1989.859640 0.000000 18.835332 -0.000860 
225 27.363748 0.000000 8.948353 1989.882337 0.000000 18.932342 -0.000884 
226 27.750884 0.000000 8.583243 1989.858277 -0.000000 18.683555 -0.000857 
227 28.138021 0.000000 8.948353 1989.846187 0.000000 18.834189 -0.000847 
228 27.557316 0.000000 9.496019 1989.864993 -0.000000 20.461021 -0.000882 
229 27.363748 0.000000 9.496019 1989.875123 -0.000000 20.398501 -0.000891 
230 27.557316 0.000000 9.313463 1989.873100 -0.000000 20.139349 -0.000887 
231 27.750884 0.000000 9.496019 1989.856698 0.000000 20.491390 -0.000874 
232 27.557316 0.000000 9.678574 1989.860509 0.000000 20.361041 -0.000876 
233 26.976612 0.000000 8.948353 1989.895663 0.000000 19.110276 -0.000899 
234 26.589476 0.000000 8.948353 1989.921105 -0.000000 19.190505 -0.000925 
235 26.976612 0.000000 8.583243 1989.908486 0.000000 18.627459 -0.000907 
236 27.170180 0.000000 9.496019 1989.882343 -0.000000 20.381295 -0.000898 
237 26.976612 0.000000 9.496019 1989.886241 0.000000 20.394366 -0.000902 
238 27.170180 0.000000 9.313463 1989.889602 0.000000 20.045261 -0.000902 
239 27.170180 0.000000 9.678574 1989.878787 -0.000000 20.346615 -0.000894 
240 28.912293 0.000000 10.773904 1989.849879 0.002268 22.318023 -0.000887 
241 29.686566 0.000000 10.773904 1989.810374 0.003201 22.301858 -0.000847 
242 28.912293 0.000000 11.504125 1989.843858 0.001272 23.202450 -0.000891 
243 27.750884 0.000000 10.408794 1989.838298 0.000733 21.890953 -0.000870 
244 27.363748 0.000000 10.408794 1989.890338 0.000000 18.821798 -0.000891 
245 28.138021 0.000000 10.408794 1989.818230 0.001441 21.886586 -0.000850 
246 27.750884 0.000000 10.773904 1989.882830 0.000592 22.392200 -0.000921 
247 27.557316 0.000000 9.861129 1989.861809 0.000000 18.837234 -0.000862 
248 27.363748 0.000000 9.861129 1989.871033 0.000000 18.846899 -0.000872 
249 27.750884 0.000000 9.861129 1989.859945 0.000000 18.836626 -0.000861 
250 27.557316 0.000000 10.043684 1989.861875 0.000000 18.837673 -0.000863 
251 27.460532 0.000000 9.587296 1989.859545 -0.000000 20.518681 -0.000877 
252 27.363748 0.000000 9.587296 1989.866036 -0.000000 20.472482 -0.000883 
253 27.460532 0.000000 9.496019 1989.869942 -0.000000 20.447953 -0.000887 
254 27.557316 0.000000 9.587296 1989.857236 0.000000 20.530361 -0.000875 
255 27.460532 0.000000 9.678574 1989.862740 0.000000 20.403148 -0.000879 
256 23.492386 0.000000 11.504125 1990.155722 -0.018866 23.218582 -0.001205 
257 21.943841 0.000000 11.504125 1990.258351 -0.041205 23.203748 -0.001308 
258 23.492386 0.000000 12.964566 1990.154951 -0.035536 24.806698 -0.001223 
259 25.815203 0.000000 10.773904 1990.016498 -0.020021 22.353907 -0.001055 
260 25.040931 0.000000 10.773904 1990.069261 -0.025901 22.329980 -0.001107 
261 25.815203 0.000000 11.504125 1989.974120 -0.003045 23.289511 -0.001023 
262 26.976612 0.000000 10.408794 1989.911318 0.000000 18.877855 -0.000913 
263 26.589476 0.000000 10.408794 1989.935921 -0.000000 18.918396 -0.000938 
264 26.976612 0.000000 10.773904 1989.936853 -0.000659 22.375354 -0.000975 
265 27.170180 0.000000 9.861129 1989.878188 0.000000 18.851231 -0.000879 
266 26.976612 0.000000 9.861129 1989.901557 -0.000000 18.866992 -0.000903 
267 27.170180 0.000000 10.043684 1989.891855 -0.000000 18.855357 -0.000893 
268 27.266964 0.000000 9.587296 1989.871659 -0.000000 20.475208 -0.000889 
269 27.170180 0.000000 9.587296 1989.879987 -0.000000 20.392534 -0.000896 
270 27.266964 0.000000 9.496019 1989.879740 -0.000000 20.433507 -0.000896 
271 27.266964 0.000000 9.678574 1989.872508 -0.000000 20.373156 -0.000888 
272 27.460532 0.000000 9.769851 1989.857911 0.000000 20.013002 -0.000870 
273 27.363748 0.000000 9.769851 1989.864129 -0.000000 19.871408 -0.000875 
274 27.557316 0.000000 9.769851 1989.856514 0.000000 20.131162 -0.000870 
275 27.460532 0.000000 9.861129 1989.869855 0.000000 18.846124 -0.000871 
276 27.412140 0.000000 9.632935 1989.863486 -0.000000 20.467964 -0.000880 
277 27.363748 0.000000 9.632935 1989.864281 -0.000000 20.467192 -0.000881 
278 27.412140 0.000000 9.587296 1989.863189 -0.000000 20.482925 -0.000880 
279 27.460532 0.000000 9.632935 1989.860700 0.000000 20.485741 -0.000878 
280 27.412140 0.000000 9.678574 1989.866070 -0.000000 20.402902 -0.000882 
281 21.943841 0.000000 1.281038 1988.542133 0.000000 -4.319491 0.000549 
282 21.943841 0.000000 -1.639843 1988.599842 -0.024086 15.456074 0.000436 
283 62.206011 0.000000 -136.000407 1988.737088 -0.000024 34.593895 0.000056 
284 12.652571 0.000000 -136.000407 1988.721024 -0.000015 34.634844 0.000071 
285 62.206011 0.000000 -182.734516 1988.757228 -0.000010 34.652988 0.000034 
286 111.759451 0.000000 -136.000407 1988.758309 -0.000029 34.576045 0.000035 
287 37.429291 0.000000 -65.899244 1988.583402 -0.002506 34.182622 0.000217 
288 12.652571 0.000000 -65.899244 1988.501472 0.006306 34.338654 0.000297 
289 37.429291 0.000000 -89.266298 1988.662762 -0.000067 34.448984 0.000133 
290 62.206011 0.000000 -65.899244 1988.676672 0.005148 34.133311 0.000124 
291 25.040931 0.000000 -30.848662 1988.054702 0.008869 32.397374 0.000779 
292 12.652571 0.000000 -30.848662 1987.775257 -0.003383 32.890269 0.001052 
293 25.040931 0.000000 -42.532189 1988.310405 0.025124 33.510183 0.000503 
294 37.429291 0.000000 -30.848662 1988.362599 0.013393 32.260858 0.000472 
295 18.846751 0.000000 -13.323371 1987.283647 0.059840 26.081492 0.001647 
296 12.652571 0.000000 -13.323371 1986.152365 0.113293 26.153730 0.002782 
297 18.846751 0.000000 -19.165134 1987.389446 0.015857 29.643612 0.001490 
298 25.040931 0.000000 -13.323371 1987.768343 0.004012 26.225130 0.001158 
299 21.943841 0.000000 -4.560725 1988.865000 -0.000877 15.028621 0.000173 
300 18.846751 0.000000 -4.560725 1990.751159 0.022835 12.637346 -0.001708 
301 21.943841 0.000000 -7.481607 1988.073306 0.016948 19.488180 0.000929 
302 25.040931 0.000000 -4.560725 1988.101368 -0.007218 15.416489 0.000937 
303 23.492386 0.000000 -0.179403 1988.945567 -0.004450 -2.648523 0.000147 
304 21.943841 0.000000 -0.179403 1988.159979 -0.005731 -1.990203 0.000937 
305 23.492386 0.000000 -1.639843 1988.625979 -0.023865 15.441703 0.000410 
306 25.040931 0.000000 -0.179403 1989.078925 0.090477 -3.829249 0.000011 
307 23.492386 0.000000 1.281038 1989.238031 -0.000000 -3.456815 -0.000148 
308 6.458391 0.000000 10.043684 1994.838361 -0.264998 22.939926 -0.005918 
309 0.264211 0.000000 10.043684 1996.656637 -0.180687 28.394923 -0.007823 
310 6.458391 0.000000 15.885447 1992.462289 -0.121071 29.201532 -0.003606 
311 9.555481 0.000000 1.281038 1994.689825 0.022295 -24.804080 -0.005791 
312 6.458391 0.000000 1.281038 1988.177617 -0.001495 -46.503415 0.000374 
313 9.555481 0.000000 -1.639843 1982.568304 -0.025005 -20.929429 0.006439 
314 9.555481 0.000000 4.201920 1994.874047 0.017637 1.261733 -0.005821 
315 15.749661 0.000000 -4.560725 1990.245508 0.068930 7.218464 -0.001172 
316 12.652571 0.000000 -4.560725 1986.536649 -0.021518 4.684352 0.002564 
317 15.749661 0.000000 -7.481607 1987.649997 0.092489 17.133633 0.001377 
318 14.201116 0.000000 -0.179403 1985.172747 -0.000000 -33.909299 0.003648 
319 12.652571 0.000000 -0.179403 1987.931682 -0.002757 -46.405221 0.000623 
320 14.201116 0.000000 -1.639843 1989.520353 -0.029209 -21.763094 -0.000549 
321 15.749661 0.000000 -0.179403 1982.674873 -0.009764 -12.504467 0.006404 
322 14.201116 0.000000 1.281038 1986.906554 0.000000 -22.011760 0.002075 
323 -36.900870 0.000000 -136.000407 1988.728319 -0.000007 34.682405 0.000063 
324 -86.454310 0.000000 -136.000407 1988.749299 -0.000003 34.709957 0.000041 
325 -36.900870 0.000000 -182.734516 1988.754062 -0.000004 34.691826 0.000037 
326 161.312891 0.000000 -136.000407 1988.772716 -0.000032 34.572260 0.000020 
327 161.312891 0.000000 -182.734516 1988.774421 -0.000014 34.636713 0.000017 
328 210.866331 0.000000 -136.000407 1988.780842 -0.000033 34.573380 0.000012 
329 -36.900870 0.000000 144.404248 1988.848151 0.000006 34.682986 -0.000057 
330 -86.454310 0.000000 144.404248 1988.830057 0.000002 34.708270 -0.000040 
331 -36.900870 0.000000 191.138357 1988.825004 0.000003 34.692288 -0.000034 
332 -12.124149 0.000000 -65.899244 1988.511985 -0.002378 34.551179 0.000283 
333 -36.900870 0.000000 -65.899244 1988.606639 -0.000016 34.683081 0.000185 
334 -12.124149 0.000000 -89.266298 1988.637869 -0.000025 34.606571 0.000155 
335 161.312891 0.000000 144.404248 1988.811902 0.000020 34.578091 -0.000019 
336 210.866331 0.000000 144.404248 1988.804380 0.000021 34.575634 -0.000012 
337 161.312891 0.000000 191.138357 1988.808097 0.000008 34.639174 -0.000016 
338 86.982731 0.000000 -65.899244 1988.729180 0.010033 34.127381 0.000072 
339 86.982731 0.000000 -89.266298 1988.730997 -0.000109 34.389392 0.000065 
340 111.759451 0.000000 -65.899244 1988.757070 -0.000252 34.130382 0.000044 
341 -12.124149 0.000000 74.303084 1989.013547 -0.010823 34.567544 -0.000222 
342 -36.900870 0.000000 74.303084 1988.953659 0.000020 34.673919 -0.000163 
343 -12.124149 0.000000 97.670139 1988.923661 0.000023 34.616386 -0.000132 
344 0.264211 0.000000 -30.848662 1987.618226 0.012386 33.685672 0.001196 
345 -12.124149 0.000000 -30.848662 1987.854301 0.001513 34.409558 0.000946 
346 0.264211 0.000000 -42.532189 1988.064019 -0.029369 34.093026 0.000741 
347 86.982731 0.000000 74.303084 1988.865889 0.000163 34.209638 -0.000067 
348 111.759451 0.000000 74.303084 1988.841289 0.000169 34.199743 -0.000042 
349 86.982731 0.000000 97.670139 1988.854931 0.000068 34.427503 -0.000060 
350 49.817651 0.000000 -30.848662 1988.576459 -0.001723 32.298074 0.000256 
351 49.817651 0.000000 -42.532189 1988.573329 0.006851 33.343646 0.000242 
352 62.206011 0.000000 -30.848662 1988.676827 0.009177 32.327639 0.000155 
353 0.264211 0.000000 39.252502 1989.681167 -0.000840 33.975437 -0.000883 
354 -12.124149 0.000000 39.252502 1989.533563 0.024513 34.422230 -0.000742 
355 0.264211 0.000000 50.936029 1989.331001 0.000183 34.252547 -0.000535 
356 6.458391 0.000000 -13.323371 1984.606565 0.159859 27.688759 0.004313 
357 0.264211 0.000000 -13.323371 1983.875963 0.129305 30.800150 0.004999 
358 6.458391 0.000000 -19.165134 1986.160703 0.090476 31.027480 0.002703 
359 49.817651 0.000000 39.252502 1989.058336 -0.007091 32.992343 -0.000240 
360 62.206011 0.000000 39.252502 1988.974969 0.004816 32.974805 -0.000156 
361 49.817651 0.000000 50.936029 1989.023753 0.000618 33.673863 -0.000217 
362 31.235111 0.000000 -13.323371 1988.112164 -0.009179 26.205730 0.000813 
363 31.235111 0.000000 -19.165134 1988.143996 -0.004593 29.464586 0.000735 
364 37.429291 0.000000 -13.323371 1988.460911 -0.009728 26.320015 0.000461 
365 6.458391 0.000000 21.727211 1991.168254 -0.067183 31.643364 -0.002340 
366 0.264211 0.000000 21.727211 1991.285625 -0.037952 32.785779 -0.002477 
367 6.458391 0.000000 27.568975 1990.269217 -0.020411 32.776482 -0.001454 
368 9.555481 0.000000 -4.560725 1983.116762 -0.017092 4.598514 0.005995 
369 6.458391 0.000000 -4.560725 1979.350262 -0.013116 5.918409 0.009764 
370 9.555481 0.000000 -7.481607 1983.819332 -0.010522 16.618606 0.005226 
371 15.749661 0.000000 7.122802 1990.734938 -0.100207 14.630042 -0.001705 
372 12.652571 0.000000 7.122802 1992.232826 0.012528 14.138426 -0.003210 
373 15.749661 0.000000 10.043684 1991.117463 -0.097359 20.976339 -0.002147 
374 15.749661 0.000000 12.964566 1991.076312 -0.084865 24.892813 -0.002151 
375 12.652571 0.000000 12.964566 1991.780407 -0.123167 25.160454 -0.002864 
376 15.749661 0.000000 15.885447 1990.898772 -0.084360 27.482230 -0.002007 
377 43.623471 0.000000 21.727211 1989.207959 -0.005351 29.866140 -0.000341 
378 49.817651 0.000000 21.727211 1989.079599 0.004329 29.927480 -0.000212 
379 43.623471 0.000000 27.568975 1989.144901 0.002428 31.498341 -0.000303 
380 43.623471 0.000000 -1.639843 1989.316255 -0.036392 14.937521 -0.000280 
381 43.623471 0.000000 -7.481607 1988.899904 -0.018166 20.870204 0.000084 
382 49.817651 0.000000 -1.639843 1989.119188 -0.033782 15.020724 -0.000083 
383 28.138021 0.000000 -4.560725 1988.267881 -0.022404 15.809115 0.000767 
384 28.138021 0.000000 -7.481607 1988.079651 -0.011387 19.960978 0.000918 
385 31.235111 0.000000 -4.560725 1988.546355 -0.022470 16.127459 0.000484 
386 34.332201 0.000000 1.281038 1989.228566 0.011224 -2.180618 -0.000137 
387 34.332201 0.000000 -1.639843 1988.877248 -0.033921 14.911769 0.000161 
388 37.429291 0.000000 1.281038 1989.274944 0.011962 -1.866015 -0.000183 
389 29.686566 0.000000 5.662361 1989.729524 0.018322 12.500495 -0.000679 
390 29.686566 0.000000 4.201920 1989.702637 0.016312 7.970000 -0.000629 
391 31.235111 0.000000 5.662361 1989.654395 0.019382 12.439968 -0.000603 
392 23.492386 0.000000 5.662361 1989.870959 0.000000 12.443032 -0.000821 
393 21.943841 0.000000 5.662361 1989.733475 0.000000 12.294486 -0.000682 
394 23.492386 0.000000 4.201920 1989.719099 -0.000000 7.332341 -0.000643 
395 25.815203 0.000000 7.853022 1989.956809 -0.000000 17.439575 -0.000945 
396 25.040931 0.000000 7.853022 1989.987628 0.000000 17.540062 -0.000977 
397 25.815203 0.000000 7.122802 1989.950953 0.000000 15.832404 -0.000926 
398 28.912293 0.000000 7.853022 1989.851486 0.000000 18.392452 -0.000848 
399 28.912293 0.000000 7.122802 1989.865754 0.000000 17.699400 -0.000856 
400 29.686566 0.000000 7.853022 1989.822167 0.000000 18.831269 -0.000823 
401 27.266964 0.000000 9.769851 1989.872715 0.000000 19.810824 -0.000883 
402 27.170180 0.000000 9.769851 1989.879120 0.000000 20.214138 -0.000893 
403 27.266964 0.000000 9.861129 1989.872222 0.000000 18.847760 -0.000873 
404 23.492386 0.000000 2.741479 1989.530283 0.000000 2.683944 -0.000441 
405 21.943841 0.000000 2.741479 1989.057216 -0.000000 2.046321 0.000035 
406 25.040931 0.000000 2.741479 1989.741904 0.000000 4.240842 -0.000657 
407 9.555481 0.000000 7.122802 1994.325851 0.011521 14.480056 -0.005321 
408 6.458391 0.000000 7.122802 1996.863935 0.009025 15.929869 -0.007893 
409 9.555481 0.000000 10.043684 1993.353897 -0.224640 21.627283 -0.004407 
410 9.555481 0.000000 12.964566 1992.645042 -0.155184 25.752927 -0.003742 
411 6.458391 0.000000 12.964566 1993.418160 -0.172467 26.930518 -0.004537 
412 9.555481 0.000000 15.885447 1991.961752 -0.112718 28.378212 -0.003090 
413 43.623471 0.000000 -13.323371 1988.652769 -0.009473 26.456955 0.000266 
414 43.623471 0.000000 -19.165134 1988.541297 -0.005162 29.533247 0.000335 
415 49.817651 0.000000 -13.323371 1988.749213 -0.009052 26.634207 0.000167 
416 34.332201 0.000000 -4.560725 1988.766951 -0.025632 16.420008 0.000260 
417 34.332201 0.000000 -7.481607 1988.551812 -0.018011 20.272445 0.000441 
418 37.429291 0.000000 -4.560725 1988.935388 -0.025539 16.632545 0.000089 
419 26.589476 0.000000 2.741479 1989.813307 0.010451 2.171283 -0.000725 
420 26.589476 0.000000 1.281038 1989.579950 0.008975 -3.841976 -0.000493 
421 28.138021 0.000000 2.741479 1989.720028 0.008926 2.389278 -0.000632 
422 26.589476 0.000000 -0.179403 1989.045993 0.092442 -3.108471 0.000045 
423 26.589476 0.000000 -1.639843 1988.604662 -0.034630 14.495897 0.000438 
424 28.138021 0.000000 -0.179403 1988.991783 0.092472 -2.391118 0.000101 
425 29.686566 0.000000 2.741479 1989.603579 0.014664 2.606393 -0.000515 
426 29.686566 0.000000 1.281038 1989.381580 0.010547 -3.006763 -0.000292 
427 31.235111 0.000000 2.741479 1989.511498 0.015135 2.705854 -0.000422 
1 1 12 10 11 
2 11 10 14 6 
3 6 14 19 20 
4 20 19 22 4 
5 10 25 23 24 
6 24 23 27 14 
7 14 27 35 36 
8 36 35 38 19 
9 23 41 39 40 
10 40 39 43 27 
11 27 43 51 52 
12 52 51 54 35 
13 39 57 55 56 
14 56 55 59 43 
15 43 59 76 77 
16 77 76 78 51 
17 55 81 79 80 
18 80 79 82 59 
19 89 71 90 87 
20 87 90 75 91 
21 88 87 91 5 
22 18 93 92 45 
23 93 8 94 92 
24 92 94 29 95 
25 45 92 95 28 
26 34 97 96 61 
27 97 18 98 96 
28 96 98 45 99 
29 61 96 99 44 
30 101 34 102 100 
31 100 102 61 103 
32 15 109 108 33 
33 109 17 110 108 
34 108 110 8 93 
35 33 108 93 18 
36 31 112 111 49 
37 112 33 113 111 
38 111 113 18 97 
39 49 111 97 34 
40 115 49 116 114 
41 114 116 34 101 
42 75 127 125 126 
43 126 125 128 83 
44 21 46 129 130 
45 46 28 131 129 
46 129 131 30 132 
47 130 129 132 9 
48 37 62 133 134 
49 62 44 135 133 
50 133 135 46 136 
51 134 133 136 21 
52 53 70 137 138 
53 70 60 139 137 
54 137 139 62 140 
55 138 137 140 37 
56 67 107 141 142 
57 107 69 143 141 
58 141 143 60 144 
59 142 141 144 70 
60 145 147 107 148 
61 146 145 148 67 
62 50 155 154 106 
63 155 101 156 154 
64 154 156 100 157 
65 106 154 157 69 
66 105 159 158 123 
67 159 50 160 158 
68 158 160 106 161 
69 123 158 161 104 
70 163 123 164 162 
71 162 164 104 165 
72 68 86 166 167 
73 86 67 142 166 
74 166 142 70 168 
75 167 166 168 53 
76 83 128 169 170 
77 169 146 67 171 
78 170 169 171 86 
79 172 174 145 175 
80 173 172 175 146 
81 104 161 181 147 
82 161 106 182 181 
83 181 182 69 183 
84 147 181 183 107 
85 165 104 185 184 
86 184 185 147 186 
87 174 184 186 145 
88 152 188 187 179 
89 188 162 189 187 
90 187 189 165 190 
91 179 187 190 124 
92 191 193 174 194 
93 192 191 194 172 
94 197 179 198 195 
95 195 198 124 199 
96 125 202 200 201 
97 202 121 150 200 
98 200 150 85 203 
99 201 200 203 128 
100 150 206 204 205 
101 206 149 177 204 
102 204 177 153 207 
103 205 204 207 85 
104 177 210 208 209 
105 209 208 211 153 
106 214 117 215 212 
107 66 218 216 217 
108 218 122 219 216 
109 216 219 120 151 
110 217 216 151 121 
111 151 222 220 221 
112 222 120 223 220 
113 220 223 152 178 
114 221 220 178 149 
115 178 226 224 225 
116 226 152 227 224 
117 224 227 179 197 
118 225 224 197 176 
119 176 230 228 229 
120 230 197 231 228 
121 228 231 195 232 
122 149 235 233 234 
123 235 178 225 233 
124 233 225 176 210 
125 234 233 210 177 
126 210 238 236 237 
127 238 176 229 236 
128 237 236 239 208 
129 124 190 240 193 
130 190 165 241 240 
131 240 241 184 242 
132 193 240 242 174 
133 180 199 243 244 
134 199 124 245 243 
135 243 245 193 246 
136 244 243 246 191 
137 232 195 249 247 
138 247 249 199 250 
139 248 247 250 180 
140 229 253 251 252 
141 253 228 254 251 
142 251 254 232 255 
143 128 203 256 257 
144 203 85 173 256 
145 256 173 146 258 
146 257 256 258 169 
147 85 207 259 260 
148 207 153 192 259 
149 259 192 172 261 
150 260 259 261 173 
151 153 211 262 263 
152 211 180 244 262 
153 262 244 191 264 
154 263 262 264 192 
155 208 239 265 266 
156 265 248 180 267 
157 266 265 267 211 
158 236 270 268 269 
159 270 229 252 268 
160 268 252 196 271 
161 269 268 271 239 
162 196 255 272 273 
163 255 232 274 272 
164 272 274 247 275 
165 273 272 275 248 
166 252 278 276 277 
167 278 251 279 276 
168 276 279 255 280 
169 277 276 280 196 
170 71 282 281 90 
171 90 281 127 75 
172 7 285 283 284 
173 285 16 286 283 
174 283 286 15 32 
175 284 283 32 13 
176 13 289 287 288 
177 289 32 290 287 
178 287 290 31 48 
179 288 287 48 26 
180 26 293 291 292 
181 293 48 294 291 
182 291 294 47 64 
183 292 291 64 42 
184 42 297 295 296 
185 297 64 298 295 
186 295 298 63 73 
187 296 295 73 58 
188 73 301 299 300 
189 301 63 302 299 
190 299 302 74 282 
191 300 299 282 71 
192 282 305 303 304 
193 305 74 306 303 
194 303 306 213 307 
195 304 303 307 281 
196 59 82 308 309 
197 309 308 310 76 
198 79 313 311 312 
199 313 72 88 311 
200 311 88 5 314 
201 312 311 314 82 
202 58 317 315 316 
203 317 73 300 315 
204 315 300 71 89 
205 316 315 89 72 
206 72 320 318 319 
207 320 89 321 318 
208 318 321 87 322 
209 319 318 322 88 
210 12 325 323 324 
211 325 7 284 323 
212 323 284 13 25 
213 324 323 25 10 
214 16 327 326 286 
215 327 2 328 326 
216 326 328 17 109 
217 286 326 109 15 
218 19 38 329 330 
219 38 21 130 329 
220 329 130 9 331 
221 330 329 331 22 
222 25 334 332 333 
223 334 13 288 332 
224 332 288 26 41 
225 333 332 41 23 
226 28 95 335 131 
227 95 29 336 335 
228 335 336 3 337 
229 131 335 337 30 
230 32 339 338 290 
231 339 15 340 338 
232 338 340 33 112 
233 290 338 112 31 
234 35 54 341 342 
235 54 37 134 341 
236 341 134 21 343 
237 342 341 343 38 
238 41 346 344 345 
239 346 26 292 344 
240 344 292 42 57 
241 345 344 57 39 
242 44 99 347 135 
243 99 45 348 347 
244 347 348 28 349 
245 135 347 349 46 
246 48 351 350 294 
247 351 31 352 350 
248 350 352 49 115 
249 294 350 115 47 
250 51 78 353 354 
251 78 53 138 353 
252 353 138 37 355 
253 354 353 355 54 
254 57 358 356 357 
255 358 42 296 356 
256 356 296 58 81 
257 357 356 81 55 
258 60 103 359 139 
259 103 61 360 359 
260 359 360 44 361 
261 139 359 361 62 
262 64 363 362 298 
263 363 47 364 362 
264 362 364 65 118 
265 298 362 118 63 
266 76 310 365 366 
267 310 68 167 365 
268 365 167 53 367 
269 366 365 367 78 
270 81 370 368 369 
271 370 58 316 368 
272 368 316 72 313 
273 369 368 313 79 
274 5 91 371 372 
275 91 75 126 371 
276 371 126 83 373 
277 372 371 373 84 
278 84 373 374 375 
279 373 83 170 374 
280 374 170 86 376 
281 375 374 376 68 
282 69 157 377 143 
283 157 100 378 377 
284 377 378 103 379 
285 143 377 379 60 
286 65 381 380 119 
287 381 114 382 380 
288 380 382 101 155 
289 119 380 155 50 
290 63 384 383 302 
291 384 118 385 383 
292 383 385 117 214 
293 302 383 214 74 
294 117 387 386 215 
295 387 119 388 386 
296 386 388 50 159 
297 215 386 159 105 
298 122 390 389 219 
299 390 105 391 389 
300 389 391 123 163 
301 219 389 163 120 
302 127 394 392 393 
303 394 66 217 392 
304 392 217 121 202 
305 393 392 202 125 
306 121 397 395 396 
307 397 151 221 395 
308 395 221 149 206 
309 396 395 206 150 
310 120 399 398 223 
311 399 163 400 398 
312 398 400 162 188 
313 223 398 188 152 
314 239 271 401 402 
315 271 196 273 401 
316 401 273 248 403 
317 402 401 403 265 
318 281 307 404 405 
319 307 213 406 404 
320 404 406 66 394 
321 405 404 394 127 
322 82 314 407 408 
323 314 5 372 407 
324 407 372 84 409 
325 408 407 409 308 
326 308 409 410 411 
327 409 84 375 410 
328 410 375 68 412 
329 411 410 412 310 
330 47 414 413 364 
331 414 115 415 413 
332 413 415 114 381 
333 364 413 381 65 
334 118 417 416 385 
335 417 65 418 416 
336 416 418 119 387 
337 385 416 387 117 
338 213 420 419 406 
339 420 212 421 419 
340 419 421 122 218 
341 406 419 218 66 
342 74 423 422 306 
343 423 214 424 422 
344 422 424 212 420 
345 306 422 420 213 
346 212 426 425 421 
347 426 215 427 425 
348 425 427 105 390 
349 421 425 390 122 
