2 0.000000 1989.093400 115197.572811
427 349 
1 -185.561190 0.000000 -182.734516 1988.777224 -0.000001 34.717159 0.000013 
2 210.866331 0.000000 -182.734516 1988.780146 -0.000014 34.635177 0.000012 
3 210.866331 0.000000 191.138357 1988.802892 0.000008 34.636236 -0.000011 
4 -185.561190 0.000000 191.138357 1988.803786 0.000000 34.716505 -0.000013 
5 12.652571 0.000000 4.201920 1991.654847 0.021008 1.745493 -0.002578 
6 -185.561190 0.000000 4.201920 1988.791591 -0.000000 34.733163 -0.000001 
7 12.652571 0.000000 -182.734516 1988.751630 -0.000007 34.671439 0.000040 
8 210.866331 0.000000 4.201920 1989.429950 0.013858 -1.843881 -0.000339 
9 12.652571 0.000000 191.138357 1988.827370 0.000004 34.673755 -0.000036 
10 -86.454310 0.000000 -89.266298 1988.732639 -0.000004 34.724899 0.000058 
11 -185.561190 0.000000 -89.266298 1988.777641 -0.000001 34.726085 0.000013 
12 -86.454310 0.000000 -182.734516 1988.762039 -0.000002 34.706530 0.000029 
13 12.652571 0.000000 -89.266298 1988.634444 -0.000045 34.520556 0.000160 
14 -86.454310 0.000000 4.201920 1988.799391 0.000004 34.794984 -0.000010 
15 111.759451 0.000000 -89.266298 1988.752694 -0.000102 34.386998 0.000044 
16 111.759451 0.000000 -182.734516 1988.766224 -0.000012 34.641410 0.000026 
17 210.866331 0.000000 -89.266298 1988.785238 -0.000106 34.401869 0.000011 
18 111.759451 0.000000 4.201920 1989.323643 0.015159 4.346835 -0.000236 
19 -86.454310 0.000000 97.670139 1988.847124 0.000004 34.720093 -0.000057 
20 -185.561190 0.000000 97.670139 1988.804298 0.000000 34.724980 -0.000014 
21 12.652571 0.000000 97.670139 1988.927146 0.000037 34.547304 -0.000135 
22 -86.454310 0.000000 191.138357 1988.817874 0.000001 34.705919 -0.000027 
23 -36.900870 0.000000 -42.532189 1988.506413 0.000760 34.753232 0.000285 
24 -86.454310 0.000000 -42.532189 1988.733974 -0.000015 34.763876 0.000056 
25 -36.900870 0.000000 -89.266298 1988.667978 -0.000048 34.672633 0.000124 
26 12.652571 0.000000 -42.532189 1988.115577 -0.014305 33.739014 0.000695 
27 -36.900870 0.000000 4.201920 1988.894124 -0.000496 35.185788 -0.000113 
28 111.759451 0.000000 97.670139 1988.836329 0.000071 34.417502 -0.000041 
29 210.866331 0.000000 97.670139 1988.806115 0.000076 34.408307 -0.000010 
30 111.759451 0.000000 191.138357 1988.815320 0.000007 34.644939 -0.000024 
31 62.206011 0.000000 -42.532189 1988.651113 -0.004750 33.345735 0.000164 
32 62.206011 0.000000 -89.266298 1988.700431 -0.000085 34.407537 0.000096 
33 111.759451 0.000000 -42.532189 1988.776665 -0.000777 33.431133 0.000036 
34 62.206011 0.000000 4.201920 1989.293463 0.027851 7.261146 -0.000214 
35 -36.900870 0.000000 50.936029 1989.047539 -0.007802 34.714840 -0.000258 
36 -86.454310 0.000000 50.936029 1988.853729 0.000004 34.756140 -0.000064 
37 12.652571 0.000000 50.936029 1989.305558 0.000395 34.015948 -0.000506 
38 -36.900870 0.000000 97.670139 1988.900628 0.000044 34.671088 -0.000110 
39 -12.124149 0.000000 -19.165134 1987.095590 0.020531 34.598712 0.001705 
40 -36.900870 0.000000 -19.165134 1988.451115 0.001213 35.036900 0.000335 
41 -12.124149 0.000000 -42.532189 1988.116520 -0.000113 34.460338 0.000682 
42 12.652571 0.000000 -19.165134 1986.792307 0.077837 30.077154 0.002084 
43 -12.124149 0.000000 4.201920 1990.750589 -0.019475 37.460995 -0.002022 
44 62.206011 0.000000 50.936029 1988.950608 0.000660 33.659919 -0.000143 
45 111.759451 0.000000 50.936029 1988.846051 0.000552 33.635530 -0.000037 
46 62.206011 0.000000 97.670139 1988.879495 0.000099 34.447118 -0.000085 
47 37.429291 0.000000 -19.165134 1988.366909 -0.005064 29.426673 0.000511 
48 37.429291 0.000000 -42.532189 1988.433653 0.006971 33.376431 0.000382 
49 62.206011 0.000000 -19.165134 1988.754460 -0.004832 29.766458 0.000117 
50 37.429291 0.000000 4.201920 1989.380274 0.020760 8.113262 -0.000305 
51 -12.124149 0.000000 27.568975 1989.928520 -0.000490 34.408471 -0.001139 
52 -36.900870 0.000000 27.568975 1989.154694 -0.019415 34.906303 -0.000370 
53 12.652571 0.000000 27.568975 1990.116469 0.003187 32.277814 -0.001292 
54 -12.124149 0.000000 50.936029 1989.267488 -0.004743 34.479640 -0.000476 
55 0.264211 0.000000 -7.481607 1977.891428 -0.005059 25.775016 0.011064 
56 -12.124149 0.000000 -7.481607 1986.330382 0.034605 36.353319 0.002442 
57 0.264211 0.000000 -19.165134 1985.865228 0.076635 32.488413 0.002976 
58 12.652571 0.000000 -7.481607 1986.005360 0.174178 16.297155 0.003035 
59 0.264211 0.000000 4.201920 2009.539772 0.006220 13.622712 -0.020711 
60 37.429291 0.000000 27.568975 1989.305147 0.001024 31.465772 -0.000463 
61 62.206011 0.000000 27.568975 1988.986926 -0.008546 31.434468 -0.000143 
62 37.429291 0.000000 50.936029 1989.105976 -0.016852 33.714725 -0.000300 
63 25.040931 0.000000 -7.481607 1987.879253 0.000754 19.702173 0.001122 
64 25.040931 0.000000 -19.165134 1987.816244 0.020599 29.500681 0.001064 
65 37.429291 0.000000 -7.481607 1988.705408 -0.017961 20.388574 0.000285 
66 25.040931 0.000000 4.201920 1989.879828 0.000000 8.030524 -0.000807 
67 25.040931 0.000000 15.885447 1989.977763 -0.008239 27.145794 -0.001076 
68 12.652571 0.000000 15.885447 1991.403298 -0.096285 27.814123 -0.002519 
69 37.429291 0.000000 15.885447 1989.358906 0.006042 27.053550 -0.000452 
70 25.040931 0.000000 27.568975 1989.606167 -0.010406 31.714651 -0.000770 
71 18.846751 0.000000 -1.639843 1988.544319 -0.018780 15.493093 0.000491 
72 12.652571 0.000000 -1.639843 1987.108520 -0.028756 -20.686938 0.001887 
73 18.846751 0.000000 -7.481607 1988.271700 0.044205 18.567439 0.000739 
74 25.040931 0.000000 -1.639843 1988.667788 -0.024523 15.428201 0.000368 
75 18.846751 0.000000 4.201920 1988.763571 0.000000 5.893862 0.000323 
76 0.264211 0.000000 15.885447 1992.750895 -0.115362 31.539957 -0.003932 
77 -12.124149 0.000000 15.885447 1990.877946 -0.016126 34.849449 -0.002102 
78 0.264211 0.000000 27.568975 1990.337743 -0.012111 33.380309 -0.001533 
79 6.458391 0.000000 -1.639843 1988.182830 -0.001490 -46.503567 0.000369 
80 0.264211 0.000000 -1.639843 1958.262005 -0.005909 -12.054948 0.030723 
81 6.458391 0.000000 -7.481607 1981.436308 -0.008274 18.067187 0.007602 
82 6.458391 0.000000 4.201920 1998.900882 0.013536 2.244755 -0.009887 
83 18.846751 0.000000 10.043684 1990.532704 -0.059100 21.179716 -0.001561 
84 12.652571 0.000000 10.043684 1992.116191 -0.160096 20.993257 -0.003153 
85 25.040931 0.000000 10.043684 1989.959096 0.000000 19.024510 -0.000962 
86 18.846751 0.000000 15.885447 1990.535524 -0.057613 27.278409 -0.001639 
87 15.749661 0.000000 1.281038 1984.677707 0.000000 -16.502320 0.004366 
88 12.652571 0.000000 1.281038 1989.763090 0.025942 -22.852176 -0.000805 
89 15.749661 0.000000 -1.639843 1988.576020 -0.025335 15.512365 0.000459 
90 18.846751 0.000000 1.281038 1985.389953 -0.000000 -6.892571 0.003708 
91 15.749661 0.000000 4.201920 1987.635068 0.000000 -2.204503 0.001465 
92 161.312891 0.000000 50.936029 1988.823591 0.000556 33.612989 -0.000014 
93 161.312891 0.000000 4.201920 1989.377526 0.029547 1.164113 -0.000286 
94 210.866331 0.000000 50.936029 1988.816613 0.000585 33.583267 -0.000007 
95 161.312891 0.000000 97.670139 1988.815336 0.000074 34.411184 -0.000020 
96 86.982731 0.000000 27.568975 1988.900289 0.002883 31.402834 -0.000055 
97 86.982731 0.000000 4.201920 1989.301231 -0.039059 5.856473 -0.000218 
98 111.759451 0.000000 27.568975 1988.872765 -0.001737 31.344818 -0.000026 
99 86.982731 0.000000 50.936029 1988.876079 0.002786 33.644768 -0.000068 
100 49.817651 0.000000 15.885447 1989.096729 0.007933 27.061013 -0.000188 
101 49.817651 0.000000 4.201920 1989.306311 0.022717 7.841247 -0.000230 
102 62.206011 0.000000 15.885447 1989.020888 0.008152 26.958890 -0.000111 
103 49.817651 0.000000 27.568975 1989.069499 0.002507 31.475605 -0.000226 
104 31.235111 0.000000 10.043684 1989.745879 0.005125 21.245817 -0.000770 
105 31.235111 0.000000 4.201920 1989.623405 0.017102 7.913881 -0.000549 
106 37.429291 0.000000 10.043684 1989.392467 0.011783 21.256103 -0.000415 
107 31.235111 0.000000 15.885447 1989.611726 0.005604 27.076030 -0.000707 
108 161.312891 0.000000 -42.532189 1988.798162 -0.000750 33.490361 0.000013 
109 161.312891 0.000000 -89.266298 1988.775684 -0.000106 34.393100 0.000020 
110 210.866331 0.000000 -42.532189 1988.804520 -0.000717 33.540522 0.000006 
111 86.982731 0.000000 -19.165134 1988.828743 -0.006466 30.002092 0.000039 
112 86.982731 0.000000 -42.532189 1988.745529 0.003712 33.392893 0.000068 
113 111.759451 0.000000 -19.165134 1988.849487 -0.001688 30.178762 0.000015 
114 49.817651 0.000000 -7.481607 1988.924081 -0.013566 21.136416 0.000057 
115 49.817651 0.000000 -19.165134 1988.665116 -0.004850 29.651782 0.000208 
116 62.206011 0.000000 -7.481607 1988.961282 -0.016895 21.544564 0.000016 
117 31.235111 0.000000 -1.639843 1988.773746 -0.036362 14.864802 0.000266 
118 31.235111 0.000000 -7.481607 1988.303342 -0.013109 19.982395 0.000693 
119 37.429291 0.000000 -1.639843 1989.077058 -0.036610 14.651154 -0.000038 
120 28.138021 0.000000 7.122802 1989.827868 0.000000 17.650016 -0.000817 
121 25.040931 0.000000 7.122802 1989.922499 0.000000 16.115057 -0.000899 
122 28.138021 0.000000 4.201920 1989.834953 0.007943 7.790121 -0.000761 
123 31.235111 0.000000 7.122802 1989.681666 0.016074 16.006005 -0.000656 
124 28.138021 0.000000 10.043684 1989.782468 0.000000 18.987410 -0.000784 
125 21.943841 0.000000 7.122802 1989.897340 0.000000 15.711487 -0.000871 
126 18.846751 0.000000 7.122802 1989.576255 0.000000 11.664207 -0.000520 
127 21.943841 0.000000 4.201920 1989.437208 -0.000000 7.700158 -0.000361 
128 21.943841 0.000000 10.043684 1989.995204 0.000000 18.988867 -0.000998 
129 62.206011 0.000000 144.404248 1988.842448 0.000016 34.604007 -0.000050 
130 12.652571 0.000000 144.404248 1988.854864 0.000011 34.641251 -0.000063 
131 111.759451 0.000000 144.404248 1988.824760 0.000019 34.584822 -0.000032 
132 62.206011 0.000000 191.138357 1988.823002 0.000006 34.656447 -0.000032 
133 37.429291 0.000000 74.303084 1988.971033 0.003193 34.293287 -0.000174 
134 12.652571 0.000000 74.303084 1989.022729 0.002836 34.415791 -0.000228 
135 62.206011 0.000000 74.303084 1988.909301 -0.011170 34.231788 -0.000111 
136 37.429291 0.000000 97.670139 1988.907765 0.000051 34.486849 -0.000114 
137 25.040931 0.000000 39.252502 1989.424871 0.011907 33.173674 -0.000611 
138 12.652571 0.000000 39.252502 1989.613280 -0.016826 33.501226 -0.000806 
139 37.429291 0.000000 39.252502 1989.163322 -0.007039 33.069107 -0.000347 
140 25.040931 0.000000 50.936029 1989.228183 0.000524 33.816652 -0.000425 
141 31.235111 0.000000 21.727211 1989.543174 0.002129 29.956606 -0.000679 
142 25.040931 0.000000 21.727211 1989.783980 0.001547 30.108861 -0.000924 
143 37.429291 0.000000 21.727211 1989.343832 0.002593 29.879100 -0.000477 
144 31.235111 0.000000 27.568975 1989.469127 0.000561 31.516046 -0.000629 
145 28.138021 0.000000 12.964566 1989.867295 -0.001589 24.732823 -0.000933 
146 25.040931 0.000000 12.964566 1990.023756 -0.005874 24.831929 -0.001092 
147 31.235111 0.000000 12.964566 1989.641259 -0.007330 24.740087 -0.000706 
148 28.138021 0.000000 15.885447 1989.795350 -0.004489 27.092754 -0.000891 
149 26.589476 0.000000 8.583243 1989.857637 0.000000 18.473737 -0.000855 
150 25.040931 0.000000 8.583243 1989.937180 0.000000 18.583736 -0.000936 
151 26.589476 0.000000 7.122802 1989.886613 -0.000000 16.260382 -0.000865 
152 28.138021 0.000000 8.583243 1989.770970 0.000000 18.881238 -0.000772 
153 26.589476 0.000000 10.043684 1989.856180 0.000000 19.033159 -0.000859 
154 43.623471 0.000000 10.043684 1989.229861 0.011474 21.222201 -0.000251 
155 43.623471 0.000000 4.201920 1989.309761 0.021226 8.065488 -0.000234 
156 49.817651 0.000000 10.043684 1989.161148 0.008050 21.164706 -0.000181 
157 43.623471 0.000000 15.885447 1989.209250 0.006535 27.016864 -0.000301 
158 34.332201 0.000000 7.122802 1989.533080 0.021275 16.027838 -0.000507 
159 34.332201 0.000000 4.201920 1989.455227 0.020388 8.081092 -0.000380 
160 37.429291 0.000000 7.122802 1989.428532 0.021640 16.009203 -0.000402 
161 34.332201 0.000000 10.043684 1989.571161 0.011591 21.211711 -0.000594 
162 29.686566 0.000000 8.583243 1989.756056 0.000000 19.000097 -0.000758 
163 29.686566 0.000000 7.122802 1989.779958 0.014756 15.995234 -0.000755 
164 31.235111 0.000000 8.583243 1989.698924 0.009268 18.893956 -0.000699 
165 29.686566 0.000000 10.043684 1989.785691 0.003684 21.247676 -0.000810 
166 18.846751 0.000000 21.727211 1990.210856 -0.024855 30.304166 -0.001356 
167 12.652571 0.000000 21.727211 1990.764494 -0.010470 30.745667 -0.001920 
168 18.846751 0.000000 27.568975 1989.879106 -0.007131 31.914798 -0.001048 
169 21.943841 0.000000 12.964566 1990.298978 -0.042335 24.786250 -0.001368 
170 18.846751 0.000000 12.964566 1990.581710 -0.053261 24.834023 -0.001653 
171 21.943841 0.000000 15.885447 1990.198372 -0.038202 27.219104 -0.001299 
172 26.589476 0.000000 11.504125 1989.954612 -0.001841 23.271227 -0.001003 
173 25.040931 0.000000 11.504125 1990.055573 -0.023496 23.236258 -0.001104 
174 28.138021 0.000000 11.504125 1989.900605 0.000301 23.184620 -0.000948 
175 26.589476 0.000000 12.964566 1989.912466 -0.003616 24.825625 -0.000979 
176 27.363748 0.000000 9.313463 1989.816775 0.000000 20.080491 -0.000829 
177 26.589476 0.000000 9.313463 1989.852734 -0.000000 20.159939 -0.000866 
178 27.363748 0.000000 8.583243 1989.811282 0.000000 18.754435 -0.000811 
179 28.138021 0.000000 9.313463 1989.758612 0.000000 20.245060 -0.000773 
180 27.363748 0.000000 10.043684 1989.806275 -0.000000 18.997392 -0.000808 
181 34.332201 0.000000 12.964566 1989.509611 0.008847 24.701038 -0.000573 
182 37.429291 0.000000 12.964566 1989.386123 0.008816 24.685173 -0.000448 
183 34.332201 0.000000 15.885447 1989.479917 0.006047 27.059227 -0.000574 
184 29.686566 0.000000 11.504125 1989.816919 0.002121 23.150865 -0.000863 
185 31.235111 0.000000 11.504125 1989.719081 -0.004665 23.148983 -0.000765 
186 29.686566 0.000000 12.964566 1989.757333 0.000070 24.716116 -0.000822 
187 28.912293 0.000000 9.313463 1989.731137 0.000000 19.814703 -0.000741 
188 28.912293 0.000000 8.583243 1989.766485 0.000000 18.987416 -0.000768 
189 29.686566 0.000000 9.313463 1989.753123 0.000000 18.994533 -0.000755 
190 28.912293 0.000000 10.043684 1989.756423 0.000000 19.001024 -0.000758 
191 27.363748 0.000000 10.773904 1989.916687 -0.000048 22.369649 -0.000954 
192 26.589476 0.000000 10.773904 1989.970430 -0.001339 22.353521 -0.001008 
193 28.138021 0.000000 10.773904 1989.913979 0.001172 22.274698 -0.000951 
194 27.363748 0.000000 11.504125 1989.898217 -0.000726 23.283317 -0.000946 
195 27.750884 0.000000 9.678574 1989.775264 0.000000 20.525838 -0.000792 
196 27.363748 0.000000 9.678574 1989.788781 -0.000000 20.549362 -0.000806 
197 27.750884 0.000000 9.313463 1989.787105 0.000000 20.303354 -0.000802 
198 28.138021 0.000000 9.678574 1989.771983 0.000000 20.286588 -0.000786 
199 27.750884 0.000000 10.043684 1989.792127 0.000000 18.994783 -0.000794 
200 23.492386 0.000000 8.583243 1989.987808 0.000000 18.793711 -0.000989 
201 21.943841 0.000000 8.583243 1989.945395 0.000000 17.173620 -0.000931 
202 23.492386 0.000000 7.122802 1989.921090 0.000000 16.269131 -0.000899 
203 23.492386 0.000000 10.043684 1989.981741 0.000000 18.994656 -0.000985 
204 25.815203 0.000000 9.313463 1989.899649 -0.000000 20.146236 -0.000913 
205 25.040931 0.000000 9.313463 1989.932055 -0.000000 20.236392 -0.000947 
206 25.815203 0.000000 8.583243 1989.903971 0.000000 18.587129 -0.000903 
207 25.815203 0.000000 10.043684 1989.910862 -0.000000 19.055217 -0.000914 
208 26.976612 0.000000 9.678574 1989.809728 0.000000 20.509208 -0.000827 
209 26.589476 0.000000 9.678574 1989.824623 -0.000000 20.463547 -0.000841 
210 26.976612 0.000000 9.313463 1989.818813 0.000000 20.157604 -0.000832 
211 26.976612 0.000000 10.043684 1989.834646 -0.000000 19.008621 -0.000837 
212 28.138021 0.000000 1.281038 1989.500381 0.007457 -3.515919 -0.000412 
213 25.040931 0.000000 1.281038 1989.677291 0.000000 1.902740 -0.000588 
214 28.138021 0.000000 -1.639843 1988.670795 -0.034806 14.681206 0.000370 
215 31.235111 0.000000 1.281038 1989.316007 0.010748 -2.819873 -0.000226 
216 26.589476 0.000000 5.662361 1989.883087 0.000000 13.168819 -0.000838 
217 25.040931 0.000000 5.662361 1989.897809 0.000000 12.260662 -0.000847 
218 26.589476 0.000000 4.201920 1989.897905 0.000000 10.143773 -0.000835 
219 28.138021 0.000000 5.662361 1989.870982 0.000000 15.307974 -0.000841 
220 27.363748 0.000000 7.853022 1989.833932 -0.000000 17.750650 -0.000824 
221 26.589476 0.000000 7.853022 1989.864061 0.000000 17.587258 -0.000853 
222 27.363748 0.000000 7.122802 1989.864273 0.000000 16.569137 -0.000845 
223 28.138021 0.000000 7.853022 1989.809126 0.000000 18.225737 -0.000804 
224 27.750884 0.000000 8.948353 1989.791445 0.000000 18.992961 -0.000793 
225 27.363748 0.000000 8.948353 1989.813835 0.000000 19.087503 -0.000817 
226 27.750884 0.000000 8.583243 1989.790897 -0.000000 18.841055 -0.000791 
227 28.138021 0.000000 8.948353 1989.777698 0.000000 18.993769 -0.000779 
228 27.557316 0.000000 9.496019 1989.787050 -0.000000 20.622114 -0.000805 
229 27.363748 0.000000 9.496019 1989.797760 -0.000000 20.557857 -0.000815 
230 27.557316 0.000000 9.313463 1989.797236 -0.000000 20.299545 -0.000812 
231 27.750884 0.000000 9.496019 1989.778576 0.000000 20.654092 -0.000797 
232 27.557316 0.000000 9.678574 1989.782888 0.000000 20.521425 -0.000800 
233 26.976612 0.000000 8.948353 1989.826569 0.000000 19.262958 -0.000831 
234 26.589476 0.000000 8.948353 1989.852027 -0.000000 19.339999 -0.000857 
235 26.976612 0.000000 8.583243 1989.842626 0.000000 18.778826 -0.000843 
236 27.170180 0.000000 9.496019 1989.805149 -0.000000 20.538763 -0.000822 
237 26.976612 0.000000 9.496019 1989.809120 0.000000 20.550061 -0.000827 
238 27.170180 0.000000 9.313463 1989.814268 0.000000 20.201653 -0.000828 
239 27.170180 0.000000 9.678574 1989.801601 -0.000000 20.504137 -0.000818 
240 28.912293 0.000000 10.773904 1989.862825 0.002266 22.287749 -0.000899 
241 29.686566 0.000000 10.773904 1989.822664 0.003199 22.270816 -0.000859 
242 28.912293 0.000000 11.504125 1989.856247 0.001272 23.174489 -0.000903 
243 27.750884 0.000000 10.408794 1989.852074 0.000731 21.861080 -0.000884 
244 27.363748 0.000000 10.408794 1989.822747 0.000000 18.975424 -0.000824 
245 28.138021 0.000000 10.408794 1989.831628 0.001438 21.856290 -0.000863 
246 27.750884 0.000000 10.773904 1989.896060 0.000591 22.363589 -0.000934 
247 27.557316 0.000000 9.861129 1989.793639 0.000000 18.994696 -0.000795 
248 27.363748 0.000000 9.861129 1989.803061 0.000000 19.003030 -0.000805 
249 27.750884 0.000000 9.861129 1989.791736 0.000000 18.994342 -0.000793 
250 27.557316 0.000000 10.043684 1989.793706 0.000000 18.995131 -0.000795 
251 27.460532 0.000000 9.587296 1989.780852 -0.000000 20.678943 -0.000799 
252 27.363748 0.000000 9.587296 1989.787820 -0.000000 20.632044 -0.000806 
253 27.460532 0.000000 9.496019 1989.792148 -0.000000 20.608160 -0.000810 
254 27.557316 0.000000 9.587296 1989.778403 0.000000 20.691373 -0.000797 
255 27.460532 0.000000 9.678574 1989.784830 0.000000 20.563222 -0.000802 
256 23.492386 0.000000 11.504125 1990.171597 -0.018869 23.197591 -0.001220 
257 21.943841 0.000000 11.504125 1990.274610 -0.041194 23.185343 -0.001324 
258 23.492386 0.000000 12.964566 1990.169054 -0.035530 24.788614 -0.001237 
259 25.815203 0.000000 10.773904 1990.031448 -0.020011 22.327609 -0.001069 
260 25.040931 0.000000 10.773904 1990.084735 -0.025896 22.304851 -0.001123 
261 25.815203 0.000000 11.504125 1989.988649 -0.003044 23.265204 -0.001037 
262 26.976612 0.000000 10.408794 1989.844132 0.000000 19.028803 -0.000847 
263 26.589476 0.000000 10.408794 1989.869243 -0.000000 19.065902 -0.000872 
264 26.976612 0.000000 10.773904 1989.950763 -0.000659 22.347651 -0.000988 
265 27.170180 0.000000 9.861129 1989.810378 0.000000 19.006288 -0.000812 
266 26.976612 0.000000 9.861129 1989.834255 -0.000000 19.018639 -0.000836 
267 27.170180 0.000000 10.043684 1989.824334 -0.000000 19.008494 -0.000826 
268 27.266964 0.000000 9.587296 1989.793520 -0.000000 20.633650 -0.000812 
269 27.170180 0.000000 9.587296 1989.802596 -0.000000 20.550168 -0.000820 
270 27.266964 0.000000 9.496019 1989.802259 -0.000000 20.591888 -0.000820 
271 27.266964 0.000000 9.678574 1989.795033 -0.000000 20.531450 -0.000812 
272 27.460532 0.000000 9.769851 1989.782234 0.000000 20.172214 -0.000796 
273 27.363748 0.000000 9.769851 1989.789504 -0.000000 20.029324 -0.000801 
274 27.557316 0.000000 9.769851 1989.780052 0.000000 20.291014 -0.000795 
275 27.460532 0.000000 9.861129 1989.801858 0.000000 19.002417 -0.000804 
276 27.412140 0.000000 9.632935 1989.785209 -0.000000 20.627947 -0.000803 
277 27.363748 0.000000 9.632935 1989.786016 -0.000000 20.626683 -0.000804 
278 27.412140 0.000000 9.587296 1989.784819 -0.000000 20.642893 -0.000803 
279 27.460532 0.000000 9.632935 1989.782213 0.000000 20.646104 -0.000800 
280 27.412140 0.000000 9.678574 1989.788267 -0.000000 20.562459 -0.000806 
281 21.943841 0.000000 1.281038 1988.588957 0.000000 -4.269959 0.000503 
282 21.943841 0.000000 -1.639843 1988.613663 -0.024088 15.456133 0.000422 
283 62.206011 0.000000 -136.000407 1988.736910 -0.000024 34.593572 0.000056 
284 12.652571 0.000000 -136.000407 1988.720818 -0.000015 34.634659 0.000071 
285 62.206011 0.000000 -182.734516 1988.757123 -0.000010 34.652823 0.000035 
286 111.759451 0.000000 -136.000407 1988.758195 -0.000029 34.575648 0.000035 
287 37.429291 0.000000 -65.899244 1988.582603 -0.002540 34.181319 0.000218 
288 12.652571 0.000000 -65.899244 1988.500586 0.006292 34.337964 0.000298 
289 37.429291 0.000000 -89.266298 1988.662314 -0.000067 34.448329 0.000133 
290 62.206011 0.000000 -65.899244 1988.676171 0.005161 34.131671 0.000125 
291 25.040931 0.000000 -30.848662 1988.050766 0.008839 32.392529 0.000783 
292 12.652571 0.000000 -30.848662 1987.771257 -0.003387 32.888220 0.001056 
293 25.040931 0.000000 -42.532189 1988.308430 0.025105 33.507728 0.000505 
294 37.429291 0.000000 -30.848662 1988.359824 0.013384 32.254033 0.000475 
295 18.846751 0.000000 -13.323371 1987.267671 0.059830 26.069844 0.001663 
296 12.652571 0.000000 -13.323371 1986.139585 0.113261 26.150570 0.002795 
297 18.846751 0.000000 -19.165134 1987.380551 0.015859 29.636458 0.001500 
298 25.040931 0.000000 -13.323371 1987.754474 0.004016 26.203365 0.001172 
299 21.943841 0.000000 -4.560725 1988.814990 -0.000866 14.963540 0.000223 
300 18.846751 0.000000 -4.560725 1990.696569 0.022855 12.602500 -0.001653 
301 21.943841 0.000000 -7.481607 1988.041028 0.016941 19.451080 0.000962 
302 25.040931 0.000000 -4.560725 1988.069363 -0.007209 15.337511 0.000970 
303 23.492386 0.000000 -0.179403 1988.990871 -0.004451 -2.625638 0.000101 
304 21.943841 0.000000 -0.179403 1988.214934 -0.005731 -1.972530 0.000882 
305 23.492386 0.000000 -1.639843 1988.640264 -0.023868 15.441769 0.000395 
306 25.040931 0.000000 -0.179403 1989.105414 0.090483 -3.954040 -0.000016 
307 23.492386 0.000000 1.281038 1989.272571 -0.000000 -3.399984 -0.000183 
308 6.458391 0.000000 10.043684 1994.849972 -0.265042 22.942381 -0.005930 
309 0.264211 0.000000 10.043684 1996.662003 -0.180706 28.400745 -0.007828 
310 6.458391 0.000000 15.885447 1992.469723 -0.121078 29.201290 -0.003613 
311 9.555481 0.000000 1.281038 1994.723259 0.022306 -24.809100 -0.005824 
312 6.458391 0.000000 1.281038 1988.182830 -0.001490 -46.503567 0.000369 
313 9.555481 0.000000 -1.639843 1982.541038 -0.025005 -20.932032 0.006467 
314 9.555481 0.000000 4.201920 1994.897279 0.017652 1.261710 -0.005845 
315 15.749661 0.000000 -4.560725 1990.208357 0.068958 7.214010 -0.001135 
316 12.652571 0.000000 -4.560725 1986.516004 -0.021520 4.685455 0.002584 
317 15.749661 0.000000 -7.481607 1987.624565 0.092514 17.125873 0.001402 
318 14.201116 0.000000 -0.179403 1985.199082 -0.000000 -33.839558 0.003622 
319 12.652571 0.000000 -0.179403 1987.939562 -0.002757 -46.405189 0.000616 
320 14.201116 0.000000 -1.639843 1989.507283 -0.029211 -21.744871 -0.000536 
321 15.749661 0.000000 -0.179403 1982.716725 -0.009764 -12.457641 0.006362 
322 14.201116 0.000000 1.281038 1986.924901 0.000000 -21.949977 0.002057 
323 -36.900870 0.000000 -136.000407 1988.728155 -0.000007 34.682346 0.000063 
324 -86.454310 0.000000 -136.000407 1988.749197 -0.000003 34.709958 0.000042 
325 -36.900870 0.000000 -182.734516 1988.753962 -0.000004 34.691776 0.000037 
326 161.312891 0.000000 -136.000407 1988.772652 -0.000032 34.571843 0.000020 
327 161.312891 0.000000 -182.734516 1988.774367 -0.000014 34.636488 0.000018 
328 210.866331 0.000000 -136.000407 1988.780808 -0.000033 34.572963 0.000012 
329 -36.900870 0.000000 144.404248 1988.848303 0.000006 34.682924 -0.000058 
330 -86.454310 0.000000 144.404248 1988.830156 0.000002 34.708264 -0.000040 
331 -36.900870 0.000000 191.138357 1988.825099 0.000003 34.692238 -0.000034 
332 -12.124149 0.000000 -65.899244 1988.511313 -0.002387 34.551000 0.000283 
333 -36.900870 0.000000 -65.899244 1988.606251 -0.000016 34.683110 0.000186 
334 -12.124149 0.000000 -89.266298 1988.637467 -0.000025 34.606396 0.000156 
335 161.312891 0.000000 144.404248 1988.811975 0.000020 34.577698 -0.000019 
336 210.866331 0.000000 144.404248 1988.804427 0.000021 34.575231 -0.000012 
337 161.312891 0.000000 191.138357 1988.808155 0.000008 34.638958 -0.000016 
338 86.982731 0.000000 -65.899244 1988.728902 0.010041 34.125645 0.000072 
339 86.982731 0.000000 -89.266298 1988.730763 -0.000109 34.388462 0.000066 
340 111.759451 0.000000 -65.899244 1988.756922 -0.000252 34.128646 0.000044 
341 -12.124149 0.000000 74.303084 1989.014095 -0.010831 34.567336 -0.000222 
342 -36.900870 0.000000 74.303084 1988.954020 0.000019 34.673902 -0.000164 
343 -12.124149 0.000000 97.670139 1988.924013 0.000023 34.616211 -0.000133 
344 0.264211 0.000000 -30.848662 1987.615576 0.012400 33.685478 0.001199 
345 -12.124149 0.000000 -30.848662 1987.852866 0.001519 34.409936 0.000948 
346 0.264211 0.000000 -42.532189 1988.062402 -0.029342 34.092560 0.000743 
347 86.982731 0.000000 74.303084 1988.866194 0.000163 34.208204 -0.000067 
348 111.759451 0.000000 74.303084 1988.841486 0.000169 34.198260 -0.000042 
349 86.982731 0.000000 97.670139 1988.855167 0.000068 34.426703 -0.000060 
350 49.817651 0.000000 -30.848662 1988.575105 -0.001722 32.290817 0.000258 
351 49.817651 0.000000 -42.532189 1988.572221 0.006865 33.339783 0.000243 
352 62.206011 0.000000 -30.848662 1988.676110 0.009097 32.320347 0.000156 
353 0.264211 0.000000 39.252502 1989.683060 -0.000842 33.974908 -0.000885 
354 -12.124149 0.000000 39.252502 1989.534808 0.024491 34.422242 -0.000743 
355 0.264211 0.000000 50.936029 1989.332187 0.000183 34.252028 -0.000537 
356 6.458391 0.000000 -13.323371 1984.597865 0.159877 27.690235 0.004321 
357 0.264211 0.000000 -13.323371 1983.871249 0.129312 30.803502 0.005004 
358 6.458391 0.000000 -19.165134 1986.154676 0.090475 31.027184 0.002709 
359 49.817651 0.000000 39.252502 1989.059641 -0.007107 32.987716 -0.000241 
360 62.206011 0.000000 39.252502 1988.975849 0.004819 32.969915 -0.000157 
361 49.817651 0.000000 50.936029 1989.024739 0.000616 33.671156 -0.000218 
362 31.235111 0.000000 -13.323371 1988.102615 -0.009171 26.177518 0.000823 
363 31.235111 0.000000 -19.165134 1988.137885 -0.004587 29.449691 0.000741 
364 37.429291 0.000000 -13.323371 1988.456432 -0.009720 26.291628 0.000466 
365 6.458391 0.000000 21.727211 1991.173477 -0.067163 31.642329 -0.002346 
366 0.264211 0.000000 21.727211 1991.289577 -0.037969 32.786224 -0.002481 
367 6.458391 0.000000 27.568975 1990.273189 -0.020398 32.775375 -0.001458 
368 9.555481 0.000000 -4.560725 1983.097364 -0.017095 4.601233 0.006014 
369 6.458391 0.000000 -4.560725 1979.331907 -0.013114 5.928490 0.009782 
370 9.555481 0.000000 -7.481607 1983.803792 -0.010527 16.620684 0.005242 
371 15.749661 0.000000 7.122802 1990.757503 -0.100204 14.619518 -0.001728 
372 12.652571 0.000000 7.122802 1992.252113 0.012559 14.133796 -0.003229 
373 15.749661 0.000000 10.043684 1991.134871 -0.097351 20.967198 -0.002165 
374 15.749661 0.000000 12.964566 1991.090033 -0.084860 24.885033 -0.002165 
375 12.652571 0.000000 12.964566 1991.792811 -0.123142 25.155930 -0.002876 
376 15.749661 0.000000 15.885447 1990.909388 -0.084290 27.475675 -0.002018 
377 43.623471 0.000000 21.727211 1989.210923 -0.005349 29.852807 -0.000343 
378 49.817651 0.000000 21.727211 1989.081599 0.004329 29.914055 -0.000214 
379 43.623471 0.000000 27.568975 1989.147261 0.002427 31.489565 -0.000305 
380 43.623471 0.000000 -1.639843 1989.315705 -0.036373 14.876473 -0.000279 
381 43.623471 0.000000 -7.481607 1988.898811 -0.018151 20.821689 0.000086 
382 49.817651 0.000000 -1.639843 1989.120138 -0.033768 14.959817 -0.000083 
383 28.138021 0.000000 -4.560725 1988.252558 -0.022393 15.732566 0.000783 
384 28.138021 0.000000 -7.481607 1988.063153 -0.011375 19.907599 0.000935 
385 31.235111 0.000000 -4.560725 1988.539557 -0.022451 16.056680 0.000492 
386 34.332201 0.000000 1.281038 1989.234737 0.011207 -2.262070 -0.000143 
387 34.332201 0.000000 -1.639843 1988.877989 -0.033899 14.850513 0.000161 
388 37.429291 0.000000 1.281038 1989.279066 0.011947 -1.945113 -0.000188 
389 29.686566 0.000000 5.662361 1989.744638 0.018311 12.444449 -0.000694 
390 29.686566 0.000000 4.201920 1989.718060 0.016298 7.902908 -0.000644 
391 31.235111 0.000000 5.662361 1989.666894 0.019371 12.383022 -0.000615 
392 23.492386 0.000000 5.662361 1989.843529 0.000000 12.551557 -0.000794 
393 21.943841 0.000000 5.662361 1989.708119 0.000000 12.394354 -0.000657 
394 23.492386 0.000000 4.201920 1989.714480 -0.000000 7.428580 -0.000639 
395 25.815203 0.000000 7.853022 1989.899604 -0.000000 17.578372 -0.000889 
396 25.040931 0.000000 7.853022 1989.930877 0.000000 17.672476 -0.000921 
397 25.815203 0.000000 7.122802 1989.902548 0.000000 15.967323 -0.000878 
398 28.912293 0.000000 7.853022 1989.785678 0.000000 18.550968 -0.000783 
399 28.912293 0.000000 7.122802 1989.804429 0.000000 17.855394 -0.000796 
400 29.686566 0.000000 7.853022 1989.753120 0.000000 18.994514 -0.000755 
401 27.266964 0.000000 9.769851 1989.798792 0.000000 19.968311 -0.000810 
402 27.170180 0.000000 9.769851 1989.802823 0.000000 20.371505 -0.000818 
403 27.266964 0.000000 9.861129 1989.804274 0.000000 19.003727 -0.000806 
404 23.492386 0.000000 2.741479 1989.543305 0.000000 2.765947 -0.000454 
405 21.943841 0.000000 2.741479 1989.077699 -0.000000 2.121432 0.000015 
406 25.040931 0.000000 2.741479 1989.745903 0.000000 4.332557 -0.000661 
407 9.555481 0.000000 7.122802 1994.343314 0.011537 14.480081 -0.005339 
408 6.458391 0.000000 7.122802 1996.878972 0.009026 15.935321 -0.007908 
409 9.555481 0.000000 10.043684 1993.367796 -0.224649 21.626324 -0.004421 
410 9.555481 0.000000 12.964566 1992.655851 -0.155167 25.751247 -0.003753 
411 6.458391 0.000000 12.964566 1993.427319 -0.172477 26.931183 -0.004546 
412 9.555481 0.000000 15.885447 1991.970508 -0.112723 28.376204 -0.003098 
413 43.623471 0.000000 -13.323371 1988.650587 -0.009465 26.429204 0.000269 
414 43.623471 0.000000 -19.165134 1988.538828 -0.005157 29.516667 0.000337 
415 49.817651 0.000000 -13.323371 1988.748085 -0.009045 26.607075 0.000168 
416 34.332201 0.000000 -4.560725 1988.763890 -0.025611 16.353180 0.000264 
417 34.332201 0.000000 -7.481607 1988.546247 -0.017996 20.219848 0.000447 
418 37.429291 0.000000 -4.560725 1988.933807 -0.025518 16.568257 0.000091 
419 26.589476 0.000000 2.741479 1989.839121 0.010439 2.089945 -0.000751 
420 26.589476 0.000000 1.281038 1989.603657 0.008956 -3.940949 -0.000517 
421 28.138021 0.000000 2.741479 1989.739359 0.008915 2.308564 -0.000651 
422 26.589476 0.000000 -0.179403 1989.059583 0.092444 -3.212120 0.000031 
423 26.589476 0.000000 -1.639843 1988.599229 -0.034611 14.402155 0.000444 
424 28.138021 0.000000 -0.179403 1989.000526 0.092470 -2.481090 0.000092 
425 29.686566 0.000000 2.741479 1989.618186 0.014652 2.527273 -0.000529 
426 29.686566 0.000000 1.281038 1989.393468 0.010528 -3.095673 -0.000304 
427 31.235111 0.000000 2.741479 1989.522782 0.015123 2.628453 -0.000434 
1 1 12 10 11 
2 11 10 14 6 
3 6 14 19 20 
4 20 19 22 4 
5 10 25 23 24 
6 24 23 27 14 
7 14 27 35 36 
8 36 35 38 19 
9 23 41 39 40 
10 40 39 43 27 
11 27 43 51 52 
12 52 51 54 35 
13 39 57 55 56 
14 56 55 59 43 
15 43 59 76 77 
16 77 76 78 51 
17 55 81 79 80 
18 80 79 82 59 
19 89 71 90 87 
20 87 90 75 91 
21 88 87 91 5 
22 18 93 92 45 
23 93 8 94 92 
24 92 94 29 95 
25 45 92 95 28 
26 34 97 96 61 
27 97 18 98 96 
28 96 98 45 99 
29 61 96 99 44 
30 101 34 102 100 
31 100 102 61 103 
32 15 109 108 33 
33 109 17 110 108 
34 108 110 8 93 
35 33 108 93 18 
36 31 112 111 49 
37 112 33 113 111 
38 111 113 18 97 
39 49 111 97 34 
40 115 49 116 114 
41 114 116 34 101 
42 75 127 125 126 
43 126 125 128 83 
44 21 46 129 130 
45 46 28 131 129 
46 129 131 30 132 
47 130 129 132 9 
48 37 62 133 134 
49 62 44 135 133 
50 133 135 46 136 
51 134 133 136 21 
52 53 70 137 138 
53 70 60 139 137 
54 137 139 62 140 
55 138 137 140 37 
56 67 107 141 142 
57 107 69 143 141 
58 141 143 60 144 
59 142 141 144 70 
60 145 147 107 148 
61 146 145 148 67 
62 50 155 154 106 
63 155 101 156 154 
64 154 156 100 157 
65 106 154 157 69 
66 105 159 158 123 
67 159 50 160 158 
68 158 160 106 161 
69 123 158 161 104 
70 163 123 164 162 
71 162 164 104 165 
72 68 86 166 167 
73 86 67 142 166 
74 166 142 70 168 
75 167 166 168 53 
76 83 128 169 170 
77 169 146 67 171 
78 170 169 171 86 
79 172 174 145 175 
80 173 172 175 146 
81 104 161 181 147 
82 161 106 182 181 
83 181 182 69 183 
84 147 181 183 107 
85 165 104 185 184 
86 184 185 147 186 
87 174 184 186 145 
88 152 188 187 179 
89 188 162 189 187 
90 187 189 165 190 
91 179 187 190 124 
92 191 193 174 194 
93 192 191 194 172 
94 197 179 198 195 
95 195 198 124 199 
96 125 202 200 201 
97 202 121 150 200 
98 200 150 85 203 
99 201 200 203 128 
100 150 206 204 205 
101 206 149 177 204 
102 204 177 153 207 
103 205 204 207 85 
104 177 210 208 209 
105 209 208 211 153 
106 214 117 215 212 
107 66 218 216 217 
108 218 122 219 216 
109 216 219 120 151 
110 217 216 151 121 
111 151 222 220 221 
112 222 120 223 220 
113 220 223 152 178 
114 221 220 178 149 
115 178 226 224 225 
116 226 152 227 224 
117 224 227 179 197 
118 225 224 197 176 
119 176 230 228 229 
120 230 197 231 228 
121 228 231 195 232 
122 149 235 233 234 
123 235 178 225 233 
124 233 225 176 210 
125 234 233 210 177 
126 210 238 236 237 
127 238 176 229 236 
128 237 236 239 208 
129 124 190 240 193 
130 190 165 241 240 
131 240 241 184 242 
132 193 240 242 174 
133 180 199 243 244 
134 199 124 245 243 
135 243 245 193 246 
136 244 243 246 191 
137 232 195 249 247 
138 247 249 199 250 
139 248 247 250 180 
140 229 253 251 252 
141 253 228 254 251 
142 251 254 232 255 
143 128 203 256 257 
144 203 85 173 256 
145 256 173 146 258 
146 257 256 258 169 
147 85 207 259 260 
148 207 153 192 259 
149 259 192 172 261 
150 260 259 261 173 
151 153 211 262 263 
152 211 180 244 262 
153 262 244 191 264 
154 263 262 264 192 
155 208 239 265 266 
156 265 248 180 267 
157 266 265 267 211 
158 236 270 268 269 
159 270 229 252 268 
160 268 252 196 271 
161 269 268 271 239 
162 196 255 272 273 
163 255 232 274 272 
164 272 274 247 275 
165 273 272 275 248 
166 252 278 276 277 
167 278 251 279 276 
168 276 279 255 280 
169 277 276 280 196 
170 71 282 281 90 
171 90 281 127 75 
172 7 285 283 284 
173 285 16 286 283 
174 283 286 15 32 
175 284 283 32 13 
176 13 289 287 288 
177 289 32 290 287 
178 287 290 31 48 
179 288 287 48 26 
180 26 293 291 292 
181 293 48 294 291 
182 291 294 47 64 
183 292 291 64 42 
184 42 297 295 296 
185 297 64 298 295 
186 295 298 63 73 
187 296 295 73 58 
188 73 301 299 300 
189 301 63 302 299 
190 299 302 74 282 
191 300 299 282 71 
192 282 305 303 304 
193 305 74 306 303 
194 303 306 213 307 
195 304 303 307 281 
196 59 82 308 309 
197 309 308 310 76 
198 79 313 311 312 
199 313 72 88 311 
200 311 88 5 314 
201 312 311 314 82 
202 58 317 315 316 
203 317 73 300 315 
204 315 300 71 89 
205 316 315 89 72 
206 72 320 318 319 
207 320 89 321 318 
208 318 321 87 322 
209 319 318 322 88 
210 12 325 323 324 
211 325 7 284 323 
212 323 284 13 25 
213 324 323 25 10 
214 16 327 326 286 
215 327 2 328 326 
216 326 328 17 109 
217 286 326 109 15 
218 19 38 329 330 
219 38 21 130 329 
220 329 130 9 331 
221 330 329 331 22 
222 25 334 332 333 
223 334 13 288 332 
224 332 288 26 41 
225 333 332 41 23 
226 28 95 335 131 
227 95 29 336 335 
228 335 336 3 337 
229 131 335 337 30 
230 32 339 338 290 
231 339 15 340 338 
232 338 340 33 112 
233 290 338 112 31 
234 35 54 341 342 
235 54 37 134 341 
236 341 134 21 343 
237 342 341 343 38 
238 41 346 344 345 
239 346 26 292 344 
240 344 292 42 57 
241 345 344 57 39 
242 44 99 347 135 
243 99 45 348 347 
244 347 348 28 349 
245 135 347 349 46 
246 48 351 350 294 
247 351 31 352 350 
248 350 352 49 115 
249 294 350 115 47 
250 51 78 353 354 
251 78 53 138 353 
252 353 138 37 355 
253 354 353 355 54 
254 57 358 356 357 
255 358 42 296 356 
256 356 296 58 81 
257 357 356 81 55 
258 60 103 359 139 
259 103 61 360 359 
260 359 360 44 361 
261 139 359 361 62 
262 64 363 362 298 
263 363 47 364 362 
264 362 364 65 118 
265 298 362 118 63 
266 76 310 365 366 
267 310 68 167 365 
268 365 167 53 367 
269 366 365 367 78 
270 81 370 368 369 
271 370 58 316 368 
272 368 316 72 313 
273 369 368 313 79 
274 5 91 371 372 
275 91 75 126 371 
276 371 126 83 373 
277 372 371 373 84 
278 84 373 374 375 
279 373 83 170 374 
280 374 170 86 376 
281 375 374 376 68 
282 69 157 377 143 
283 157 100 378 377 
284 377 378 103 379 
285 143 377 379 60 
286 65 381 380 119 
287 381 114 382 380 
288 380 382 101 155 
289 119 380 155 50 
290 63 384 383 302 
291 384 118 385 383 
292 383 385 117 214 
293 302 383 214 74 
294 117 387 386 215 
295 387 119 388 386 
296 386 388 50 159 
297 215 386 159 105 
298 122 390 389 219 
299 390 105 391 389 
300 389 391 123 163 
301 219 389 163 120 
302 127 394 392 393 
303 394 66 217 392 
304 392 217 121 202 
305 393 392 202 125 
306 121 397 395 396 
307 397 151 221 395 
308 395 221 149 206 
309 396 395 206 150 
310 120 399 398 223 
311 399 163 400 398 
312 398 400 162 188 
313 223 398 188 152 
314 239 271 401 402 
315 271 196 273 401 
316 401 273 248 403 
317 402 401 403 265 
318 281 307 404 405 
319 307 213 406 404 
320 404 406 66 394 
321 405 404 394 127 
322 82 314 407 408 
323 314 5 372 407 
324 407 372 84 409 
325 408 407 409 308 
326 308 409 410 411 
327 409 84 375 410 
328 410 375 68 412 
329 411 410 412 310 
330 47 414 413 364 
331 414 115 415 413 
332 413 415 114 381 
333 364 413 381 65 
334 118 417 416 385 
335 417 65 418 416 
336 416 418 119 387 
337 385 416 387 117 
338 213 420 419 406 
339 420 212 421 419 
340 419 421 122 218 
341 406 419 218 66 
342 74 423 422 306 
343 423 214 424 422 
344 422 424 212 420 
345 306 422 420 213 
346 212 426 425 421 
347 426 215 427 425 
348 425 427 105 390 
349 421 425 390 122 
