2 0.000000 1989.093400 115197.572811
427 349 
1 -185.561190 0.000000 -182.734516 1988.777258 0.000003 34.717150 0.000013 
2 210.866331 0.000000 -182.734516 1988.780182 -0.000040 34.635410 0.000012 
3 210.866331 0.000000 191.138357 1988.802851 0.000163 34.636463 -0.000011 
4 -185.561190 0.000000 191.138357 1988.803752 0.000015 34.716498 -0.000013 
5 12.652571 0.000000 4.201920 1991.631851 0.604022 1.750153 -0.002555 
6 -185.561190 0.000000 4.201920 1988.791588 0.000015 34.733116 -0.000001 
7 12.652571 0.000000 -182.734516 1988.751745 -0.000024 34.671545 0.000040 
8 210.866331 0.000000 4.201920 1989.428715 -0.541483 -1.772927 -0.000338 
9 12.652571 0.000000 191.138357 1988.827262 0.000087 34.673856 -0.000036 
10 -86.454310 0.000000 -89.266298 1988.732767 -0.000016 34.724857 0.000058 
11 -185.561190 0.000000 -89.266298 1988.777671 0.000006 34.726053 0.000013 
12 -86.454310 0.000000 -182.734516 1988.762113 -0.000003 34.706543 0.000029 
13 12.652571 0.000000 -89.266298 1988.634921 -0.000352 34.520957 0.000160 
14 -86.454310 0.000000 4.201920 1988.799370 0.000111 34.794810 -0.000010 
15 111.759451 0.000000 -89.266298 1988.752845 -0.000585 34.387962 0.000044 
16 111.759451 0.000000 -182.734516 1988.766304 -0.000040 34.641616 0.000026 
17 210.866331 0.000000 -89.266298 1988.785260 -0.000549 34.402801 0.000011 
18 111.759451 0.000000 4.201920 1989.322503 0.013643 4.411162 -0.000235 
19 -86.454310 0.000000 97.670139 1988.846994 0.000082 34.720065 -0.000057 
20 -185.561190 0.000000 97.670139 1988.804264 0.000019 34.724952 -0.000014 
21 12.652571 0.000000 97.670139 1988.926741 0.000532 34.547658 -0.000134 
22 -86.454310 0.000000 191.138357 1988.817801 0.000037 34.705936 -0.000027 
23 -36.900870 0.000000 -42.532189 1988.506899 0.000750 34.753011 0.000284 
24 -86.454310 0.000000 -42.532189 1988.734081 -0.000371 34.763751 0.000056 
25 -36.900870 0.000000 -89.266298 1988.668270 -0.001092 34.672670 0.000124 
26 12.652571 0.000000 -42.532189 1988.116346 -0.017669 33.740199 0.000694 
27 -36.900870 0.000000 4.201920 1988.894000 -0.000520 35.185194 -0.000112 
28 111.759451 0.000000 97.670139 1988.836159 0.000993 34.418352 -0.000041 
29 210.866331 0.000000 97.670139 1988.806062 0.001105 34.409199 -0.000010 
30 111.759451 0.000000 191.138357 1988.815240 0.000138 34.645133 -0.000024 
31 62.206011 0.000000 -42.532189 1988.651830 -0.007328 33.349739 0.000163 
32 62.206011 0.000000 -89.266298 1988.700780 -0.000547 34.408379 0.000095 
33 111.759451 0.000000 -42.532189 1988.776761 -0.005486 33.435030 0.000036 
34 62.206011 0.000000 4.201920 1989.292082 0.026986 7.322176 -0.000213 
35 -36.900870 0.000000 50.936029 1989.047042 -0.007673 34.714719 -0.000258 
36 -86.454310 0.000000 50.936029 1988.853601 0.000101 34.756036 -0.000064 
37 12.652571 0.000000 50.936029 1989.304164 0.005716 34.017019 -0.000504 
38 -36.900870 0.000000 97.670139 1988.900360 0.001110 34.671144 -0.000110 
39 -12.124149 0.000000 -19.165134 1987.096717 0.016978 34.597974 0.001704 
40 -36.900870 0.000000 -19.165134 1988.451452 0.002088 35.036391 0.000335 
41 -12.124149 0.000000 -42.532189 1988.117633 0.000221 34.460328 0.000681 
42 12.652571 0.000000 -19.165134 1986.799515 0.036964 30.080426 0.002076 
43 -12.124149 0.000000 4.201920 1990.750643 -0.016548 37.460132 -0.002022 
44 62.206011 0.000000 50.936029 1988.949882 0.007960 33.662836 -0.000142 
45 111.759451 0.000000 50.936029 1988.845826 0.007222 33.638651 -0.000037 
46 62.206011 0.000000 97.670139 1988.879174 0.001917 34.447827 -0.000085 
47 37.429291 0.000000 -19.165134 1988.370800 -0.043957 29.442833 0.000507 
48 37.429291 0.000000 -42.532189 1988.435235 0.002268 33.379858 0.000380 
49 62.206011 0.000000 -19.165134 1988.754916 -0.041829 29.782235 0.000116 
50 37.429291 0.000000 4.201920 1989.374333 0.008803 8.178745 -0.000299 
51 -12.124149 0.000000 27.568975 1989.927190 0.002627 34.408203 -0.001138 
52 -36.900870 0.000000 27.568975 1989.154281 -0.019112 34.905993 -0.000369 
53 12.652571 0.000000 27.568975 1990.112391 0.020419 32.280238 -0.001288 
54 -12.124149 0.000000 50.936029 1989.266571 -0.004600 34.479805 -0.000475 
55 0.264211 0.000000 -7.481607 1977.895209 -0.055386 25.765290 0.011060 
56 -12.124149 0.000000 -7.481607 1986.330362 0.030306 36.352004 0.002442 
57 0.264211 0.000000 -19.165134 1985.868485 0.061791 32.487694 0.002973 
58 12.652571 0.000000 -7.481607 1986.020493 -0.104959 16.296374 0.003020 
59 0.264211 0.000000 4.201920 2009.537581 0.069160 13.600605 -0.020709 
60 37.429291 0.000000 27.568975 1989.301982 0.029411 31.473981 -0.000460 
61 62.206011 0.000000 27.568975 1988.985932 0.021679 31.443700 -0.000142 
62 37.429291 0.000000 50.936029 1989.104703 -0.015488 33.717063 -0.000299 
63 25.040931 0.000000 -7.481607 1987.904524 -0.222468 19.750742 0.001096 
64 25.040931 0.000000 -19.165134 1987.824439 -0.023912 29.512361 0.001055 
65 37.429291 0.000000 -7.481607 1988.709132 -0.181812 20.440752 0.000281 
66 25.040931 0.000000 4.201920 1989.890868 0.000000 7.922980 -0.000818 
67 25.040931 0.000000 15.885447 1989.967839 0.106338 27.160240 -0.001066 
68 12.652571 0.000000 15.885447 1991.394676 -0.016151 27.818252 -0.002511 
69 37.429291 0.000000 15.885447 1989.354074 0.129159 27.073754 -0.000447 
70 25.040931 0.000000 27.568975 1989.601862 0.015467 31.720433 -0.000766 
71 18.846751 0.000000 -1.639843 1988.531138 -0.728656 15.493030 0.000504 
72 12.652571 0.000000 -1.639843 1987.118848 -0.829789 -20.686076 0.001876 
73 18.846751 0.000000 -7.481607 1988.303283 -0.251601 18.587849 0.000707 
74 25.040931 0.000000 -1.639843 1988.652443 -0.669396 15.428160 0.000383 
75 18.846751 0.000000 4.201920 1988.765495 0.000000 5.811541 0.000321 
76 0.264211 0.000000 15.885447 1992.747319 -0.088652 31.538938 -0.003929 
77 -12.124149 0.000000 15.885447 1990.876864 -0.010472 34.848572 -0.002101 
78 0.264211 0.000000 27.568975 1990.334857 -0.004280 33.380546 -0.001530 
79 6.458391 0.000000 -1.639843 1988.177715 -0.021004 -46.503418 0.000374 
80 0.264211 0.000000 -1.639843 1958.262625 -0.076055 -12.101568 0.030723 
81 6.458391 0.000000 -7.481607 1981.449263 -0.159656 18.061185 0.007589 
82 6.458391 0.000000 4.201920 1998.878891 0.278689 2.235005 -0.009865 
83 18.846751 0.000000 10.043684 1990.514622 0.211923 21.194008 -0.001543 
84 12.652571 0.000000 10.043684 1992.104228 0.043384 20.996450 -0.003141 
85 25.040931 0.000000 10.043684 1990.023883 0.000000 18.892155 -0.001026 
86 18.846751 0.000000 15.885447 1990.524909 0.045423 27.287438 -0.001628 
87 15.749661 0.000000 1.281038 1984.644889 0.000000 -16.571726 0.004398 
88 12.652571 0.000000 1.281038 1989.742633 0.835086 -22.844999 -0.000785 
89 15.749661 0.000000 -1.639843 1988.564732 -0.798797 15.512232 0.000471 
90 18.846751 0.000000 1.281038 1985.335823 -0.000000 -6.948659 0.003762 
91 15.749661 0.000000 4.201920 1987.624816 0.000000 -2.276760 0.001475 
92 161.312891 0.000000 50.936029 1988.823479 0.007026 33.616166 -0.000014 
93 161.312891 0.000000 4.201920 1989.376264 -0.540558 1.236424 -0.000285 
94 210.866331 0.000000 50.936029 1988.816531 0.007403 33.586522 -0.000007 
95 161.312891 0.000000 97.670139 1988.815247 0.001061 34.412067 -0.000020 
96 86.982731 0.000000 27.568975 1988.899831 0.036802 31.412209 -0.000055 
97 86.982731 0.000000 4.201920 1989.300102 0.197106 5.917895 -0.000217 
98 111.759451 0.000000 27.568975 1988.872472 0.032702 31.354352 -0.000026 
99 86.982731 0.000000 50.936029 1988.875697 0.007703 33.647832 -0.000067 
100 49.817651 0.000000 15.885447 1989.094479 0.135078 27.082357 -0.000186 
101 49.817651 0.000000 4.201920 1989.304248 0.024499 7.902821 -0.000228 
102 62.206011 0.000000 15.885447 1989.019783 0.141010 26.980179 -0.000110 
103 49.817651 0.000000 27.568975 1989.067740 0.032072 31.484651 -0.000225 
104 31.235111 0.000000 10.043684 1989.734456 0.871641 21.282304 -0.000759 
105 31.235111 0.000000 4.201920 1989.611293 0.013181 7.979611 -0.000537 
106 37.429291 0.000000 10.043684 1989.386273 0.984227 21.299200 -0.000409 
107 31.235111 0.000000 15.885447 1989.604550 0.126745 27.094299 -0.000700 
108 161.312891 0.000000 -42.532189 1988.798151 -0.005176 33.494056 0.000013 
109 161.312891 0.000000 -89.266298 1988.775744 -0.000569 34.394057 0.000020 
110 210.866331 0.000000 -42.532189 1988.804482 -0.004892 33.544058 0.000006 
111 86.982731 0.000000 -19.165134 1988.828707 -0.040780 30.016928 0.000038 
112 86.982731 0.000000 -42.532189 1988.745806 -0.000530 33.396929 0.000068 
113 111.759451 0.000000 -19.165134 1988.849334 -0.034684 30.193020 0.000015 
114 49.817651 0.000000 -7.481607 1988.924332 -0.173412 21.184070 0.000057 
115 49.817651 0.000000 -19.165134 1988.666643 -0.042003 29.668282 0.000207 
116 62.206011 0.000000 -7.481607 1988.960834 -0.171888 21.589770 0.000015 
117 31.235111 0.000000 -1.639843 1988.773454 -0.350919 14.931771 0.000265 
118 31.235111 0.000000 -7.481607 1988.312974 -0.188157 20.036012 0.000683 
119 37.429291 0.000000 -1.639843 1989.076781 -0.340515 14.711037 -0.000038 
120 28.138021 0.000000 7.122802 1989.887602 0.000000 17.497132 -0.000876 
121 25.040931 0.000000 7.122802 1989.970995 0.000000 15.985427 -0.000947 
122 28.138021 0.000000 4.201920 1989.815435 0.015083 7.856435 -0.000742 
123 31.235111 0.000000 7.122802 1989.669744 0.047432 16.053198 -0.000645 
124 28.138021 0.000000 10.043684 1989.850968 0.000000 18.828157 -0.000851 
125 21.943841 0.000000 7.122802 1989.940134 0.000000 15.603076 -0.000913 
126 18.846751 0.000000 7.122802 1989.599929 0.000000 11.571835 -0.000543 
127 21.943841 0.000000 4.201920 1989.441157 -0.000000 7.608996 -0.000364 
128 21.943841 0.000000 10.043684 1990.059219 0.000000 18.863154 -0.001061 
129 62.206011 0.000000 144.404248 1988.842280 0.000262 34.604298 -0.000050 
130 12.652571 0.000000 144.404248 1988.854676 0.000185 34.641423 -0.000063 
131 111.759451 0.000000 144.404248 1988.824643 0.000313 34.585187 -0.000032 
132 62.206011 0.000000 191.138357 1988.822901 0.000116 34.656601 -0.000032 
133 37.429291 0.000000 74.303084 1988.970389 0.004347 34.294286 -0.000174 
134 12.652571 0.000000 74.303084 1989.022043 0.003614 34.416359 -0.000228 
135 62.206011 0.000000 74.303084 1988.908821 -0.009648 34.233106 -0.000111 
136 37.429291 0.000000 97.670139 1988.907373 0.000701 34.487401 -0.000114 
137 25.040931 0.000000 39.252502 1989.422301 0.020528 33.176667 -0.000609 
138 12.652571 0.000000 39.252502 1989.611074 -0.011024 33.502848 -0.000804 
139 37.429291 0.000000 39.252502 1989.161503 0.002487 33.073175 -0.000345 
140 25.040931 0.000000 50.936029 1989.226771 0.000439 33.818367 -0.000423 
141 31.235111 0.000000 21.727211 1989.538214 0.054722 29.967557 -0.000674 
142 25.040931 0.000000 21.727211 1989.778015 0.052610 30.117538 -0.000918 
143 37.429291 0.000000 21.727211 1989.339854 0.056821 29.891591 -0.000474 
144 31.235111 0.000000 27.568975 1989.465213 0.028659 31.523307 -0.000625 
145 28.138021 0.000000 12.964566 1989.855970 0.204591 24.755571 -0.000922 
146 25.040931 0.000000 12.964566 1990.010636 0.190921 24.851434 -0.001079 
147 31.235111 0.000000 12.964566 1989.632321 0.204012 24.764632 -0.000697 
148 28.138021 0.000000 15.885447 1989.786692 0.114330 27.109420 -0.000883 
149 26.589476 0.000000 8.583243 1989.921317 0.000000 18.325293 -0.000918 
150 25.040931 0.000000 8.583243 1989.999559 0.000000 18.449480 -0.000997 
151 26.589476 0.000000 7.122802 1989.937114 -0.000000 16.118602 -0.000914 
152 28.138021 0.000000 8.583243 1989.838988 0.000000 18.720601 -0.000838 
153 26.589476 0.000000 10.043684 1989.923170 0.000000 18.884082 -0.000925 
154 43.623471 0.000000 10.043684 1989.225986 1.131532 21.277021 -0.000248 
155 43.623471 0.000000 4.201920 1989.306922 0.016072 8.127462 -0.000231 
156 49.817651 0.000000 10.043684 1989.157800 1.486390 21.254890 -0.000179 
157 43.623471 0.000000 15.885447 1989.206089 0.130615 27.037777 -0.000298 
158 34.332201 0.000000 7.122802 1989.524514 0.061853 16.076202 -0.000499 
159 34.332201 0.000000 4.201920 1989.447248 0.010511 8.146033 -0.000373 
160 37.429291 0.000000 7.122802 1989.422085 0.073016 16.058282 -0.000396 
161 34.332201 0.000000 10.043684 1989.562384 0.928677 21.251864 -0.000586 
162 29.686566 0.000000 8.583243 1989.825136 0.000000 18.837124 -0.000826 
163 29.686566 0.000000 7.122802 1989.765665 0.040313 16.041656 -0.000741 
164 31.235111 0.000000 8.583243 1989.687653 0.034505 18.933900 -0.000688 
165 29.686566 0.000000 10.043684 1989.773483 0.846610 21.281430 -0.000799 
166 18.846751 0.000000 21.727211 1990.204677 0.018980 30.310016 -0.001350 
167 12.652571 0.000000 21.727211 1990.759040 0.023869 30.748766 -0.001914 
168 18.846751 0.000000 27.568975 1989.874651 0.013957 31.918991 -0.001043 
169 21.943841 0.000000 12.964566 1990.284832 0.136392 24.801907 -0.001354 
170 18.846751 0.000000 12.964566 1990.568488 0.107750 24.845034 -0.001640 
171 21.943841 0.000000 15.885447 1990.187473 0.071669 27.231300 -0.001288 
172 26.589476 0.000000 11.504125 1989.940654 0.295321 23.296266 -0.000989 
173 25.040931 0.000000 11.504125 1990.040460 0.256780 23.259670 -0.001089 
174 28.138021 0.000000 11.504125 1989.887698 0.307482 23.211512 -0.000935 
175 26.589476 0.000000 12.964566 1989.900198 0.197823 24.846933 -0.000967 
176 27.363748 0.000000 9.313463 1989.891498 0.000000 19.922618 -0.000903 
177 26.589476 0.000000 9.313463 1989.928151 -0.000000 20.008242 -0.000941 
178 27.363748 0.000000 8.583243 1989.877948 0.000000 18.599435 -0.000876 
179 28.138021 0.000000 9.313463 1989.835171 0.000000 20.081300 -0.000848 
180 27.363748 0.000000 10.043684 1989.874252 -0.000000 18.841510 -0.000875 
181 34.332201 0.000000 12.964566 1989.502473 0.221693 24.727128 -0.000566 
182 37.429291 0.000000 12.964566 1989.380727 0.222389 24.711778 -0.000443 
183 34.332201 0.000000 15.885447 1989.473970 0.128884 27.078700 -0.000568 
184 29.686566 0.000000 11.504125 1989.805286 0.315835 23.179196 -0.000852 
185 31.235111 0.000000 11.504125 1989.708768 0.313445 23.178187 -0.000755 
186 29.686566 0.000000 12.964566 1989.747056 0.208038 24.740094 -0.000812 
187 28.912293 0.000000 9.313463 1989.805512 0.000000 19.647228 -0.000814 
188 28.912293 0.000000 8.583243 1989.835329 0.000000 18.825966 -0.000836 
189 29.686566 0.000000 9.313463 1989.822321 0.000000 18.830905 -0.000823 
190 28.912293 0.000000 10.043684 1989.825485 0.000000 18.838149 -0.000826 
191 27.363748 0.000000 10.773904 1989.903240 0.413318 22.397439 -0.000941 
192 26.589476 0.000000 10.773904 1989.956362 0.401065 22.380308 -0.000995 
193 28.138021 0.000000 10.773904 1989.901231 0.422215 22.303311 -0.000938 
194 27.363748 0.000000 11.504125 1989.884794 0.301462 23.309316 -0.000933 
195 27.750884 0.000000 9.678574 1989.853978 0.000000 20.365418 -0.000870 
196 27.363748 0.000000 9.678574 1989.867581 -0.000000 20.387013 -0.000884 
197 27.750884 0.000000 9.313463 1989.863319 0.000000 20.142097 -0.000877 
198 28.138021 0.000000 9.678574 1989.848358 0.000000 20.123609 -0.000862 
199 27.750884 0.000000 10.043684 1989.860433 0.000000 18.836818 -0.000861 
200 23.492386 0.000000 8.583243 1990.050586 0.000000 18.668406 -0.001051 
201 21.943841 0.000000 8.583243 1989.997422 0.000000 17.057195 -0.000983 
202 23.492386 0.000000 7.122802 1989.968314 0.000000 16.150462 -0.000946 
203 23.492386 0.000000 10.043684 1990.046076 0.000000 18.866073 -0.001048 
204 25.815203 0.000000 9.313463 1989.972822 -0.000000 20.001646 -0.000986 
205 25.040931 0.000000 9.313463 1990.005245 -0.000000 20.098159 -0.001019 
206 25.815203 0.000000 8.583243 1989.967158 0.000000 18.446448 -0.000965 
207 25.815203 0.000000 10.043684 1989.976691 -0.000000 18.914589 -0.000979 
208 26.976612 0.000000 9.678574 1989.886849 0.000000 20.353291 -0.000903 
209 26.589476 0.000000 9.678574 1989.901275 -0.000000 20.312062 -0.000917 
210 26.976612 0.000000 9.313463 1989.893728 0.000000 20.002776 -0.000906 
211 26.976612 0.000000 10.043684 1989.902074 -0.000000 18.856479 -0.000903 
212 28.138021 0.000000 1.281038 1989.484069 -0.493831 -3.421531 -0.000396 
213 25.040931 0.000000 1.281038 1989.664940 0.000000 1.818261 -0.000576 
214 28.138021 0.000000 -1.639843 1988.672799 -0.358394 14.761837 0.000368 
215 31.235111 0.000000 1.281038 1989.306900 -0.471800 -2.733562 -0.000217 
216 26.589476 0.000000 5.662361 1989.919111 0.000000 13.036900 -0.000873 
217 25.040931 0.000000 5.662361 1989.927295 0.000000 12.139485 -0.000876 
218 26.589476 0.000000 4.201920 1989.919624 0.000000 10.024722 -0.000856 
219 28.138021 0.000000 5.662361 1989.917530 0.000000 15.164551 -0.000887 
220 27.363748 0.000000 7.853022 1989.893841 -0.000000 17.599647 -0.000883 
221 26.589476 0.000000 7.853022 1989.922469 0.000000 17.441593 -0.000911 
222 27.363748 0.000000 7.122802 1989.917046 0.000000 16.421371 -0.000896 
223 28.138021 0.000000 7.853022 1989.872586 0.000000 18.070261 -0.000866 
224 27.750884 0.000000 8.948353 1989.859737 0.000000 18.835064 -0.000860 
225 27.363748 0.000000 8.948353 1989.882451 0.000000 18.932014 -0.000884 
226 27.750884 0.000000 8.583243 1989.858339 -0.000000 18.683386 -0.000858 
227 28.138021 0.000000 8.948353 1989.846292 0.000000 18.833910 -0.000847 
228 27.557316 0.000000 9.496019 1989.865834 -0.000000 20.460262 -0.000883 
229 27.363748 0.000000 9.496019 1989.875750 -0.000000 20.396775 -0.000892 
230 27.557316 0.000000 9.313463 1989.873443 -0.000000 20.138966 -0.000887 
231 27.750884 0.000000 9.496019 1989.857441 0.000000 20.492120 -0.000875 
232 27.557316 0.000000 9.678574 1989.861592 0.000000 20.360263 -0.000877 
233 26.976612 0.000000 8.948353 1989.895755 0.000000 19.109987 -0.000899 
234 26.589476 0.000000 8.948353 1989.921204 -0.000000 19.190205 -0.000926 
235 26.976612 0.000000 8.583243 1989.908602 0.000000 18.627079 -0.000908 
236 27.170180 0.000000 9.496019 1989.882698 -0.000000 20.379979 -0.000899 
237 26.976612 0.000000 9.496019 1989.886341 0.000000 20.394042 -0.000903 
238 27.170180 0.000000 9.313463 1989.889773 0.000000 20.044843 -0.000902 
239 27.170180 0.000000 9.678574 1989.879278 -0.000000 20.344398 -0.000895 
240 28.912293 0.000000 10.773904 1989.849957 0.429989 22.317742 -0.000887 
241 29.686566 0.000000 10.773904 1989.810441 0.436471 22.301632 -0.000847 
242 28.912293 0.000000 11.504125 1989.843967 0.312768 23.202145 -0.000891 
243 27.750884 0.000000 10.408794 1989.838383 0.532952 21.890584 -0.000870 
244 27.363748 0.000000 10.408794 1989.890444 0.000000 18.821453 -0.000891 
245 28.138021 0.000000 10.408794 1989.818292 0.540743 21.886277 -0.000850 
246 27.750884 0.000000 10.773904 1989.882943 0.418584 22.391832 -0.000921 
247 27.557316 0.000000 9.861129 1989.861913 0.000000 18.836940 -0.000863 
248 27.363748 0.000000 9.861129 1989.871140 0.000000 18.846592 -0.000872 
249 27.750884 0.000000 9.861129 1989.860048 0.000000 18.836333 -0.000861 
250 27.557316 0.000000 10.043684 1989.861979 0.000000 18.837377 -0.000863 
251 27.460532 0.000000 9.587296 1989.860834 -0.000000 20.516343 -0.000878 
252 27.363748 0.000000 9.587296 1989.867095 -0.000000 20.469489 -0.000884 
253 27.460532 0.000000 9.496019 1989.870731 -0.000000 20.446427 -0.000887 
254 27.557316 0.000000 9.587296 1989.858587 0.000000 20.530122 -0.000876 
255 27.460532 0.000000 9.678574 1989.863858 0.000000 20.401903 -0.000880 
256 23.492386 0.000000 11.504125 1990.155914 0.237275 23.218305 -0.001205 
257 21.943841 0.000000 11.504125 1990.258686 0.195854 23.203380 -0.001308 
258 23.492386 0.000000 12.964566 1990.155152 0.152112 24.806480 -0.001223 
259 25.815203 0.000000 10.773904 1990.016493 0.365774 22.353922 -0.001055 
260 25.040931 0.000000 10.773904 1990.069406 0.337592 22.329705 -0.001108 
261 25.815203 0.000000 11.504125 1989.974322 0.287773 23.289121 -0.001023 
262 26.976612 0.000000 10.408794 1989.911436 0.000000 18.877465 -0.000913 
263 26.589476 0.000000 10.408794 1989.936048 -0.000000 18.917988 -0.000938 
264 26.976612 0.000000 10.773904 1989.937004 0.407628 22.374952 -0.000975 
265 27.170180 0.000000 9.861129 1989.878289 0.000000 18.850932 -0.000879 
266 26.976612 0.000000 9.861129 1989.901659 -0.000000 18.866682 -0.000903 
267 27.170180 0.000000 10.043684 1989.891947 -0.000000 18.855071 -0.000893 
268 27.266964 0.000000 9.587296 1989.872521 -0.000000 20.471101 -0.000889 
269 27.170180 0.000000 9.587296 1989.880451 -0.000000 20.390558 -0.000897 
270 27.266964 0.000000 9.496019 1989.880239 -0.000000 20.431794 -0.000897 
271 27.266964 0.000000 9.678574 1989.873293 -0.000000 20.369591 -0.000889 
272 27.460532 0.000000 9.769851 1989.859100 0.000000 20.011539 -0.000871 
273 27.363748 0.000000 9.769851 1989.865005 -0.000000 19.867684 -0.000876 
274 27.557316 0.000000 9.769851 1989.857794 0.000000 20.131032 -0.000871 
275 27.460532 0.000000 9.861129 1989.869961 0.000000 18.845818 -0.000871 
276 27.412140 0.000000 9.632935 1989.864632 -0.000000 20.465951 -0.000881 
277 27.363748 0.000000 9.632935 1989.865427 -0.000000 20.463989 -0.000882 
278 27.412140 0.000000 9.587296 1989.864353 -0.000000 20.480520 -0.000881 
279 27.460532 0.000000 9.632935 1989.861952 0.000000 20.484528 -0.000879 
280 27.412140 0.000000 9.678574 1989.867093 -0.000000 20.400593 -0.000883 
281 21.943841 0.000000 1.281038 1988.542350 0.000000 -4.319594 0.000549 
282 21.943841 0.000000 -1.639843 1988.599656 -0.691116 15.456120 0.000436 
283 62.206011 0.000000 -136.000407 1988.737089 -0.000119 34.593896 0.000056 
284 12.652571 0.000000 -136.000407 1988.721025 -0.000082 34.634844 0.000071 
285 62.206011 0.000000 -182.734516 1988.757229 -0.000034 34.652988 0.000034 
286 111.759451 0.000000 -136.000407 1988.758310 -0.000133 34.576046 0.000035 
287 37.429291 0.000000 -65.899244 1988.583415 -0.002739 34.182594 0.000217 
288 12.652571 0.000000 -65.899244 1988.501492 0.006689 34.338660 0.000297 
289 37.429291 0.000000 -89.266298 1988.662766 -0.000476 34.448985 0.000133 
290 62.206011 0.000000 -65.899244 1988.676690 0.004641 34.133351 0.000124 
291 25.040931 0.000000 -30.848662 1988.054526 -0.002455 32.397335 0.000779 
292 12.652571 0.000000 -30.848662 1987.774946 -0.011717 32.890195 0.001052 
293 25.040931 0.000000 -42.532189 1988.310354 0.021367 33.510127 0.000503 
294 37.429291 0.000000 -30.848662 1988.362934 0.000753 32.261174 0.000471 
295 18.846751 0.000000 -13.323371 1987.283179 -0.048405 26.081234 0.001647 
296 12.652571 0.000000 -13.323371 1986.151049 0.014165 26.153580 0.002783 
297 18.846751 0.000000 -19.165134 1987.389055 -0.028140 29.643429 0.001491 
298 25.040931 0.000000 -13.323371 1987.768125 -0.094096 26.224856 0.001158 
299 21.943841 0.000000 -4.560725 1988.864744 -0.402387 15.028575 0.000173 
300 18.846751 0.000000 -4.560725 1990.750236 -0.471906 12.635435 -0.001707 
301 21.943841 0.000000 -7.481607 1988.072613 -0.249679 19.487247 0.000930 
302 25.040931 0.000000 -4.560725 1988.101262 -0.320302 15.416481 0.000937 
303 23.492386 0.000000 -0.179403 1988.945406 -0.127177 -2.646455 0.000147 
304 21.943841 0.000000 -0.179403 1988.160055 -0.165632 -1.988648 0.000937 
305 23.492386 0.000000 -1.639843 1988.625759 -0.678921 15.441762 0.000410 
306 25.040931 0.000000 -0.179403 1989.077989 2.390859 -3.817744 0.000010 
307 23.492386 0.000000 1.281038 1989.238187 -0.000000 -3.460424 -0.000149 
308 6.458391 0.000000 10.043684 1994.844035 -0.150420 22.941219 -0.005924 
309 0.264211 0.000000 10.043684 1996.659279 -0.135818 28.397418 -0.007826 
310 6.458391 0.000000 15.885447 1992.463808 -0.070885 29.202006 -0.003607 
311 9.555481 0.000000 1.281038 1994.690018 0.641672 -24.804188 -0.005791 
312 6.458391 0.000000 1.281038 1988.177715 -0.021004 -46.503418 0.000374 
313 9.555481 0.000000 -1.639843 1982.568462 -0.664966 -20.929372 0.006439 
314 9.555481 0.000000 4.201920 1994.874118 0.456719 1.261607 -0.005821 
315 15.749661 0.000000 -4.560725 1990.243718 -0.463455 7.215412 -0.001170 
316 12.652571 0.000000 -4.560725 1986.536815 -0.518696 4.684438 0.002563 
317 15.749661 0.000000 -7.481607 1987.647717 -0.212356 17.131414 0.001379 
318 14.201116 0.000000 -0.179403 1985.172680 -0.000000 -33.909143 0.003648 
319 12.652571 0.000000 -0.179403 1987.931904 -0.054576 -46.405219 0.000623 
320 14.201116 0.000000 -1.639843 1989.520689 -0.835474 -21.763088 -0.000550 
321 15.749661 0.000000 -0.179403 1982.674597 -0.282243 -12.504059 0.006404 
322 14.201116 0.000000 1.281038 1986.906591 0.000000 -22.011994 0.002075 
323 -36.900870 0.000000 -136.000407 1988.728320 -0.000036 34.682405 0.000063 
324 -86.454310 0.000000 -136.000407 1988.749299 -0.000009 34.709957 0.000041 
325 -36.900870 0.000000 -182.734516 1988.754063 -0.000012 34.691826 0.000037 
326 161.312891 0.000000 -136.000407 1988.772716 -0.000133 34.572263 0.000020 
327 161.312891 0.000000 -182.734516 1988.774421 -0.000041 34.636714 0.000017 
328 210.866331 0.000000 -136.000407 1988.780842 -0.000130 34.573383 0.000012 
329 -36.900870 0.000000 144.404248 1988.848150 0.000106 34.682986 -0.000057 
330 -86.454310 0.000000 144.404248 1988.830057 0.000055 34.708270 -0.000040 
331 -36.900870 0.000000 191.138357 1988.825003 0.000059 34.692288 -0.000034 
332 -12.124149 0.000000 -65.899244 1988.511987 -0.002366 34.551167 0.000283 
333 -36.900870 0.000000 -65.899244 1988.606640 -0.000181 34.683079 0.000185 
334 -12.124149 0.000000 -89.266298 1988.637872 -0.000208 34.606569 0.000155 
335 161.312891 0.000000 144.404248 1988.811901 0.000343 34.578093 -0.000019 
336 210.866331 0.000000 144.404248 1988.804380 0.000361 34.575637 -0.000012 
337 161.312891 0.000000 191.138357 1988.808097 0.000153 34.639175 -0.000016 
338 86.982731 0.000000 -65.899244 1988.729196 0.008987 34.127409 0.000072 
339 86.982731 0.000000 -89.266298 1988.730999 0.000044 34.389395 0.000065 
340 111.759451 0.000000 -65.899244 1988.757073 -0.001075 34.130391 0.000044 
341 -12.124149 0.000000 74.303084 1989.013533 -0.010487 34.567545 -0.000222 
342 -36.900870 0.000000 74.303084 1988.953657 0.000346 34.673918 -0.000163 
343 -12.124149 0.000000 97.670139 1988.923659 0.000358 34.616385 -0.000132 
344 0.264211 0.000000 -30.848662 1987.617919 0.007596 33.685774 0.001196 
345 -12.124149 0.000000 -30.848662 1987.854090 -0.000712 34.409698 0.000946 
346 0.264211 0.000000 -42.532189 1988.062809 -0.030653 34.093188 0.000742 
347 86.982731 0.000000 74.303084 1988.865884 0.002094 34.209645 -0.000067 
348 111.759451 0.000000 74.303084 1988.841287 0.002216 34.199751 -0.000042 
349 86.982731 0.000000 97.670139 1988.854928 0.000936 34.427506 -0.000060 
350 49.817651 0.000000 -30.848662 1988.576475 -0.014333 32.298109 0.000256 
351 49.817651 0.000000 -42.532189 1988.573333 0.004133 33.343723 0.000242 
352 62.206011 0.000000 -30.848662 1988.676805 -0.001311 32.327634 0.000155 
353 0.264211 0.000000 39.252502 1989.681334 0.001529 33.975474 -0.000883 
354 -12.124149 0.000000 39.252502 1989.534653 0.027905 34.422736 -0.000743 
355 0.264211 0.000000 50.936029 1989.330993 0.000185 34.252540 -0.000535 
356 6.458391 0.000000 -13.323371 1984.604559 0.095898 27.689462 0.004315 
357 0.264211 0.000000 -13.323371 1983.874259 0.098985 30.801400 0.005001 
358 6.458391 0.000000 -19.165134 1986.159932 0.062706 31.027742 0.002704 
359 49.817651 0.000000 39.252502 1989.058338 0.002891 32.992427 -0.000240 
360 62.206011 0.000000 39.252502 1988.974970 0.016053 32.974776 -0.000156 
361 49.817651 0.000000 50.936029 1989.023737 0.004984 33.673872 -0.000217 
362 31.235111 0.000000 -13.323371 1988.112066 -0.094959 26.205531 0.000813 
363 31.235111 0.000000 -19.165134 1988.143867 -0.046816 29.464425 0.000735 
364 37.429291 0.000000 -13.323371 1988.460848 -0.088194 26.319847 0.000461 
365 6.458391 0.000000 21.727211 1991.168893 -0.043798 31.643472 -0.002341 
366 0.264211 0.000000 21.727211 1991.286311 -0.023280 32.786068 -0.002478 
367 6.458391 0.000000 27.568975 1990.269787 -0.006509 32.776582 -0.001455 
368 9.555481 0.000000 -4.560725 1983.116855 -0.405672 4.598578 0.005995 
369 6.458391 0.000000 -4.560725 1979.350299 -0.255774 5.918473 0.009764 
370 9.555481 0.000000 -7.481607 1983.819383 -0.232221 16.618637 0.005226 
371 15.749661 0.000000 7.122802 1990.737487 0.310495 14.627349 -0.001708 
372 12.652571 0.000000 7.122802 1992.232819 0.356471 14.138269 -0.003210 
373 15.749661 0.000000 10.043684 1991.118538 0.139715 20.975855 -0.002148 
374 15.749661 0.000000 12.964566 1991.077267 0.060730 24.892482 -0.002152 
375 12.652571 0.000000 12.964566 1991.781813 0.001466 25.160348 -0.002865 
376 15.749661 0.000000 15.885447 1990.899435 0.008854 27.482053 -0.002008 
377 43.623471 0.000000 21.727211 1989.207687 0.050341 29.866575 -0.000340 
378 49.817651 0.000000 21.727211 1989.079579 0.060277 29.927536 -0.000212 
379 43.623471 0.000000 27.568975 1989.144881 0.031729 31.498376 -0.000303 
380 43.623471 0.000000 -1.639843 1989.316207 -0.365565 14.937368 -0.000280 
381 43.623471 0.000000 -7.481607 1988.899937 -0.179722 20.870171 0.000084 
382 49.817651 0.000000 -1.639843 1989.119219 -0.370767 15.020831 -0.000083 
383 28.138021 0.000000 -4.560725 1988.267888 -0.284948 15.809456 0.000767 
384 28.138021 0.000000 -7.481607 1988.079564 -0.204004 19.960780 0.000918 
385 31.235111 0.000000 -4.560725 1988.546299 -0.265432 16.127370 0.000484 
386 34.332201 0.000000 1.281038 1989.228635 -0.450818 -2.179544 -0.000137 
387 34.332201 0.000000 -1.639843 1988.877090 -0.342229 14.911869 0.000161 
388 37.429291 0.000000 1.281038 1989.274953 -0.431102 -1.864116 -0.000183 
389 29.686566 0.000000 5.662361 1989.729634 0.044442 12.499677 -0.000679 
390 29.686566 0.000000 4.201920 1989.702748 0.017471 7.968978 -0.000629 
391 31.235111 0.000000 5.662361 1989.654494 0.046064 12.439181 -0.000603 
392 23.492386 0.000000 5.662361 1989.871294 0.000000 12.441953 -0.000821 
393 21.943841 0.000000 5.662361 1989.733920 0.000000 12.293260 -0.000682 
394 23.492386 0.000000 4.201920 1989.719343 -0.000000 7.331190 -0.000643 
395 25.815203 0.000000 7.853022 1989.957023 -0.000000 17.438948 -0.000945 
396 25.040931 0.000000 7.853022 1989.987967 0.000000 17.539242 -0.000977 
397 25.815203 0.000000 7.122802 1989.951132 0.000000 15.831734 -0.000926 
398 28.912293 0.000000 7.853022 1989.851595 0.000000 18.392130 -0.000848 
399 28.912293 0.000000 7.122802 1989.865866 0.000000 17.699012 -0.000856 
400 29.686566 0.000000 7.853022 1989.822318 0.000000 18.830884 -0.000823 
401 27.266964 0.000000 9.769851 1989.873181 0.000000 19.808690 -0.000883 
402 27.170180 0.000000 9.769851 1989.879408 0.000000 20.212969 -0.000894 
403 27.266964 0.000000 9.861129 1989.872329 0.000000 18.847451 -0.000873 
404 23.492386 0.000000 2.741479 1989.530479 0.000000 2.682851 -0.000441 
405 21.943841 0.000000 2.741479 1989.057501 -0.000000 2.045161 0.000035 
406 25.040931 0.000000 2.741479 1989.742161 0.000000 4.239445 -0.000657 
407 9.555481 0.000000 7.122802 1994.325861 0.275869 14.479994 -0.005321 
408 6.458391 0.000000 7.122802 1996.863954 0.183379 15.929879 -0.007893 
409 9.555481 0.000000 10.043684 1993.358851 -0.063944 21.626866 -0.004412 
410 9.555481 0.000000 12.964566 1992.646933 -0.054345 25.753165 -0.003744 
411 6.458391 0.000000 12.964566 1993.420388 -0.098455 26.931301 -0.004539 
412 9.555481 0.000000 15.885447 1991.963101 -0.047322 28.378414 -0.003091 
413 43.623471 0.000000 -13.323371 1988.652754 -0.084601 26.456905 0.000266 
414 43.623471 0.000000 -19.165134 1988.541254 -0.042420 29.533182 0.000335 
415 49.817651 0.000000 -13.323371 1988.748911 -0.083255 26.633266 0.000167 
416 34.332201 0.000000 -4.560725 1988.766911 -0.263881 16.419874 0.000260 
417 34.332201 0.000000 -7.481607 1988.551785 -0.184715 20.272299 0.000441 
418 37.429291 0.000000 -4.560725 1988.935390 -0.263554 16.632374 0.000089 
419 26.589476 0.000000 2.741479 1989.813386 -0.007789 2.170519 -0.000725 
420 26.589476 0.000000 1.281038 1989.579991 -0.495280 -3.841674 -0.000493 
421 28.138021 0.000000 2.741479 1989.720067 -0.024628 2.388885 -0.000632 
422 26.589476 0.000000 -0.179403 1989.045048 2.405944 -3.099497 0.000045 
423 26.589476 0.000000 -1.639843 1988.604516 -0.366508 14.496536 0.000438 
424 28.138021 0.000000 -0.179403 1988.990825 2.436920 -2.385586 0.000100 
425 29.686566 0.000000 2.741479 1989.603670 -0.030222 2.605566 -0.000515 
426 29.686566 0.000000 1.281038 1989.381625 -0.481887 -3.006204 -0.000292 
427 31.235111 0.000000 2.741479 1989.511588 -0.038952 2.705085 -0.000422 
1 1 12 10 11 
2 11 10 14 6 
3 6 14 19 20 
4 20 19 22 4 
5 10 25 23 24 
6 24 23 27 14 
7 14 27 35 36 
8 36 35 38 19 
9 23 41 39 40 
10 40 39 43 27 
11 27 43 51 52 
12 52 51 54 35 
13 39 57 55 56 
14 56 55 59 43 
15 43 59 76 77 
16 77 76 78 51 
17 55 81 79 80 
18 80 79 82 59 
19 89 71 90 87 
20 87 90 75 91 
21 88 87 91 5 
22 18 93 92 45 
23 93 8 94 92 
24 92 94 29 95 
25 45 92 95 28 
26 34 97 96 61 
27 97 18 98 96 
28 96 98 45 99 
29 61 96 99 44 
30 101 34 102 100 
31 100 102 61 103 
32 15 109 108 33 
33 109 17 110 108 
34 108 110 8 93 
35 33 108 93 18 
36 31 112 111 49 
37 112 33 113 111 
38 111 113 18 97 
39 49 111 97 34 
40 115 49 116 114 
41 114 116 34 101 
42 75 127 125 126 
43 126 125 128 83 
44 21 46 129 130 
45 46 28 131 129 
46 129 131 30 132 
47 130 129 132 9 
48 37 62 133 134 
49 62 44 135 133 
50 133 135 46 136 
51 134 133 136 21 
52 53 70 137 138 
53 70 60 139 137 
54 137 139 62 140 
55 138 137 140 37 
56 67 107 141 142 
57 107 69 143 141 
58 141 143 60 144 
59 142 141 144 70 
60 145 147 107 148 
61 146 145 148 67 
62 50 155 154 106 
63 155 101 156 154 
64 154 156 100 157 
65 106 154 157 69 
66 105 159 158 123 
67 159 50 160 158 
68 158 160 106 161 
69 123 158 161 104 
70 163 123 164 162 
71 162 164 104 165 
72 68 86 166 167 
73 86 67 142 166 
74 166 142 70 168 
75 167 166 168 53 
76 83 128 169 170 
77 169 146 67 171 
78 170 169 171 86 
79 172 174 145 175 
80 173 172 175 146 
81 104 161 181 147 
82 161 106 182 181 
83 181 182 69 183 
84 147 181 183 107 
85 165 104 185 184 
86 184 185 147 186 
87 174 184 186 145 
88 152 188 187 179 
89 188 162 189 187 
90 187 189 165 190 
91 179 187 190 124 
92 191 193 174 194 
93 192 191 194 172 
94 197 179 198 195 
95 195 198 124 199 
96 125 202 200 201 
97 202 121 150 200 
98 200 150 85 203 
99 201 200 203 128 
100 150 206 204 205 
101 206 149 177 204 
102 204 177 153 207 
103 205 204 207 85 
104 177 210 208 209 
105 209 208 211 153 
106 214 117 215 212 
107 66 218 216 217 
108 218 122 219 216 
109 216 219 120 151 
110 217 216 151 121 
111 151 222 220 221 
112 222 120 223 220 
113 220 223 152 178 
114 221 220 178 149 
115 178 226 224 225 
116 226 152 227 224 
117 224 227 179 197 
118 225 224 197 176 
119 176 230 228 229 
120 230 197 231 228 
121 228 231 195 232 
122 149 235 233 234 
123 235 178 225 233 
124 233 225 176 210 
125 234 233 210 177 
126 210 238 236 237 
127 238 176 229 236 
128 237 236 239 208 
129 124 190 240 193 
130 190 165 241 240 
131 240 241 184 242 
132 193 240 242 174 
133 180 199 243 244 
134 199 124 245 243 
135 243 245 193 246 
136 244 243 246 191 
137 232 195 249 247 
138 247 249 199 250 
139 248 247 250 180 
140 229 253 251 252 
141 253 228 254 251 
142 251 254 232 255 
143 128 203 256 257 
144 203 85 173 256 
145 256 173 146 258 
146 257 256 258 169 
147 85 207 259 260 
148 207 153 192 259 
149 259 192 172 261 
150 260 259 261 173 
151 153 211 262 263 
152 211 180 244 262 
153 262 244 191 264 
154 263 262 264 192 
155 208 239 265 266 
156 265 248 180 267 
157 266 265 267 211 
158 236 270 268 269 
159 270 229 252 268 
160 268 252 196 271 
161 269 268 271 239 
162 196 255 272 273 
163 255 232 274 272 
164 272 274 247 275 
165 273 272 275 248 
166 252 278 276 277 
167 278 251 279 276 
168 276 279 255 280 
169 277 276 280 196 
170 71 282 281 90 
171 90 281 127 75 
172 7 285 283 284 
173 285 16 286 283 
174 283 286 15 32 
175 284 283 32 13 
176 13 289 287 288 
177 289 32 290 287 
178 287 290 31 48 
179 288 287 48 26 
180 26 293 291 292 
181 293 48 294 291 
182 291 294 47 64 
183 292 291 64 42 
184 42 297 295 296 
185 297 64 298 295 
186 295 298 63 73 
187 296 295 73 58 
188 73 301 299 300 
189 301 63 302 299 
190 299 302 74 282 
191 300 299 282 71 
192 282 305 303 304 
193 305 74 306 303 
194 303 306 213 307 
195 304 303 307 281 
196 59 82 308 309 
197 309 308 310 76 
198 79 313 311 312 
199 313 72 88 311 
200 311 88 5 314 
201 312 311 314 82 
202 58 317 315 316 
203 317 73 300 315 
204 315 300 71 89 
205 316 315 89 72 
206 72 320 318 319 
207 320 89 321 318 
208 318 321 87 322 
209 319 318 322 88 
210 12 325 323 324 
211 325 7 284 323 
212 323 284 13 25 
213 324 323 25 10 
214 16 327 326 286 
215 327 2 328 326 
216 326 328 17 109 
217 286 326 109 15 
218 19 38 329 330 
219 38 21 130 329 
220 329 130 9 331 
221 330 329 331 22 
222 25 334 332 333 
223 334 13 288 332 
224 332 288 26 41 
225 333 332 41 23 
226 28 95 335 131 
227 95 29 336 335 
228 335 336 3 337 
229 131 335 337 30 
230 32 339 338 290 
231 339 15 340 338 
232 338 340 33 112 
233 290 338 112 31 
234 35 54 341 342 
235 54 37 134 341 
236 341 134 21 343 
237 342 341 343 38 
238 41 346 344 345 
239 346 26 292 344 
240 344 292 42 57 
241 345 344 57 39 
242 44 99 347 135 
243 99 45 348 347 
244 347 348 28 349 
245 135 347 349 46 
246 48 351 350 294 
247 351 31 352 350 
248 350 352 49 115 
249 294 350 115 47 
250 51 78 353 354 
251 78 53 138 353 
252 353 138 37 355 
253 354 353 355 54 
254 57 358 356 357 
255 358 42 296 356 
256 356 296 58 81 
257 357 356 81 55 
258 60 103 359 139 
259 103 61 360 359 
260 359 360 44 361 
261 139 359 361 62 
262 64 363 362 298 
263 363 47 364 362 
264 362 364 65 118 
265 298 362 118 63 
266 76 310 365 366 
267 310 68 167 365 
268 365 167 53 367 
269 366 365 367 78 
270 81 370 368 369 
271 370 58 316 368 
272 368 316 72 313 
273 369 368 313 79 
274 5 91 371 372 
275 91 75 126 371 
276 371 126 83 373 
277 372 371 373 84 
278 84 373 374 375 
279 373 83 170 374 
280 374 170 86 376 
281 375 374 376 68 
282 69 157 377 143 
283 157 100 378 377 
284 377 378 103 379 
285 143 377 379 60 
286 65 381 380 119 
287 381 114 382 380 
288 380 382 101 155 
289 119 380 155 50 
290 63 384 383 302 
291 384 118 385 383 
292 383 385 117 214 
293 302 383 214 74 
294 117 387 386 215 
295 387 119 388 386 
296 386 388 50 159 
297 215 386 159 105 
298 122 390 389 219 
299 390 105 391 389 
300 389 391 123 163 
301 219 389 163 120 
302 127 394 392 393 
303 394 66 217 392 
304 392 217 121 202 
305 393 392 202 125 
306 121 397 395 396 
307 397 151 221 395 
308 395 221 149 206 
309 396 395 206 150 
310 120 399 398 223 
311 399 163 400 398 
312 398 400 162 188 
313 223 398 188 152 
314 239 271 401 402 
315 271 196 273 401 
316 401 273 248 403 
317 402 401 403 265 
318 281 307 404 405 
319 307 213 406 404 
320 404 406 66 394 
321 405 404 394 127 
322 82 314 407 408 
323 314 5 372 407 
324 407 372 84 409 
325 408 407 409 308 
326 308 409 410 411 
327 409 84 375 410 
328 410 375 68 412 
329 411 410 412 310 
330 47 414 413 364 
331 414 115 415 413 
332 413 415 114 381 
333 364 413 381 65 
334 118 417 416 385 
335 417 65 418 416 
336 416 418 119 387 
337 385 416 387 117 
338 213 420 419 406 
339 420 212 421 419 
340 419 421 122 218 
341 406 419 218 66 
342 74 423 422 306 
343 423 214 424 422 
344 422 424 212 420 
345 306 422 420 213 
346 212 426 425 421 
347 426 215 427 425 
348 425 427 105 390 
349 421 425 390 122 
