WARNING: 3 open meshes merged
     Merged: Main Wing
     Merged: HStab
     Merged: LERX
...Mass Properties...
26 Num Comps
26 Total Num Meshes
20880 Total Num Tris

1.347825348297244e+03             Total Mass
2.856752122689354e+01 -3.137247868526453e-03 2.951409946494702e-01       Center of Gravity
2.502444233302613e+04 2.415018042169544e+05 2.611639724962569e+05       Ixx, Iyy, Izz
8.815095761866786e+01 -1.561024185925985e+03 5.335253716364752e+01       Ixy, Ixz, Iyz
1.347825348297244e+03             Volume

Name	Mass	cgX	cgY	cgZ	Ixx	Iyy	Izz	Ixy	Ixz	Iyz	Volume
Main Wing	2.747778037135299e+02	3.183075594483353e+01	-2.337495120205892e-15	1.811590534006861e-01	1.823119909059085e+04	3.906734022636042e+03	2.206800789193693e+04	7.998671692097195e-01	7.371362920710980e+01	3.406393178418814e+00	2.747778037135299e+02
VStab	3.721848390770254e+01	4.690432880482777e+01	2.468233477790826e-16	3.414820725080078e+00	2.486575363660234e+02	6.622130307923898e+02	4.179246343415323e+02	5.214757569030365e-01	2.245707815356106e+02	4.014858027525139e-02	3.721848390770254e+01
VStab	0.000000000000000e+00	0.000000000000000e+00	0.000000000000000e+00	0.000000000000000e+00	0.000000000000000e+00	0.000000000000000e+00	0.000000000000000e+00	0.000000000000000e+00	0.000000000000000e+00	0.000000000000000e+00	0.000000000000000e+00
HStab	6.827200359309803e+01	4.877429915709454e+01	6.006092549785705e-16	-1.161782116916745e+00	1.355878679775261e+03	6.919000153934059e+02	2.039655270248637e+03	2.631841398465661e-01	-6.533728267017725e+00	8.439889404761619e-01	6.827200359309803e+01
LERX	4.240899819275799e+01	2.362131237044873e+01	4.515868799290417e-17	1.004230745702402e-01	7.900759704440794e+02	2.393940037420174e+02	1.023346895715630e+03	1.356909380151047e-01	1.979695605416355e+00	7.459284397989474e-01	4.240899819275799e+01
Fuselage	6.848073959450070e+02	3.023183872316327e+01	-5.361777807794601e-16	7.416057442140872e-02	2.523372345906803e+03	1.053855223262567e+05	1.050781809870025e+05	-8.227030982022248e+00	7.792381766175838e+02	2.974173692963663e+01	6.848073959450070e+02
F135	3.718691145934853e+01	1.225360484835958e+01	-1.687837313663416e-01	5.573110824294036e-01	1.374402502861196e+02	6.996982042685853e+03	7.001625280091010e+03	3.804026172554385e+01	1.299588406688087e+02	-9.901898378901196e+00	3.718691145934853e+01
Main Fan	0.000000000000000e+00	0.000000000000000e+00	0.000000000000000e+00	0.000000000000000e+00	0.000000000000000e+00	0.000000000000000e+00	0.000000000000000e+00	0.000000000000000e+00	0.000000000000000e+00	0.000000000000000e+00	0.000000000000000e+00
Main Fan	0.000000000000000e+00	0.000000000000000e+00	0.000000000000000e+00	0.000000000000000e+00	0.000000000000000e+00	0.000000000000000e+00	0.000000000000000e+00	0.000000000000000e+00	0.000000000000000e+00	0.000000000000000e+00	0.000000000000000e+00
Main Fan	0.000000000000000e+00	0.000000000000000e+00	0.000000000000000e+00	0.000000000000000e+00	0.000000000000000e+00	0.000000000000000e+00	0.000000000000000e+00	0.000000000000000e+00	0.000000000000000e+00	0.000000000000000e+00	0.000000000000000e+00
Main Fan	0.000000000000000e+00	0.000000000000000e+00	0.000000000000000e+00	0.000000000000000e+00	0.000000000000000e+00	0.000000000000000e+00	0.000000000000000e+00	0.000000000000000e+00	0.000000000000000e+00	0.000000000000000e+00	0.000000000000000e+00
Main Fan	0.000000000000000e+00	0.000000000000000e+00	0.000000000000000e+00	0.000000000000000e+00	0.000000000000000e+00	0.000000000000000e+00	0.000000000000000e+00	0.000000000000000e+00	0.000000000000000e+00	0.000000000000000e+00	0.000000000000000e+00
Main Fan	0.000000000000000e+00	0.000000000000000e+00	0.000000000000000e+00	0.000000000000000e+00	0.000000000000000e+00	0.000000000000000e+00	0.000000000000000e+00	0.000000000000000e+00	0.000000000000000e+00	0.000000000000000e+00	0.000000000000000e+00
Main Fan	0.000000000000000e+00	0.000000000000000e+00	0.000000000000000e+00	0.000000000000000e+00	0.000000000000000e+00	0.000000000000000e+00	0.000000000000000e+00	0.000000000000000e+00	0.000000000000000e+00	0.000000000000000e+00	0.000000000000000e+00
Main Fan	0.000000000000000e+00	0.000000000000000e+00	0.000000000000000e+00	0.000000000000000e+00	0.000000000000000e+00	0.000000000000000e+00	0.000000000000000e+00	0.000000000000000e+00	0.000000000000000e+00	0.000000000000000e+00	0.000000000000000e+00
Main Fan	0.000000000000000e+00	0.000000000000000e+00	0.000000000000000e+00	0.000000000000000e+00	0.000000000000000e+00	0.000000000000000e+00	0.000000000000000e+00	0.000000000000000e+00	0.000000000000000e+00	0.000000000000000e+00	0.000000000000000e+00
Main Fan	0.000000000000000e+00	0.000000000000000e+00	0.000000000000000e+00	0.000000000000000e+00	0.000000000000000e+00	0.000000000000000e+00	0.000000000000000e+00	0.000000000000000e+00	0.000000000000000e+00	0.000000000000000e+00	0.000000000000000e+00
Main Fan	0.000000000000000e+00	0.000000000000000e+00	0.000000000000000e+00	0.000000000000000e+00	0.000000000000000e+00	0.000000000000000e+00	0.000000000000000e+00	0.000000000000000e+00	0.000000000000000e+00	0.000000000000000e+00	0.000000000000000e+00
Main Fan	0.000000000000000e+00	0.000000000000000e+00	0.000000000000000e+00	0.000000000000000e+00	0.000000000000000e+00	0.000000000000000e+00	0.000000000000000e+00	0.000000000000000e+00	0.000000000000000e+00	0.000000000000000e+00	0.000000000000000e+00
Main Fan	0.000000000000000e+00	0.000000000000000e+00	0.000000000000000e+00	0.000000000000000e+00	0.000000000000000e+00	0.000000000000000e+00	0.000000000000000e+00	0.000000000000000e+00	0.000000000000000e+00	0.000000000000000e+00	0.000000000000000e+00
Main Fan	0.000000000000000e+00	0.000000000000000e+00	0.000000000000000e+00	0.000000000000000e+00	0.000000000000000e+00	0.000000000000000e+00	0.000000000000000e+00	0.000000000000000e+00	0.000000000000000e+00	0.000000000000000e+00	0.000000000000000e+00
Main Fan	0.000000000000000e+00	0.000000000000000e+00	0.000000000000000e+00	0.000000000000000e+00	0.000000000000000e+00	0.000000000000000e+00	0.000000000000000e+00	0.000000000000000e+00	0.000000000000000e+00	0.000000000000000e+00	0.000000000000000e+00
Fan Diffuser	0.000000000000000e+00	0.000000000000000e+00	0.000000000000000e+00	0.000000000000000e+00	0.000000000000000e+00	0.000000000000000e+00	0.000000000000000e+00	0.000000000000000e+00	0.000000000000000e+00	0.000000000000000e+00	0.000000000000000e+00
Dual Air Intakes	1.185595930489630e+02	9.928045986018313e+00	-1.044642024327390e+00	9.107707340352741e-01	4.061178301643619e+02	7.546786384787047e+03	7.796294680659283e+03	-6.071309229509162e+02	-9.061680636616032e+01	6.194170949024326e+01	1.185595930489630e+02
Dual Air Intakes	5.909435895532242e+01	1.470432047209419e+01	2.125517920185013e+00	6.434297340586979e-01	1.181957827530067e+02	3.862145940852452e+03	3.923585775921909e+03	-2.183688858662703e+00	2.863342915795317e+01	-2.895698160091951e-01	5.909435895532242e+01
Canopy Glass	2.549979948151494e+01	1.865084303558364e+01	1.154118164489979e-02	3.077273797203235e+00	1.830261057204778e+01	2.080511360848119e+02	2.136601658507448e+02	-7.841207370537389e-01	4.572511914802265e-01	1.508295526958497e-01	2.549979948151494e+01
Name	Mass	cgX	cgY	cgZ	Ixx	Iyy	Izz	Ixy	Ixz	Iyz	Volume
Totals	1.347825348297244e+03	2.856752122689354e+01	-3.137247868526453e-03	2.951409946494702e-01	2.502444233302613e+04	2.415018042169544e+05	2.611639724962569e+05	8.815095761866786e+01	-1.561024185925985e+03	5.335253716364752e+01	1.347825348297244e+03

...Filling Mass Properties (Volume Only -- No Shell or Point Mass)...
20 Num Slice

Slice	Mass	cgX	cgY	cgZ	Ixx	Iyy	Izz	Ixy	Ixz	Iyz	Volume
1.396028644240263e+00	4.608254756862728e+01	1.396028644240262e+00	-7.261102516131918e-03	4.995481870000004e-01	1.630489450991717e+02	1.195027276022316e+02	1.931868180299996e+02	-3.242616717130504e+00	-5.818136613288625e-01	2.070187932970458e+00	4.608254756862728e+01
4.187685932720782e+00	8.961210541565629e+01	2.752091051928788e+00	-1.588341010678582e-02	5.416255976425755e-01	3.116159754711125e+02	4.028611171465949e+02	5.486517689405554e+02	-6.550436203982592e+00	4.495752593853508e+00	5.145888551529632e+00	8.961210541565629e+01
6.979343221201301e+00	1.327727373502383e+02	4.126250225068008e+00	-2.049433210984592e-02	5.612775150478716e-01	4.584021071418247e+02	1.030491344059144e+03	1.249058771101132e+03	-1.015662422828673e+01	1.151269066542681e+01	8.856964487003468e+00	1.327727373502383e+02
9.771000509681821e+00	1.782416208542203e+02	5.566208478758329e+00	-2.180709832957533e-02	5.469922748180855e-01	6.144306778514185e+02	2.228642649349158e+03	2.512991921179091e+03	-1.225672805360721e+01	4.432251785003538e-01	1.255228003157847e+01	1.782416208542203e+02
1.256265779816234e+01	2.248498662570891e+02	7.016474971043760e+00	-2.050263809819483e-02	5.042006453781182e-01	7.780205595411982e+02	4.167271301757586e+03	4.506435029400159e+03	-1.171936514921014e+01	-5.321919325803709e+01	1.685519664557607e+01	2.248498662570891e+02
1.535431508664286e+01	2.807972756655444e+02	8.677746624851713e+00	-1.562071098162128e-02	5.077764084779726e-01	9.977034055782082e+02	7.479130980317435e+03	7.824910983036291e+03	-3.392615241938282e+00	-4.683437349588778e+01	2.179401903291350e+01	2.807972756655444e+02
1.814597237512338e+01	3.428810998020575e+02	1.039211251642176e+01	-1.347810680644014e-02	5.379940580303491e-01	1.276735446082588e+03	1.229827479951541e+04	1.260220421883544e+04	1.061325203578608e+00	3.320271179416427e+01	2.686613677411951e+01	3.428810998020575e+02
2.093762966360390e+01	4.131111611077140e+02	1.218488014284119e+01	-1.118971627776886e-02	5.231039726130592e-01	1.600102850861663e+03	1.903826177045421e+04	1.937842595174844e+04	9.681501367891631e+00	-2.086792239386818e+01	2.830409384963207e+01	4.131111611077140e+02
2.372928695208442e+01	4.951553716516939e+02	1.409771760172503e+01	-9.335648866244604e-03	4.761421160978673e-01	2.207567458252425e+03	2.842088724243740e+04	2.911479684821831e+04	1.846790662553210e+01	-2.454505103497444e+02	3.006349393650195e+01	4.951553716516939e+02
2.652094424056494e+01	5.828102702153622e+02	1.596617587453238e+01	-7.931563529700125e-03	4.225092375267352e-01	3.102291730100016e+03	4.018677786760640e+04	4.151563689648662e+04	2.655044230536927e+01	-5.760774433980383e+02	3.304573750604172e+01	5.828102702153622e+02
2.931260152904546e+01	6.907861318862034e+02	1.805233792057252e+01	-6.691791381729713e-03	3.712050599094471e-01	4.904974853944465e+03	5.674622634929128e+04	5.956364126003576e+04	3.516999852528288e+01	-9.760421850598010e+02	3.632757897655575e+01	6.907861318862034e+02
3.210425881752597e+01	8.201036891895781e+02	2.026810662124741e+01	-5.636600279827644e-03	3.291753322712920e-01	9.217165045796870e+03	7.864682212302198e+04	8.541152612582807e+04	4.422117935274149e+01	-1.384980191461874e+03	3.964319911757011e+01	8.201036891895781e+02
3.489591610600650e+01	9.511506008400481e+02	2.228348594760865e+01	-4.860005008555860e-03	3.017696391166161e-01	1.661320447384401e+04	1.032282653708265e+05	1.170059344322910e+05	5.309954392106918e+01	-1.714355132235474e+03	4.283805235391900e+01	9.511506008400481e+02
3.768757339448701e+01	1.047130860434109e+03	2.369542820604621e+01	-4.414535812703667e-03	2.856541711498918e-01	2.176391642702659e+04	1.242430870936248e+05	1.428279408184457e+05	5.856509557889551e+01	-1.951076439983837e+03	4.653254302599863e+01	1.047130860434109e+03
4.047923068296753e+01	1.114768929570750e+03	2.471377735643638e+01	-4.146685973525947e-03	2.740912650136398e-01	2.244400675546397e+04	1.423916647459170e+05	1.613737315490364e+05	6.218439115000996e+01	-2.154634349578034e+03	4.994965872050568e+01	1.114768929570750e+03
4.327088797144805e+01	1.176380804807597e+03	2.568568915514637e+01	-3.929507065299036e-03	2.701962831351527e-01	2.267628837504896e+04	1.627137783620324e+05	1.816956330342653e+05	6.619151607432309e+01	-2.235801688557418e+03	5.106308910658890e+01	1.176380804807597e+03
4.606254525992858e+01	1.244181784290220e+03	2.679611435195060e+01	-3.715370810231444e-03	2.764772521212838e-01	2.302891917637637e+04	1.896178106730923e+05	2.086002736830535e+05	7.065582583181725e+01	-2.085850019379257e+03	5.217551211730168e+01	1.244181784290220e+03
4.885420254840910e+01	1.318149765990943e+03	2.803390409797541e+01	-3.506882755844192e-03	2.891680410024836e-01	2.374622278612947e+04	2.240105076269831e+05	2.431055471139784e+05	7.563836997844071e+01	-1.738170191407635e+03	5.401956563354739e+01	1.318149765990943e+03
5.164585983688961e+01	1.341189807188729e+03	2.843952933466371e+01	-3.336561054654085e-03	2.974335550466334e-01	2.466078794392051e+04	2.369845663351772e+05	2.563703057969724e+05	8.121615158623102e+01	-1.481033907302294e+03	5.393228558484594e+01	1.341189807188729e+03
5.443751712537013e+01	1.347825348297243e+03	2.856752122689354e+01	-3.137247868525401e-03	2.951409946494701e-01	2.502444233302601e+04	2.415018042169533e+05	2.611639724962576e+05	8.815095761864396e+01	-1.561024185925980e+03	5.335253716364689e+01	1.347825348297243e+03
