WARNING: 3 open meshes merged
     Merged: Main Wing
     Merged: HStab
     Merged: LERX
...Mass Properties...
60 Num Comps
60 Total Num Meshes
51856 Total Num Tris

1.273432640527971e+03             Total Mass
2.408794901353383e+01 3.464725023598797e-03 6.819298935034950e-03       Center of Gravity
2.720494074389293e+04 1.804988489147481e+05 2.014925654883151e+05       Ixx, Iyy, Izz
-7.774922882939462e+01 2.334714032755478e+01 3.806194582431203e+01       Ixy, Ixz, Iyz
1.273432640527971e+03             Volume

Name	Mass	cgX	cgY	cgZ	Ixx	Iyy	Izz	Ixy	Ixz	Iyz	Volume
Main Wing	2.794391876332423e+02	2.800124623087063e+01	-2.577203164124041e-07	1.781013855631516e-01	1.842963742426323e+04	5.033408192118594e+03	2.338815643245633e+04	-5.681591359746684e+00	5.886056661949441e+01	6.439711726007556e+00	2.794391876332423e+02
VStab	3.825217703160315e+01	4.024396753989834e+01	3.260074159341418e-16	3.274665265075678e+00	2.549562649498601e+02	8.534915082746637e+02	6.032531292282600e+02	9.198995503229895e-01	2.351371092187223e+02	1.732401632209253e-01	3.825217703160315e+01
VStab	0.000000000000000e+00	0.000000000000000e+00	0.000000000000000e+00	0.000000000000000e+00	0.000000000000000e+00	0.000000000000000e+00	0.000000000000000e+00	0.000000000000000e+00	0.000000000000000e+00	0.000000000000000e+00	0.000000000000000e+00
HStab	6.823202038915228e+01	4.246702499480256e+01	-8.009542744811036e-16	-1.163680775081848e+00	1.471351095270959e+03	1.006882985852015e+03	2.465312362137339e+03	-3.078738322256642e-01	-9.382998620530453e+00	2.024108963533971e+00	6.823202038915228e+01
LERX	1.211489513652485e+01	2.102965559973789e+01	5.944513316322797e-06	3.949178907670352e-01	3.399729733605502e+02	6.636427630280454e+01	4.058145655266550e+02	-1.133353011704048e-01	-3.167095011815751e-01	7.135816156398575e-02	1.211489513652485e+01
Wing hardpoints	0.000000000000000e+00	0.000000000000000e+00	0.000000000000000e+00	0.000000000000000e+00	0.000000000000000e+00	0.000000000000000e+00	0.000000000000000e+00	0.000000000000000e+00	0.000000000000000e+00	0.000000000000000e+00	0.000000000000000e+00
Wing hardpoints	0.000000000000000e+00	0.000000000000000e+00	0.000000000000000e+00	0.000000000000000e+00	0.000000000000000e+00	0.000000000000000e+00	0.000000000000000e+00	0.000000000000000e+00	0.000000000000000e+00	0.000000000000000e+00	0.000000000000000e+00
A2A - AIM 120C (fuse mounted)	2.665737813310813e+00	2.870614079965044e+01	2.749999999999996e+00	-1.065573770491801e+00	1.989152117016305e-01	3.205650808047089e+01	3.214111229910522e+01	1.453005889276336e-02	-8.109170598446312e-03	5.244722532686046e-04	2.665737813310813e+00
A2A - AIM 120C (fuse mounted)	2.665737813310815e+00	2.870614079965045e+01	-2.749999999999996e+00	-1.065573770491800e+00	1.967367221721297e-01	3.205632496084756e+01	3.213911692919905e+01	-1.014583736185565e-02	-1.013351581457563e-02	-2.910596621897755e-04	2.665737813310815e+00
AIM 120C (inboard)	2.665803308813199e+00	2.870607793238977e+01	7.340171004195041e+00	-1.800000527441343e+00	2.058741095945583e-01	3.206232539121063e+01	3.214382627314254e+01	-1.781565111023392e-02	-2.126078754107403e-02	1.698635634515397e-03	2.665803308813199e+00
AIM 120C (inboard)	2.665803308813194e+00	2.870607793238980e+01	-7.340171004195055e+00	-1.800000527441346e+00	1.996596771937578e-01	3.206255336974476e+01	3.213738386220769e+01	7.516211791748696e-03	-1.936366678458153e-02	3.639783056644744e-03	2.665803308813194e+00
AIM 120C (outboard)	2.665737813310814e+00	2.870614079965054e+01	8.650000000000004e+00	-1.800000000000001e+00	2.419143575404137e-01	3.205755680077368e+01	3.218306272464132e+01	-7.614908184874040e-02	-9.905024442755553e-03	-7.361892706829122e-03	2.665737813310814e+00
AIM 120C (outboard)	2.665737813310814e+00	2.870614079965056e+01	-8.650000000000002e+00	-1.800000000000002e+00	2.411477486283647e-01	3.205766256189190e+01	3.218219035461107e+01	-8.473598521498725e-02	-1.087421362595910e-02	-6.373707483694729e-03	2.665737813310814e+00
AIM 9X (outboard)	9.024910507156578e-01	3.418161136076139e+01	1.826279383106879e+01	4.217490789962497e-01	2.540613148856249e-02	1.072580206475454e+01	1.073540498151397e+01	1.382778902023156e-02	-1.109882841873502e-02	1.132054807753666e-04	9.024910507156578e-01
AIM 9X (outboard)	9.024910507156578e-01	3.418161136076139e+01	-1.826279383106879e+01	4.217490789962495e-01	2.511195250433365e-02	1.072571279374577e+01	1.073520007353851e+01	-1.381738049241221e-02	-1.126110270433140e-02	-2.788270326192420e-04	9.024910507156578e-01
STRK - MK83 JDAM (fuse mounted)	3.699276419854308e+00	2.614731239967966e+01	2.753450356493306e+00	-1.106167276179896e+00	8.410072434828637e-01	2.053374215805207e+01	2.067625270620903e+01	2.016878116414892e-03	-3.644610290508368e-02	1.183495824608678e-02	3.699276419854308e+00
STRK - MK83 JDAM (fuse mounted)	3.699276419854308e+00	2.614731239967965e+01	-2.753450356493307e+00	-1.106167276179896e+00	9.015057678684495e-01	2.055235652734402e+01	2.071813686130267e+01	6.961954845162893e-03	-2.818285269943997e-02	1.625146431391515e-02	3.699276419854308e+00
STRK - MK83 JDAM (wing mounted)	7.419266255560535e+00	2.860334919769787e+01	7.021393568255904e+00	-1.534633594786988e+00	1.679411300375715e+00	8.960503314966893e+01	9.003842320161482e+01	-3.284248415935428e-02	-6.596928606716189e-02	1.259544766538182e-01	7.419266255560535e+00
STRK - MK83 JDAM (wing mounted)	7.419266255560532e+00	2.860334919769789e+01	-7.021393568255912e+00	-1.534633594786991e+00	1.717162697150756e+00	8.960432755646242e+01	9.007688019159625e+01	-1.380593840409809e-01	-6.765255854212091e-02	-1.382597049830843e-01	7.419266255560532e+00
AIM 9X (outboard)	0.000000000000000e+00	0.000000000000000e+00	0.000000000000000e+00	0.000000000000000e+00	0.000000000000000e+00	0.000000000000000e+00	0.000000000000000e+00	0.000000000000000e+00	0.000000000000000e+00	0.000000000000000e+00	0.000000000000000e+00
AIM 9X (outboard)	0.000000000000000e+00	0.000000000000000e+00	0.000000000000000e+00	0.000000000000000e+00	0.000000000000000e+00	0.000000000000000e+00	0.000000000000000e+00	0.000000000000000e+00	0.000000000000000e+00	0.000000000000000e+00	0.000000000000000e+00
Drop tank	5.960479100313572e+01	2.788492698023659e+01	-7.310864275028650e-17	-3.250000000000005e+00	6.078091774016546e+01	1.005799962970137e+03	1.008618395624554e+03	1.457942159784340e+00	-1.426963398308824e+00	1.242235127392876e+00	5.960479100313572e+01
Drop tank	0.000000000000000e+00	0.000000000000000e+00	0.000000000000000e+00	0.000000000000000e+00	0.000000000000000e+00	0.000000000000000e+00	0.000000000000000e+00	0.000000000000000e+00	0.000000000000000e+00	0.000000000000000e+00	0.000000000000000e+00
Fuselage	6.164015025089104e+02	2.242243078654497e+01	-4.751059431594607e-17	1.128762063476409e-01	2.137440434987117e+03	8.704070391308999e+04	8.682472308429058e+04	-4.412823130700884e+00	8.367992002493226e+02	1.340505970699331e+01	6.164015025089104e+02
F135-PW-100 ENGINE	4.635297779698502e+00	6.603706071741546e+00	8.748840335783158e-01	-1.312649533481421e+00	1.122926206911650e+01	1.004411697314704e+03	1.012927106459355e+03	-2.354745844354075e+01	-4.943297135077418e+00	3.400376764354110e+00	4.635297779698502e+00
Main Fan	0.000000000000000e+00	0.000000000000000e+00	0.000000000000000e+00	0.000000000000000e+00	0.000000000000000e+00	0.000000000000000e+00	0.000000000000000e+00	0.000000000000000e+00	0.000000000000000e+00	0.000000000000000e+00	0.000000000000000e+00
Main Fan	0.000000000000000e+00	0.000000000000000e+00	0.000000000000000e+00	0.000000000000000e+00	0.000000000000000e+00	0.000000000000000e+00	0.000000000000000e+00	0.000000000000000e+00	0.000000000000000e+00	0.000000000000000e+00	0.000000000000000e+00
Main Fan	0.000000000000000e+00	0.000000000000000e+00	0.000000000000000e+00	0.000000000000000e+00	0.000000000000000e+00	0.000000000000000e+00	0.000000000000000e+00	0.000000000000000e+00	0.000000000000000e+00	0.000000000000000e+00	0.000000000000000e+00
Main Fan	0.000000000000000e+00	0.000000000000000e+00	0.000000000000000e+00	0.000000000000000e+00	0.000000000000000e+00	0.000000000000000e+00	0.000000000000000e+00	0.000000000000000e+00	0.000000000000000e+00	0.000000000000000e+00	0.000000000000000e+00
Main Fan	0.000000000000000e+00	0.000000000000000e+00	0.000000000000000e+00	0.000000000000000e+00	0.000000000000000e+00	0.000000000000000e+00	0.000000000000000e+00	0.000000000000000e+00	0.000000000000000e+00	0.000000000000000e+00	0.000000000000000e+00
Main Fan	0.000000000000000e+00	0.000000000000000e+00	0.000000000000000e+00	0.000000000000000e+00	0.000000000000000e+00	0.000000000000000e+00	0.000000000000000e+00	0.000000000000000e+00	0.000000000000000e+00	0.000000000000000e+00	0.000000000000000e+00
Main Fan	0.000000000000000e+00	0.000000000000000e+00	0.000000000000000e+00	0.000000000000000e+00	0.000000000000000e+00	0.000000000000000e+00	0.000000000000000e+00	0.000000000000000e+00	0.000000000000000e+00	0.000000000000000e+00	0.000000000000000e+00
Main Fan	0.000000000000000e+00	0.000000000000000e+00	0.000000000000000e+00	0.000000000000000e+00	0.000000000000000e+00	0.000000000000000e+00	0.000000000000000e+00	0.000000000000000e+00	0.000000000000000e+00	0.000000000000000e+00	0.000000000000000e+00
Main Fan	0.000000000000000e+00	0.000000000000000e+00	0.000000000000000e+00	0.000000000000000e+00	0.000000000000000e+00	0.000000000000000e+00	0.000000000000000e+00	0.000000000000000e+00	0.000000000000000e+00	0.000000000000000e+00	0.000000000000000e+00
Main Fan	0.000000000000000e+00	0.000000000000000e+00	0.000000000000000e+00	0.000000000000000e+00	0.000000000000000e+00	0.000000000000000e+00	0.000000000000000e+00	0.000000000000000e+00	0.000000000000000e+00	0.000000000000000e+00	0.000000000000000e+00
Main Fan	0.000000000000000e+00	0.000000000000000e+00	0.000000000000000e+00	0.000000000000000e+00	0.000000000000000e+00	0.000000000000000e+00	0.000000000000000e+00	0.000000000000000e+00	0.000000000000000e+00	0.000000000000000e+00	0.000000000000000e+00
Main Fan	0.000000000000000e+00	0.000000000000000e+00	0.000000000000000e+00	0.000000000000000e+00	0.000000000000000e+00	0.000000000000000e+00	0.000000000000000e+00	0.000000000000000e+00	0.000000000000000e+00	0.000000000000000e+00	0.000000000000000e+00
Main Fan	0.000000000000000e+00	0.000000000000000e+00	0.000000000000000e+00	0.000000000000000e+00	0.000000000000000e+00	0.000000000000000e+00	0.000000000000000e+00	0.000000000000000e+00	0.000000000000000e+00	0.000000000000000e+00	0.000000000000000e+00
Main Fan	0.000000000000000e+00	0.000000000000000e+00	0.000000000000000e+00	0.000000000000000e+00	0.000000000000000e+00	0.000000000000000e+00	0.000000000000000e+00	0.000000000000000e+00	0.000000000000000e+00	0.000000000000000e+00	0.000000000000000e+00
Main Fan	0.000000000000000e+00	0.000000000000000e+00	0.000000000000000e+00	0.000000000000000e+00	0.000000000000000e+00	0.000000000000000e+00	0.000000000000000e+00	0.000000000000000e+00	0.000000000000000e+00	0.000000000000000e+00	0.000000000000000e+00
Fan Diffuser	0.000000000000000e+00	0.000000000000000e+00	0.000000000000000e+00	0.000000000000000e+00	0.000000000000000e+00	0.000000000000000e+00	0.000000000000000e+00	0.000000000000000e+00	0.000000000000000e+00	0.000000000000000e+00	0.000000000000000e+00
FADEC	0.000000000000000e+00	0.000000000000000e+00	0.000000000000000e+00	0.000000000000000e+00	0.000000000000000e+00	0.000000000000000e+00	0.000000000000000e+00	0.000000000000000e+00	0.000000000000000e+00	0.000000000000000e+00	0.000000000000000e+00
Dual Air Intakes	6.673817935580173e+01	8.046080103589453e+00	-2.101820081205744e+00	1.312340131504155e-01	1.530095339949702e+02	3.415470659029053e+03	3.462747177557218e+03	-9.387626782645980e+01	-3.747928800139147e+01	1.631934287760048e+01	6.673817935580173e+01
Dual Air Intakes	6.339983953988698e+01	8.630138074209162e+00	2.218119044005249e+00	9.500501449774978e-02	9.438595663234491e+01	3.097565656196120e+03	3.114243243783824e+03	4.110983946807801e+01	-3.729176089624577e+01	5.783716636025874e+00	6.339983953988698e+01
Canopy	2.457812482688561e+01	1.713614237321575e+01	1.387514115643798e-16	3.205239402558311e+00	2.142731100513419e+01	2.611463078277965e+02	2.627834612220877e+02	1.524083141779365e+00	-7.721185092423608e+00	-4.033250420866665e-01	2.457812482688561e+01
Pilot	0.000000000000000e+00	0.000000000000000e+00	0.000000000000000e+00	0.000000000000000e+00	0.000000000000000e+00	0.000000000000000e+00	0.000000000000000e+00	0.000000000000000e+00	0.000000000000000e+00	0.000000000000000e+00	0.000000000000000e+00
Seat	0.000000000000000e+00	0.000000000000000e+00	0.000000000000000e+00	0.000000000000000e+00	0.000000000000000e+00	0.000000000000000e+00	0.000000000000000e+00	0.000000000000000e+00	0.000000000000000e+00	0.000000000000000e+00	0.000000000000000e+00
Seat	0.000000000000000e+00	0.000000000000000e+00	0.000000000000000e+00	0.000000000000000e+00	0.000000000000000e+00	0.000000000000000e+00	0.000000000000000e+00	0.000000000000000e+00	0.000000000000000e+00	0.000000000000000e+00	0.000000000000000e+00
AN-APG-85 RADAR	0.000000000000000e+00	0.000000000000000e+00	0.000000000000000e+00	0.000000000000000e+00	0.000000000000000e+00	0.000000000000000e+00	0.000000000000000e+00	0.000000000000000e+00	0.000000000000000e+00	0.000000000000000e+00	0.000000000000000e+00
GAU-22-A CANNON	0.000000000000000e+00	0.000000000000000e+00	0.000000000000000e+00	0.000000000000000e+00	0.000000000000000e+00	0.000000000000000e+00	0.000000000000000e+00	0.000000000000000e+00	0.000000000000000e+00	0.000000000000000e+00	0.000000000000000e+00
Cannon barrels	0.000000000000000e+00	0.000000000000000e+00	0.000000000000000e+00	0.000000000000000e+00	0.000000000000000e+00	0.000000000000000e+00	0.000000000000000e+00	0.000000000000000e+00	0.000000000000000e+00	0.000000000000000e+00	0.000000000000000e+00
AN-ASQ-242 CNI RADIO-IFF	0.000000000000000e+00	0.000000000000000e+00	0.000000000000000e+00	0.000000000000000e+00	0.000000000000000e+00	0.000000000000000e+00	0.000000000000000e+00	0.000000000000000e+00	0.000000000000000e+00	0.000000000000000e+00	0.000000000000000e+00
Primary active control module	0.000000000000000e+00	0.000000000000000e+00	0.000000000000000e+00	0.000000000000000e+00	0.000000000000000e+00	0.000000000000000e+00	0.000000000000000e+00	0.000000000000000e+00	0.000000000000000e+00	0.000000000000000e+00	0.000000000000000e+00
Secondary active control module	0.000000000000000e+00	0.000000000000000e+00	0.000000000000000e+00	0.000000000000000e+00	0.000000000000000e+00	0.000000000000000e+00	0.000000000000000e+00	0.000000000000000e+00	0.000000000000000e+00	0.000000000000000e+00	0.000000000000000e+00
Fuselage fuel tank	0.000000000000000e+00	0.000000000000000e+00	0.000000000000000e+00	0.000000000000000e+00	0.000000000000000e+00	0.000000000000000e+00	0.000000000000000e+00	0.000000000000000e+00	0.000000000000000e+00	0.000000000000000e+00	0.000000000000000e+00
Inflight refuel probe	0.000000000000000e+00	0.000000000000000e+00	0.000000000000000e+00	0.000000000000000e+00	0.000000000000000e+00	0.000000000000000e+00	0.000000000000000e+00	0.000000000000000e+00	0.000000000000000e+00	0.000000000000000e+00	0.000000000000000e+00
Wing fuel tanks	0.000000000000000e+00	0.000000000000000e+00	0.000000000000000e+00	0.000000000000000e+00	0.000000000000000e+00	0.000000000000000e+00	0.000000000000000e+00	0.000000000000000e+00	0.000000000000000e+00	0.000000000000000e+00	0.000000000000000e+00
Wing fuel tanks	0.000000000000000e+00	0.000000000000000e+00	0.000000000000000e+00	0.000000000000000e+00	0.000000000000000e+00	0.000000000000000e+00	0.000000000000000e+00	0.000000000000000e+00	0.000000000000000e+00	0.000000000000000e+00	0.000000000000000e+00
Primary hydraulic pump	0.000000000000000e+00	0.000000000000000e+00	0.000000000000000e+00	0.000000000000000e+00	0.000000000000000e+00	0.000000000000000e+00	0.000000000000000e+00	0.000000000000000e+00	0.000000000000000e+00	0.000000000000000e+00	0.000000000000000e+00
Secondary hydraulic pump	0.000000000000000e+00	0.000000000000000e+00	0.000000000000000e+00	0.000000000000000e+00	0.000000000000000e+00	0.000000000000000e+00	0.000000000000000e+00	0.000000000000000e+00	0.000000000000000e+00	0.000000000000000e+00	0.000000000000000e+00
Name	Mass	cgX	cgY	cgZ	Ixx	Iyy	Izz	Ixy	Ixz	Iyz	Volume
Totals	1.273432640527971e+03	2.408794901353383e+01	3.464725023598797e-03	6.819298935034950e-03	2.720494074389293e+04	1.804988489147481e+05	2.014925654883151e+05	-7.774922882939462e+01	2.334714032755478e+01	3.806194582431203e+01	1.273432640527971e+03

...Filling Mass Properties (Volume Only -- No Shell or Point Mass)...
10 Num Slice

Slice	Mass	cgX	cgY	cgZ	Ixx	Iyy	Izz	Ixy	Ixz	Iyz	Volume
5.590283999708787e-01	7.460826107646939e+01	5.590283999708782e-01	9.191377231966559e-03	7.648571698770112e-03	3.108285621238949e+02	4.742508740618946e+02	6.507531175159569e+02	1.319276784293665e+00	-1.923839700238718e-01	1.844055220704497e+01	7.460826107646939e+01
5.676685199912630e+00	1.584969809385491e+02	3.267683638060431e+00	1.629412564845649e-02	5.895530524770836e-02	6.317798060858679e+02	2.044741389821401e+03	2.385098511341982e+03	7.543765024441711e+00	1.807441128133431e+01	1.644141838863389e+01	1.584969809385491e+02
1.079434199985438e+01	2.546185116121072e+02	6.109087108734749e+00	1.732825279501381e-02	4.067530842411897e-02	9.960613533756134e+02	6.087008654536407e+03	6.535374931938532e+03	9.638193374885693e+00	-6.523678902684061e+00	1.851087685133862e+01	2.546185116121072e+02
1.591199879979613e+01	3.846448340925336e+02	9.422888423124553e+00	1.147056594667128e-02	1.861050883186181e-01	1.610547320516994e+03	1.544113567886625e+04	1.575718300672459e+04	-4.296582399875112e+00	3.528620982572136e+02	1.812405953603587e+01	3.846448340925336e+02
2.102965559973788e+01	5.224547686320916e+02	1.248445072642768e+01	8.444929973663558e-03	1.445675276932199e-01	2.506420464331331e+03	3.018024985268842e+04	3.075440242171488e+04	-1.757456592341972e+01	1.643440870195253e+02	1.966362693528171e+01	5.224547686320916e+02
2.614731239967963e+01	7.718998572800512e+02	1.689970447874521e+01	5.715889041683203e-03	-1.944380838665944e-02	7.773785479820146e+03	6.365682904037300e+04	6.830146967226894e+04	-4.180276414027249e+01	-1.014180101963746e+03	2.630834071510514e+01	7.718998572800512e+02
3.126496919962138e+01	1.038768845690267e+03	2.059026920853141e+01	4.247426127388826e-03	-7.178881845939199e-02	2.283291028420847e+04	1.066164814051886e+05	1.251591876411496e+05	-6.125598004213711e+01	-1.601829034583730e+03	3.301801150135343e+01	1.038768845690267e+03
3.638262599956315e+01	1.150837713311667e+03	2.212813290744614e+01	3.833810696736496e-03	-4.361702581079455e-02	2.488777125319255e+04	1.326457470542382e+05	1.528638566741537e+05	-6.911404486758977e+01	-1.143201302643872e+03	3.611231770758975e+01	1.150837713311667e+03
4.150028279950489e+01	1.249834635111593e+03	2.366256246643283e+01	3.530142157652949e-03	-3.343738725313239e-04	2.589755800269288e+04	1.678602845195082e+05	1.881571878719049e+05	-7.594235793614365e+01	-1.811839049188871e+02	3.799576152154444e+01	1.249834635111593e+03
4.661793959944664e+01	1.273432640527972e+03	2.408794901353382e+01	3.464725023596733e-03	6.819298935034664e-03	2.720494074389297e+04	1.804988489147489e+05	2.014925654883156e+05	-7.774922882937076e+01	2.334714032756994e+01	3.806194582431184e+01	1.273432640527972e+03
