2 0.000000 1989.093400 11525.512269
558 472 
1 -165.125896 0.000000 -182.734516 1988.770978 0.000165 34.718736 0.000020 
2 230.704331 0.000000 -182.734516 1988.774380 0.001501 34.594598 0.000018 
3 230.704331 0.000000 191.138357 1988.809705 0.000367 34.596677 -0.000017 
4 -165.125896 0.000000 191.138357 1988.810078 0.000084 34.717793 -0.000020 
5 32.789217 0.000000 4.201920 1995.541213 -1.367630 3.552026 -0.006497 
6 -165.125896 0.000000 4.201920 1988.792042 0.000182 34.741568 -0.000002 
7 32.789217 0.000000 -182.734516 1988.731192 0.000797 34.651508 0.000061 
8 230.704331 0.000000 4.201920 1989.239288 -1.423524 9.016470 -0.000168 
9 32.789217 0.000000 191.138357 1988.846654 0.000141 34.655043 -0.000055 
10 131.746774 0.000000 -89.266298 1988.729634 0.008266 34.222554 0.000070 
11 32.789217 0.000000 -89.266298 1988.551679 0.015267 34.441631 0.000245 
12 131.746774 0.000000 -182.734516 1988.752766 0.001280 34.604675 0.000040 
13 230.704331 0.000000 -89.266298 1988.781902 0.008815 34.244743 0.000017 
14 131.746774 0.000000 4.201920 1989.212953 0.819609 10.791746 -0.000150 
15 -66.168339 0.000000 -89.266298 1988.707043 0.000745 34.733117 0.000084 
16 -165.125896 0.000000 -89.266298 1988.771956 0.000202 34.731640 0.000018 
17 -66.168339 0.000000 -182.734516 1988.748245 0.000360 34.703680 0.000043 
18 -66.168339 0.000000 4.201920 1988.802233 0.000237 34.829415 -0.000014 
19 131.746774 0.000000 97.670139 1988.863113 -0.000672 34.271673 -0.000065 
20 32.789217 0.000000 97.670139 1989.002994 0.021864 34.478895 -0.000210 
21 230.704331 0.000000 97.670139 1988.814614 -0.000206 34.258024 -0.000016 
22 131.746774 0.000000 191.138357 1988.828948 0.000241 34.610398 -0.000037 
23 82.267996 0.000000 -42.532189 1988.605055 0.031379 32.789498 0.000219 
24 32.789217 0.000000 -42.532189 1987.729879 0.019664 33.519920 0.001087 
25 82.267996 0.000000 -89.266298 1988.644175 -0.014442 34.256514 0.000155 
26 131.746774 0.000000 -42.532189 1988.765365 0.073724 32.850005 0.000057 
27 82.267996 0.000000 4.201920 1989.225718 0.500212 11.932640 -0.000169 
28 -66.168339 0.000000 97.670139 1988.872375 0.000235 34.726161 -0.000083 
29 -165.125896 0.000000 97.670139 1988.810422 0.000124 34.730089 -0.000020 
30 -66.168339 0.000000 191.138357 1988.831174 0.000114 34.702770 -0.000041 
31 -16.689561 0.000000 -42.532189 1988.470061 -0.000548 34.739074 0.000322 
32 -66.168339 0.000000 -42.532189 1988.711109 0.000877 34.789935 0.000078 
33 -16.689561 0.000000 -89.266298 1988.611045 0.016829 34.663520 0.000181 
34 -16.689561 0.000000 4.201920 1988.901324 0.001030 35.243468 -0.000121 
35 82.267996 0.000000 50.936029 1988.997525 -0.036499 33.243704 -0.000183 
36 32.789217 0.000000 50.936029 1989.497050 -0.060997 33.846305 -0.000695 
37 131.746774 0.000000 50.936029 1988.876320 -0.033073 33.159746 -0.000060 
38 82.267996 0.000000 97.670139 1988.932276 -0.002453 34.320629 -0.000136 
39 57.528607 0.000000 -19.165134 1987.832548 0.294242 27.789615 0.001072 
40 32.789217 0.000000 -19.165134 1985.375780 0.197877 29.717011 0.003511 
41 57.528607 0.000000 -42.532189 1988.197256 0.078597 32.901321 0.000627 
42 82.267996 0.000000 -19.165134 1988.677891 0.321375 28.356124 0.000214 
43 57.528607 0.000000 4.201920 1989.247858 0.351369 11.339031 -0.000188 
44 -16.689561 0.000000 50.936029 1989.087560 -0.014200 34.705659 -0.000299 
45 -66.168339 0.000000 50.936029 1988.878522 0.000407 34.777042 -0.000090 
46 -16.689561 0.000000 97.670139 1988.954628 0.000107 34.660981 -0.000164 
47 8.049828 0.000000 -19.165134 1986.594788 0.006621 35.122478 0.002199 
48 -16.689561 0.000000 -19.165134 1988.425011 0.001329 35.074149 0.000361 
49 8.049828 0.000000 -42.532189 1988.002327 0.016548 34.427373 0.000797 
50 8.049828 0.000000 4.201920 1990.777302 0.002218 38.036426 -0.002060 
51 57.528607 0.000000 27.568975 1989.773821 -0.099417 30.320746 -0.000917 
52 32.789217 0.000000 27.568975 1991.105180 -0.049935 31.810541 -0.002280 
53 82.267996 0.000000 27.568975 1989.123140 -0.088327 30.334042 -0.000262 
54 57.528607 0.000000 50.936029 1989.285138 -0.035453 33.334096 -0.000474 
55 45.158912 0.000000 -7.481607 1986.189967 0.629551 18.412212 0.002831 
56 32.789217 0.000000 -7.481607 1983.067923 0.600625 16.909209 0.005977 
57 45.158912 0.000000 -19.165134 1986.682010 0.283820 28.117771 0.002223 
58 57.528607 0.000000 -7.481607 1988.214753 0.654460 18.940289 0.000792 
59 45.158912 0.000000 4.201920 1991.040811 0.000000 8.751529 -0.001978 
60 8.049828 0.000000 27.568975 1990.329689 -0.034346 34.625015 -0.001546 
61 -16.689561 0.000000 27.568975 1989.197856 -0.010016 34.954229 -0.000414 
62 8.049828 0.000000 50.936029 1989.408056 -0.004253 34.458086 -0.000617 
63 20.419523 0.000000 -7.481607 1978.102896 0.142347 28.525347 0.010815 
64 8.049828 0.000000 -7.481607 1986.269058 0.035320 36.793153 0.002496 
65 20.419523 0.000000 -19.165134 1985.211151 0.099220 32.866811 0.003627 
66 20.419523 0.000000 4.201920 2006.306644 -0.086731 19.488618 -0.017479 
67 45.158912 0.000000 15.885447 1991.144461 -0.374652 25.846539 -0.002232 
68 32.789217 0.000000 15.885447 1993.368866 -0.210174 27.302837 -0.004492 
69 57.528607 0.000000 15.885447 1989.889792 -0.355148 25.456332 -0.000965 
70 45.158912 0.000000 27.568975 1990.509786 -0.089097 30.697448 -0.001663 
71 38.974065 0.000000 -1.639843 1988.198721 0.174109 15.605162 0.000838 
72 32.789217 0.000000 -1.639843 1982.756689 0.905072 -23.771580 0.006218 
73 38.974065 0.000000 -7.481607 1985.650984 0.743439 17.911847 0.003377 
74 45.158912 0.000000 -1.639843 1987.453448 0.908146 15.457589 0.001588 
75 38.974065 0.000000 4.201920 1991.077585 0.000000 7.617920 -0.002011 
76 20.419523 0.000000 15.885447 1993.764490 -0.064365 32.169587 -0.004964 
77 8.049828 0.000000 15.885447 1991.213000 -0.012437 35.410092 -0.002449 
78 20.419523 0.000000 27.568975 1991.198295 -0.042274 33.525209 -0.002402 
79 26.604370 0.000000 -1.639843 1988.129099 -0.039089 -47.984855 0.000387 
80 20.419523 0.000000 -1.639843 1955.499333 0.172812 -4.822225 0.033487 
81 26.604370 0.000000 -7.481607 1979.300887 0.328528 21.214602 0.009708 
82 26.604370 0.000000 4.201920 2003.283500 -0.415016 8.258936 -0.014336 
83 38.974065 0.000000 10.043684 1992.737436 -0.756479 20.064134 -0.003769 
84 32.789217 0.000000 10.043684 1994.825155 -0.452678 21.170338 -0.005885 
85 45.158912 0.000000 10.043684 1991.425302 0.000000 18.085493 -0.002429 
86 38.974065 0.000000 15.885447 1992.123886 -0.304745 26.274267 -0.003224 
87 35.881641 0.000000 1.281038 1986.276804 0.000000 -11.451610 0.002797 
88 32.789217 0.000000 1.281038 1993.919195 -2.440348 -20.442584 -0.004965 
89 35.881641 0.000000 -1.639843 1987.855273 0.420489 15.622868 0.001183 
90 38.974065 0.000000 1.281038 1988.015965 -0.000000 -2.488149 0.001081 
91 35.881641 0.000000 4.201920 1990.253866 0.000000 1.495215 -0.001168 
92 26.604370 0.000000 10.043684 1996.807545 -0.201839 24.839082 -0.007927 
93 20.419523 0.000000 10.043684 1996.592228 -0.069007 30.232993 -0.007785 
94 26.604370 0.000000 15.885447 1993.971763 -0.123001 29.441800 -0.005130 
95 29.696794 0.000000 1.281038 1988.157641 -0.710283 -48.235985 0.000352 
96 26.604370 0.000000 1.281038 1988.328782 0.031828 -47.938764 0.000188 
97 29.696794 0.000000 -1.639843 1988.157641 -0.710283 -48.235985 0.000352 
98 29.696794 0.000000 4.201920 2000.061924 -0.810203 5.277180 -0.011066 
99 82.267996 0.000000 -136.000407 1988.706123 0.002227 34.534536 0.000088 
100 32.789217 0.000000 -136.000407 1988.682925 0.001545 34.599210 0.000110 
101 82.267996 0.000000 -182.734516 1988.738942 0.001063 34.622699 0.000053 
102 131.746774 0.000000 -136.000407 1988.739782 0.002758 34.505686 0.000055 
103 57.528607 0.000000 -65.899244 1988.531548 0.013429 33.980289 0.000273 
104 32.789217 0.000000 -65.899244 1988.426662 0.009744 34.211840 0.000374 
105 57.528607 0.000000 -89.266298 1988.589795 0.017292 34.326926 0.000208 
106 82.267996 0.000000 -65.899244 1988.612391 0.033377 33.859004 0.000194 
107 45.158912 0.000000 -30.848662 1987.370817 0.113676 31.631962 0.001478 
108 32.789217 0.000000 -30.848662 1986.835921 0.086506 32.491682 0.002002 
109 45.158912 0.000000 -42.532189 1987.940127 0.084312 33.144939 0.000882 
110 57.528607 0.000000 -30.848662 1987.971789 0.115022 31.303167 0.000880 
111 38.974065 0.000000 -13.323371 1985.329006 0.451810 24.953500 0.003624 
112 32.789217 0.000000 -13.323371 1983.959498 0.342887 25.800790 0.004987 
113 38.974065 0.000000 -19.165134 1986.063294 0.256009 28.918519 0.002833 
114 45.158912 0.000000 -13.323371 1986.477955 0.519227 24.768703 0.002473 
115 35.881641 0.000000 -4.560725 1987.230090 0.765585 7.522650 0.001858 
116 32.789217 0.000000 -4.560725 1983.066074 0.714918 5.206000 0.006044 
117 35.881641 0.000000 -7.481607 1984.832511 0.693115 16.900957 0.004207 
118 38.974065 0.000000 -4.560725 1987.258526 0.773386 11.567974 0.001810 
119 34.335429 0.000000 -0.179403 1985.089789 -1.427721 -39.487870 0.003627 
120 32.789217 0.000000 -0.179403 1988.054983 -6.330632 -45.103280 0.000520 
121 34.335429 0.000000 -1.639843 1987.905161 0.777961 -25.455459 0.001030 
122 35.881641 0.000000 -0.179403 1984.112926 0.238040 1.682188 0.005001 
123 34.335429 0.000000 1.281038 1989.154432 0.000000 -18.151994 -0.000145 
124 181.225553 0.000000 50.936029 1988.840256 -0.013142 33.128839 -0.000023 
125 181.225553 0.000000 4.201920 1989.273865 3.860777 7.073032 -0.000198 
126 230.704331 0.000000 50.936029 1988.829028 -0.013839 33.089602 -0.000011 
127 181.225553 0.000000 97.670139 1988.829196 -0.000328 34.262170 -0.000031 
128 107.007385 0.000000 27.568975 1988.938383 -0.099925 30.349925 -0.000077 
129 107.007385 0.000000 4.201920 1989.204486 1.272666 11.419351 -0.000145 
130 131.746774 0.000000 27.568975 1988.906048 -0.075913 30.282328 -0.000043 
131 107.007385 0.000000 50.936029 1988.921093 -0.018193 33.179545 -0.000105 
132 69.898301 0.000000 15.885447 1989.318829 -0.335938 25.708043 -0.000394 
133 69.898301 0.000000 4.201920 1989.278036 0.577763 11.914001 -0.000222 
134 82.267996 0.000000 15.885447 1989.116989 -0.347575 25.831085 -0.000192 
135 69.898301 0.000000 27.568975 1989.310738 -0.108076 30.369848 -0.000452 
136 51.343759 0.000000 10.043684 1990.432650 -3.001515 20.255356 -0.001453 
137 51.343759 0.000000 4.201920 1989.749106 0.133630 10.351914 -0.000686 
138 57.528607 0.000000 10.043684 1989.713957 -3.211523 20.579440 -0.000734 
139 51.343759 0.000000 15.885447 1990.355380 -0.371209 25.554385 -0.001434 
140 181.225553 0.000000 -42.532189 1988.799851 0.053166 32.933808 0.000021 
141 181.225553 0.000000 -89.266298 1988.766781 0.008783 34.231624 0.000032 
142 230.704331 0.000000 -42.532189 1988.810086 0.051012 33.004836 0.000010 
143 107.007385 0.000000 -19.165134 1988.831112 0.253732 28.631278 0.000057 
144 107.007385 0.000000 -42.532189 1988.721600 0.065810 32.805848 0.000102 
145 131.746774 0.000000 -19.165134 1988.862204 0.295261 28.834698 0.000022 
146 69.898301 0.000000 -7.481607 1988.781650 0.571630 19.882551 0.000213 
147 69.898301 0.000000 -19.165134 1988.437387 0.294231 28.075900 0.000460 
148 82.267996 0.000000 -7.481607 1988.927643 0.613140 20.500226 0.000060 
149 51.343759 0.000000 -1.639843 1987.220189 -0.397207 12.491190 0.001843 
150 51.343759 0.000000 -7.481607 1987.448609 0.657253 18.781014 0.001564 
151 57.528607 0.000000 -1.639843 1988.258303 -0.942473 10.664531 0.000811 
152 48.251336 0.000000 7.122802 1990.884131 0.000000 17.039523 -0.001875 
153 45.158912 0.000000 7.122802 1991.331137 0.000000 16.147289 -0.002317 
154 48.251336 0.000000 4.201920 1990.410188 0.083076 9.857582 -0.001349 
155 51.343759 0.000000 7.122802 1990.172311 0.324662 16.146918 -0.001151 
156 48.251336 0.000000 10.043684 1990.808010 0.000000 18.439148 -0.001811 
157 42.066488 0.000000 7.122802 1991.763211 0.000000 15.219655 -0.002745 
158 38.974065 0.000000 7.122802 1991.817377 0.000000 11.796269 -0.002776 
159 42.066488 0.000000 4.201920 1991.292883 -0.000000 8.830313 -0.002232 
160 42.066488 0.000000 10.043684 1991.630667 0.000000 17.996792 -0.002635 
161 82.267996 0.000000 144.404248 1988.871087 0.000085 34.551044 -0.000078 
162 32.789217 0.000000 144.404248 1988.889504 0.000075 34.609019 -0.000098 
163 131.746774 0.000000 144.404248 1988.843937 0.000201 34.520541 -0.000050 
164 82.267996 0.000000 191.138357 1988.840560 0.000178 34.628410 -0.000049 
165 57.528607 0.000000 74.303084 1989.070196 -0.000277 34.106284 -0.000271 
166 32.789217 0.000000 74.303084 1989.144536 -0.001293 34.300105 -0.000349 
167 82.267996 0.000000 74.303084 1988.978605 -0.013978 34.007789 -0.000177 
168 57.528607 0.000000 97.670139 1988.976741 0.021060 34.383476 -0.000182 
169 45.158912 0.000000 39.252502 1989.837567 -0.032098 32.726603 -0.001019 
170 32.789217 0.000000 39.252502 1990.118856 -0.053643 33.272759 -0.001311 
171 57.528607 0.000000 39.252502 1989.490926 -0.057153 32.473134 -0.000666 
172 45.158912 0.000000 50.936029 1989.407446 0.044201 33.538856 -0.000600 
173 51.343759 0.000000 21.727211 1990.183616 -0.161830 28.622755 -0.001304 
174 45.158912 0.000000 21.727211 1990.737913 -0.163044 28.902554 -0.001865 
175 57.528607 0.000000 21.727211 1989.867553 -0.173642 28.441068 -0.000983 
176 51.343759 0.000000 27.568975 1990.108443 -0.099994 30.454802 -0.001255 
177 48.251336 0.000000 12.964566 1990.841291 -0.625564 23.394178 -0.001897 
178 45.158912 0.000000 12.964566 1991.249867 -0.612691 23.589392 -0.002310 
179 51.343759 0.000000 12.964566 1990.435067 -0.647581 23.255148 -0.001486 
180 48.251336 0.000000 15.885447 1990.818464 -0.378667 25.529140 -0.001900 
181 46.705124 0.000000 8.583243 1991.034399 0.000000 17.729714 -0.002032 
182 45.158912 0.000000 8.583243 1991.335831 0.000000 17.856116 -0.002337 
183 46.705124 0.000000 7.122802 1991.027477 -0.000000 15.870513 -0.002009 
184 48.251336 0.000000 8.583243 1990.748833 0.000000 18.504271 -0.001752 
185 46.705124 0.000000 10.043684 1991.079039 -0.000000 18.223021 -0.002081 
186 63.713454 0.000000 10.043684 1989.441543 -3.581303 20.776250 -0.000462 
187 63.713454 0.000000 4.201920 1989.308569 0.532405 11.932833 -0.000252 
188 69.898301 0.000000 10.043684 1989.288095 -4.690162 21.003028 -0.000313 
189 63.713454 0.000000 15.885447 1989.538890 -0.341881 25.562662 -0.000613 
190 54.436183 0.000000 7.122802 1989.776568 0.376377 16.331633 -0.000754 
191 54.436183 0.000000 4.201920 1989.325207 0.216576 10.955996 -0.000263 
192 57.528607 0.000000 7.122802 1989.564288 0.439690 16.572903 -0.000543 
193 54.436183 0.000000 10.043684 1990.012111 -3.084822 20.398935 -0.001032 
194 49.797547 0.000000 8.583243 1990.729204 0.000000 18.528151 -0.001732 
195 49.797547 0.000000 7.122802 1990.390948 0.323379 16.139464 -0.001371 
196 51.343759 0.000000 8.583243 1990.281133 0.371984 18.430653 -0.001280 
197 49.797547 0.000000 10.043684 1990.582558 -2.958423 20.278645 -0.001604 
198 38.974065 0.000000 21.727211 1991.391925 -0.152773 29.503658 -0.002532 
199 32.789217 0.000000 21.727211 1992.037420 -0.131534 30.486331 -0.003197 
200 38.974065 0.000000 27.568975 1990.716554 -0.069050 31.200236 -0.001879 
201 42.066488 0.000000 12.964566 1991.835460 -0.512288 23.558134 -0.002899 
202 38.974065 0.000000 12.964566 1992.587286 -0.434848 23.698639 -0.003658 
203 42.066488 0.000000 15.885447 1991.614255 -0.336943 25.933355 -0.002706 
204 46.705124 0.000000 11.504125 1991.061113 -0.956452 22.099005 -0.002103 
205 45.158912 0.000000 11.504125 1991.358978 -0.891124 21.942332 -0.002401 
206 48.251336 0.000000 11.504125 1990.851138 -0.998427 22.013434 -0.001891 
207 46.705124 0.000000 12.964566 1991.035779 -0.624332 23.478555 -0.002093 
208 47.478230 0.000000 9.313463 1990.911080 0.000000 19.399629 -0.001924 
209 46.705124 0.000000 9.313463 1991.064910 0.000000 18.980906 -0.002074 
210 47.478230 0.000000 8.583243 1990.912523 0.000000 18.027126 -0.001912 
211 48.251336 0.000000 9.313463 1990.772702 -0.000000 19.248070 -0.001783 
212 47.478230 0.000000 10.043684 1990.896169 0.000000 18.343430 -0.001899 
213 43.612700 0.000000 8.583243 1991.597403 0.000000 17.768577 -0.002599 
214 42.066488 0.000000 8.583243 1991.704089 0.000000 16.589602 -0.002696 
215 43.612700 0.000000 7.122802 1991.555463 0.000000 15.618561 -0.002539 
216 43.612700 0.000000 10.043684 1991.570102 0.000000 18.002545 -0.002574 
217 45.932018 0.000000 9.313463 1991.256826 -0.000000 19.015971 -0.002268 
218 45.158912 0.000000 9.313463 1991.348098 0.000000 19.134952 -0.002361 
219 45.932018 0.000000 8.583243 1991.200996 -0.000000 17.670281 -0.002199 
220 45.932018 0.000000 10.043684 1991.223758 -0.000000 18.154894 -0.002226 
221 54.436183 0.000000 12.964566 1990.089144 -0.618993 23.278142 -0.001139 
222 57.528607 0.000000 12.964566 1989.773921 -0.606725 23.427920 -0.000823 
223 54.436183 0.000000 15.885447 1990.062869 -0.363743 25.511138 -0.001140 
224 49.797547 0.000000 11.504125 1990.682508 -0.978224 21.868619 -0.001720 
225 51.343759 0.000000 11.504125 1990.497264 -0.975660 21.778067 -0.001532 
226 49.797547 0.000000 12.964566 1990.686942 -0.639227 23.197695 -0.001739 
227 47.478230 0.000000 10.773904 1990.863355 -1.391441 21.326201 -0.001896 
228 46.705124 0.000000 10.773904 1990.985528 -1.358848 21.336118 -0.002019 
229 48.251336 0.000000 10.773904 1990.858577 -1.414482 21.219040 -0.001890 
230 47.478230 0.000000 11.504125 1990.936458 -0.966381 22.069363 -0.001977 
231 47.091677 0.000000 9.678574 1990.912078 -0.000000 19.624166 -0.001927 
232 46.705124 0.000000 9.678574 1991.031207 -0.000000 19.441776 -0.002045 
233 47.091677 0.000000 9.313463 1990.981854 0.000000 19.281935 -0.001994 
234 47.478230 0.000000 9.678574 1990.852144 0.000000 19.604560 -0.001866 
235 47.091677 0.000000 10.043684 1990.982399 -0.000000 18.273941 -0.001985 
236 48.251336 0.000000 1.281038 1989.322667 2.473746 4.657301 -0.000238 
237 45.158912 0.000000 1.281038 1989.857736 2.105024 1.932535 -0.000771 
238 48.251336 0.000000 -1.639843 1987.405509 -0.616536 12.883306 0.001654 
239 51.343759 0.000000 1.281038 1988.680148 2.955620 6.528744 0.000402 
240 46.705124 0.000000 5.662361 1991.057863 0.000000 13.967593 -0.002026 
241 45.158912 0.000000 5.662361 1991.239462 0.000000 12.538380 -0.002199 
242 46.705124 0.000000 4.201920 1991.029964 0.000000 8.682868 -0.001967 
243 48.251336 0.000000 5.662361 1990.884576 0.000000 15.517092 -0.001863 
244 47.478230 0.000000 7.853022 1990.896717 0.000000 17.096187 -0.001888 
245 46.705124 0.000000 7.853022 1991.030577 0.000000 16.974211 -0.002022 
246 47.478230 0.000000 7.122802 1990.941170 0.000000 16.315744 -0.001926 
247 48.251336 0.000000 7.853022 1990.856720 0.000000 17.680985 -0.001853 
248 47.091677 0.000000 8.948353 1990.978798 0.000000 18.448514 -0.001983 
249 46.705124 0.000000 8.948353 1991.035996 0.000000 18.412846 -0.002040 
250 47.091677 0.000000 8.583243 1990.975223 0.000000 17.982516 -0.001975 
251 47.478230 0.000000 8.948353 1990.927496 0.000000 18.362347 -0.001930 
252 49.024441 0.000000 9.313463 1990.774502 0.000000 18.467020 -0.001777 
253 49.024441 0.000000 8.583243 1990.788504 0.000000 18.459528 -0.001791 
254 49.797547 0.000000 9.313463 1990.717294 0.000000 18.538537 -0.001720 
255 49.024441 0.000000 10.043684 1990.716816 0.000000 18.543551 -0.001720 
256 47.864783 0.000000 9.678574 1990.847291 0.000000 19.413979 -0.001860 
257 47.864783 0.000000 9.313463 1990.848752 0.000000 19.469355 -0.001862 
258 48.251336 0.000000 9.678574 1990.847284 0.000000 18.387733 -0.001850 
259 47.864783 0.000000 10.043684 1990.861115 0.000000 18.371890 -0.001864 
260 47.284953 0.000000 9.496019 1990.903962 -0.000000 19.687215 -0.001919 
261 47.091677 0.000000 9.496019 1990.947009 -0.000000 19.677144 -0.001963 
262 47.284953 0.000000 9.313463 1990.943066 0.000000 19.309142 -0.001955 
263 47.478230 0.000000 9.496019 1990.877555 0.000000 19.706695 -0.001893 
264 47.284953 0.000000 9.678574 1990.875780 0.000000 19.648121 -0.001891 
265 42.066488 0.000000 1.281038 1989.992542 0.000000 -0.266540 -0.000904 
266 42.066488 0.000000 -1.639843 1987.932251 0.731896 15.496653 0.001106 
267 42.066488 0.000000 -4.560725 1986.345908 0.466184 13.240772 0.002716 
268 42.066488 0.000000 -7.481607 1985.862723 0.682874 18.364776 0.003160 
269 45.158912 0.000000 -4.560725 1986.420265 0.155175 13.921583 0.002637 
270 43.612700 0.000000 -0.179403 1988.432855 0.315342 8.242356 0.000647 
271 42.066488 0.000000 -0.179403 1988.898194 0.118558 4.087699 0.000192 
272 43.612700 0.000000 -1.639843 1987.583207 0.879660 15.464178 0.001457 
273 45.158912 0.000000 -0.179403 1988.096175 -14.169512 12.943593 0.000909 
274 43.612700 0.000000 1.281038 1989.771388 0.000000 0.699426 -0.000682 
275 -16.689561 0.000000 -136.000407 1988.696756 0.000933 34.670695 0.000095 
276 -66.168339 0.000000 -136.000407 1988.730032 0.000492 34.709477 0.000061 
277 -16.689561 0.000000 -182.734516 1988.735591 0.000546 34.682112 0.000056 
278 8.049828 0.000000 -65.899244 1988.446961 0.000579 34.502942 0.000349 
279 -16.689561 0.000000 -65.899244 1988.531298 0.009557 34.686085 0.000261 
280 8.049828 0.000000 -89.266298 1988.562920 -0.032034 34.570927 0.000231 
281 20.419523 0.000000 -30.848662 1986.863812 0.059565 33.716579 0.001953 
282 8.049828 0.000000 -30.848662 1987.464920 0.045799 34.581227 0.001334 
283 20.419523 0.000000 -42.532189 1987.784604 0.091928 34.051947 0.001022 
284 26.604370 0.000000 -13.323371 1982.849548 0.207061 28.237318 0.006067 
285 20.419523 0.000000 -13.323371 1983.081052 0.120947 31.640297 0.005783 
286 26.604370 0.000000 -19.165134 1985.000492 0.151334 31.201899 0.003865 
287 29.696794 0.000000 -4.560725 1978.653428 0.620957 6.410394 0.010459 
288 26.604370 0.000000 -4.560725 1975.549514 0.439066 10.362082 0.013545 
289 29.696794 0.000000 -7.481607 1980.823312 0.477307 18.241115 0.008214 
290 34.335429 0.000000 -3.100284 1987.002293 0.743080 -5.304402 0.002094 
291 32.789217 0.000000 -3.100284 1983.145155 0.758158 -6.130857 0.005962 
292 34.335429 0.000000 -4.560725 1985.369000 0.735696 5.864775 0.003732 
293 35.881641 0.000000 -3.100284 1991.164060 0.759272 -1.133076 -0.002084 
294 37.427853 0.000000 -0.179403 1983.449036 0.024198 -1.918816 0.005666 
295 37.427853 0.000000 -1.639843 1988.109996 0.134608 15.640255 0.000927 
296 38.974065 0.000000 -0.179403 1986.798592 0.052827 3.399317 0.002303 
297 37.427853 0.000000 1.281038 1986.489110 0.000000 -5.727682 0.002609 
298 35.108535 0.000000 -0.909623 1987.105278 -0.027706 3.955124 0.001994 
299 34.335429 0.000000 -0.909623 1984.804963 -2.140545 -47.753686 0.003730 
300 35.108535 0.000000 -1.639843 1987.785302 0.480729 15.615087 0.001253 
301 35.881641 0.000000 -0.909623 1987.535500 0.389295 14.376670 0.001514 
302 35.108535 0.000000 -0.179403 1983.436969 -0.584304 -23.514520 0.005540 
303 -115.647118 0.000000 -42.532189 1988.765151 0.000364 34.755268 0.000025 
304 -165.125896 0.000000 -42.532189 1988.779642 0.000201 34.738843 0.000010 
305 -115.647118 0.000000 -89.266298 1988.753367 0.000335 34.736367 0.000037 
306 -115.647118 0.000000 4.201920 1988.794062 0.000375 34.764892 -0.000005 
307 -41.428950 0.000000 -19.165134 1988.685809 0.001823 34.893435 0.000102 
308 -66.168339 0.000000 -19.165134 1988.746558 0.001302 34.821524 0.000042 
309 -41.428950 0.000000 -42.532189 1988.630943 0.005326 34.810610 0.000159 
310 -41.428950 0.000000 4.201920 1988.816761 -0.002180 34.892384 -0.000030 
311 -4.319866 0.000000 -7.481607 1988.255878 0.014061 35.763748 0.000519 
312 -16.689561 0.000000 -7.481607 1988.614080 0.004154 35.216848 0.000168 
313 -4.319866 0.000000 -19.165134 1987.944896 0.016762 35.218406 0.000841 
314 -4.319866 0.000000 4.201920 1989.122303 -0.001121 35.883910 -0.000355 
315 14.234675 0.000000 -1.639843 1979.536933 0.041466 45.231107 0.009069 
316 8.049828 0.000000 -1.639843 1987.830539 0.021184 38.452150 0.000896 
317 14.234675 0.000000 -7.481607 1982.368311 0.068305 35.392371 0.006434 
318 14.234675 0.000000 4.201920 1998.646342 -0.003916 38.862767 -0.010010 
319 -115.647118 0.000000 50.936029 1988.820577 0.000212 34.751745 -0.000031 
320 -165.125896 0.000000 50.936029 1988.803866 0.000153 34.737679 -0.000014 
321 -115.647118 0.000000 97.670139 1988.829082 0.000156 34.733016 -0.000039 
322 -41.428950 0.000000 27.568975 1988.931247 -0.005602 34.863625 -0.000144 
323 -66.168339 0.000000 27.568975 1988.852775 0.000392 34.811442 -0.000064 
324 -41.428950 0.000000 50.936029 1988.958692 0.012244 34.783958 -0.000170 
325 -4.319866 0.000000 15.885447 1989.637039 -0.005437 35.377878 -0.000863 
326 -16.689561 0.000000 15.885447 1989.130953 -0.007317 35.120215 -0.000350 
327 -4.319866 0.000000 27.568975 1989.581230 -0.010291 34.907039 -0.000799 
328 14.234675 0.000000 10.043684 1994.253922 -0.031032 34.709941 -0.005500 
329 8.049828 0.000000 10.043684 1991.486662 -0.003954 36.179083 -0.002739 
330 14.234675 0.000000 15.885447 1992.492230 -0.038564 34.314567 -0.003718 
331 17.327099 0.000000 1.281038 2033.543125 -0.012052 22.233248 -0.045318 
332 14.234675 0.000000 1.281038 1996.252495 0.016452 49.340234 -0.007827 
333 17.327099 0.000000 -1.639843 1957.692954 0.076352 30.742319 0.031085 
334 20.419523 0.000000 1.281038 2034.893793 0.105691 -49.573617 -0.047203 
335 17.327099 0.000000 4.201920 2006.688054 -0.025120 30.771665 -0.018009 
336 14.234675 0.000000 -13.323371 1984.606021 0.075469 34.466458 0.004207 
337 8.049828 0.000000 -13.323371 1986.295698 0.037945 35.716469 0.002489 
338 14.234675 0.000000 -19.165134 1985.745537 0.071043 34.395365 0.003064 
339 17.327099 0.000000 -4.560725 1974.392819 0.085904 32.006396 0.014468 
340 14.234675 0.000000 -4.560725 1980.567713 0.057838 37.214085 0.008204 
341 17.327099 0.000000 -7.481607 1979.871412 0.082718 32.597671 0.008982 
342 20.419523 0.000000 -4.560725 1971.991318 0.156050 21.690496 0.017003 
343 23.511946 0.000000 1.281038 1988.863971 0.133011 -47.869972 -0.000349 
344 23.511946 0.000000 -1.639843 1969.054440 0.357170 -14.857258 0.019992 
345 23.511946 0.000000 4.201920 2003.836067 -0.200992 13.632907 -0.014925 
346 18.873311 0.000000 -0.179403 2139.925070 -0.001030 -53.672168 -0.158137 
347 17.327099 0.000000 -0.179403 1941.160466 0.071840 14.318844 0.047563 
348 18.873311 0.000000 -1.639843 1952.453329 0.113756 14.546437 0.036448 
349 20.419523 0.000000 -0.179403 2038.573905 0.080418 -49.652144 -0.050994 
350 18.873311 0.000000 1.281038 2179.100680 -0.025767 -55.250232 -0.200946 
351 47.864783 0.000000 8.948353 1990.851167 0.000000 18.387354 -0.001854 
352 47.864783 0.000000 8.583243 1990.832437 -0.000000 18.279851 -0.001834 
353 48.251336 0.000000 8.948353 1990.811870 0.000000 18.428345 -0.001814 
354 47.671506 0.000000 9.496019 1990.854981 0.000000 19.719620 -0.001870 
355 47.671506 0.000000 9.313463 1990.873830 0.000000 19.375440 -0.001886 
356 47.864783 0.000000 9.496019 1990.841351 0.000000 19.705341 -0.001856 
357 47.671506 0.000000 9.678574 1990.848583 0.000000 19.532621 -0.001862 
358 43.612700 0.000000 11.504125 1991.684618 -0.807618 21.958483 -0.002729 
359 42.066488 0.000000 11.504125 1992.005359 -0.721859 21.948251 -0.003052 
360 43.612700 0.000000 12.964566 1991.553244 -0.547191 23.464775 -0.002614 
361 45.932018 0.000000 10.773904 1991.088814 -1.301392 21.302905 -0.002122 
362 45.158912 0.000000 10.773904 1991.347524 -1.234349 21.088850 -0.002381 
363 45.932018 0.000000 11.504125 1991.134441 -0.924438 22.168972 -0.002178 
364 47.091677 0.000000 10.408794 1991.006676 0.000000 18.213357 -0.002009 
365 46.705124 0.000000 10.408794 1991.069460 0.000000 18.157275 -0.002071 
366 47.478230 0.000000 10.408794 1990.865073 -1.814920 20.906049 -0.001893 
367 47.091677 0.000000 10.773904 1990.923294 -1.378049 21.326093 -0.001956 
368 47.284953 0.000000 9.861129 1990.927031 0.000000 18.327748 -0.001929 
369 47.091677 0.000000 9.861129 1990.935472 0.000000 18.320707 -0.001938 
370 47.478230 0.000000 9.861129 1990.895712 0.000000 18.343630 -0.001898 
371 47.284953 0.000000 10.043684 1990.922763 0.000000 18.314938 -0.001925 
372 47.381591 0.000000 9.587296 1990.863577 0.000000 19.718326 -0.001879 
373 47.284953 0.000000 9.587296 1990.857863 -0.000000 19.724409 -0.001873 
374 47.381591 0.000000 9.496019 1990.892755 -0.000000 19.710438 -0.001908 
375 47.478230 0.000000 9.587296 1990.855536 0.000000 19.737401 -0.001871 
376 47.381591 0.000000 9.678574 1990.871354 0.000000 19.589488 -0.001885 
377 181.225553 0.000000 -136.000407 1988.762465 0.003022 34.499249 0.000032 
378 181.225553 0.000000 -182.734516 1988.765378 0.001421 34.596781 0.000027 
379 230.704331 0.000000 -136.000407 1988.775272 0.003131 34.500745 0.000019 
380 -115.647118 0.000000 -136.000407 1988.755157 0.000292 34.722123 0.000035 
381 -165.125896 0.000000 -136.000407 1988.769797 0.000188 34.724208 0.000021 
382 -115.647118 0.000000 -182.734516 1988.761249 0.000240 34.714550 0.000029 
383 181.225553 0.000000 144.404248 1988.823945 0.000331 34.509178 -0.000030 
384 230.704331 0.000000 144.404248 1988.812113 0.000425 34.505296 -0.000018 
385 181.225553 0.000000 191.138357 1988.817885 0.000309 34.600968 -0.000026 
386 107.007385 0.000000 -65.899244 1988.692268 0.028964 33.841098 0.000114 
387 107.007385 0.000000 -89.266298 1988.694429 0.007648 34.227531 0.000105 
388 131.746774 0.000000 -65.899244 1988.735653 0.018192 33.842545 0.000070 
389 -16.689561 0.000000 144.404248 1988.876683 0.000111 34.670961 -0.000086 
390 -66.168339 0.000000 144.404248 1988.848636 0.000133 34.706978 -0.000058 
391 -16.689561 0.000000 191.138357 1988.842479 0.000125 34.682779 -0.000052 
392 -115.647118 0.000000 144.404248 1988.825739 0.000122 34.720000 -0.000036 
393 -165.125896 0.000000 144.404248 1988.811706 0.000101 34.722884 -0.000022 
394 -115.647118 0.000000 191.138357 1988.819272 0.000100 34.713374 -0.000029 
395 -41.428950 0.000000 -65.899244 1988.638125 0.012732 34.745091 0.000153 
396 -66.168339 0.000000 -65.899244 1988.701448 0.000833 34.756720 0.000089 
397 -41.428950 0.000000 -89.266298 1988.664507 0.001082 34.713670 0.000127 
398 107.007385 0.000000 74.303084 1988.912443 0.013806 33.965110 -0.000110 
399 131.746774 0.000000 74.303084 1988.871102 -0.002937 33.950414 -0.000068 
400 107.007385 0.000000 97.670139 1988.893164 -0.000836 34.285851 -0.000096 
401 69.898301 0.000000 -30.848662 1988.377731 0.149548 31.360864 0.000471 
402 69.898301 0.000000 -42.532189 1988.389092 0.069614 32.756074 0.000437 
403 82.267996 0.000000 -30.848662 1988.576241 0.126243 31.389788 0.000271 
404 8.049828 0.000000 74.303084 1989.118683 -0.016162 34.526247 -0.000327 
405 -16.689561 0.000000 74.303084 1989.023414 -0.011713 34.672782 -0.000233 
406 8.049828 0.000000 97.670139 1988.991048 -0.038242 34.583207 -0.000199 
407 -41.428950 0.000000 74.303084 1988.939440 -0.001781 34.733247 -0.000150 
408 -66.168339 0.000000 74.303084 1988.881116 0.000314 34.746329 -0.000092 
409 -41.428950 0.000000 97.670139 1988.909222 0.000223 34.705802 -0.000119 
410 -4.319866 0.000000 -30.848662 1988.080872 0.007477 34.819569 0.000711 
411 -16.689561 0.000000 -30.848662 1988.380136 0.005658 34.921472 0.000409 
412 -4.319866 0.000000 -42.532189 1988.235995 0.006255 34.704399 0.000558 
413 69.898301 0.000000 39.252502 1989.255474 -0.046369 32.348260 -0.000427 
414 82.267996 0.000000 39.252502 1989.049429 -0.038405 32.316025 -0.000220 
415 69.898301 0.000000 50.936029 1989.081283 0.030614 33.286465 -0.000268 
416 51.343759 0.000000 -13.323371 1987.190691 0.490252 24.275507 0.001763 
417 51.343759 0.000000 -19.165134 1987.414485 0.286348 27.900277 0.001491 
418 57.528607 0.000000 -13.323371 1987.991623 0.499547 24.531955 0.000955 
419 20.419523 0.000000 39.252502 1990.027064 -0.003223 33.900015 -0.001229 
420 8.049828 0.000000 39.252502 1989.730379 -0.040198 34.437234 -0.000940 
421 20.419523 0.000000 50.936029 1989.496211 -0.037617 34.158787 -0.000700 
422 -4.319866 0.000000 39.252502 1989.404201 -0.012033 34.714573 -0.000617 
423 -16.689561 0.000000 39.252502 1989.141742 -0.009998 34.771000 -0.000354 
424 -4.319866 0.000000 50.936029 1989.213991 -0.011842 34.613007 -0.000424 
425 26.604370 0.000000 21.727211 1992.285177 -0.093483 31.730065 -0.003466 
426 20.419523 0.000000 21.727211 1992.131170 -0.064731 33.103068 -0.003334 
427 26.604370 0.000000 27.568975 1991.451426 -0.052067 32.679299 -0.002642 
428 14.234675 0.000000 21.727211 1991.600802 -0.032444 34.323038 -0.002820 
429 8.049828 0.000000 21.727211 1990.752270 -0.002642 34.853045 -0.001976 
430 14.234675 0.000000 27.568975 1990.753595 -0.022300 34.164705 -0.001965 
431 23.511946 0.000000 -4.560725 1973.768932 0.266586 14.978313 0.015292 
432 23.511946 0.000000 -7.481607 1978.165349 0.240355 24.134538 0.010811 
433 35.881641 0.000000 7.122802 1993.553353 -1.047025 14.738460 -0.004545 
434 32.789217 0.000000 7.122802 1995.403417 -0.762089 15.078125 -0.006412 
435 35.881641 0.000000 10.043684 1993.681232 -0.593437 20.216347 -0.004722 
436 35.881641 0.000000 12.964566 1993.363842 -0.369831 23.972775 -0.004444 
437 32.789217 0.000000 12.964566 1994.158916 -0.292580 24.706920 -0.005254 
438 35.881641 0.000000 15.885447 1992.636500 -0.250096 26.749849 -0.003747 
439 29.696794 0.000000 7.122802 1997.865320 -0.516632 16.352850 -0.008907 
440 26.604370 0.000000 7.122802 1999.220686 -0.289832 19.811392 -0.010308 
441 29.696794 0.000000 10.043684 1996.060000 -0.312186 22.484552 -0.007145 
442 29.696794 0.000000 12.964566 1994.761132 -0.230568 25.926072 -0.005877 
443 26.604370 0.000000 12.964566 1995.270267 -0.156622 27.547727 -0.006412 
444 29.696794 0.000000 15.885447 1993.892890 -0.153533 28.184258 -0.005032 
445 37.427853 0.000000 -3.100284 1991.182768 0.819020 5.447908 -0.002110 
446 37.427853 0.000000 -4.560725 1987.758726 0.792397 9.819239 0.001317 
447 38.974065 0.000000 -3.100284 1988.972091 0.848783 8.337807 0.000104 
448 63.713454 0.000000 21.727211 1989.546559 -0.167654 28.477432 -0.000661 
449 69.898301 0.000000 21.727211 1989.323004 -0.169770 28.573661 -0.000437 
450 63.713454 0.000000 27.568975 1989.496645 -0.095389 30.334483 -0.000638 
451 63.713454 0.000000 -1.639843 1989.146130 -2.198461 11.929243 -0.000090 
452 63.713454 0.000000 -7.481607 1988.617396 0.586959 19.459521 0.000383 
453 69.898301 0.000000 -1.639843 1989.091557 -2.681820 12.030911 -0.000037 
454 48.251336 0.000000 -4.560725 1987.119060 0.137082 14.766095 0.001929 
455 48.251336 0.000000 -7.481607 1986.914055 0.629305 18.839892 0.002100 
456 51.343759 0.000000 -4.560725 1987.620329 0.209215 14.843251 0.001425 
457 54.436183 0.000000 1.281038 1988.463368 3.666663 7.675112 0.000615 
458 54.436183 0.000000 -1.639843 1987.260961 -0.623642 11.121806 0.001810 
459 57.528607 0.000000 1.281038 1988.777328 0.179097 8.775175 0.000298 
460 49.797547 0.000000 5.662361 1990.239553 0.111794 13.410347 -0.001198 
461 49.797547 0.000000 4.201920 1990.040182 0.106650 10.261870 -0.000979 
462 51.343759 0.000000 5.662361 1990.010254 0.137225 13.382400 -0.000967 
463 43.612700 0.000000 5.662361 1991.434011 -0.000000 12.492327 -0.002394 
464 42.066488 0.000000 5.662361 1991.616142 0.000000 12.472412 -0.002578 
465 43.612700 0.000000 4.201920 1991.229344 0.000000 9.117875 -0.002170 
466 45.932018 0.000000 7.853022 1991.193550 0.000000 16.831859 -0.002184 
467 45.158912 0.000000 7.853022 1991.326098 0.000000 16.931758 -0.002319 
468 45.932018 0.000000 7.122802 1991.156257 0.000000 15.900458 -0.002139 
469 49.024441 0.000000 7.853022 1990.773946 0.000000 18.467737 -0.001777 
470 49.024441 0.000000 7.122802 1990.767159 0.000000 17.798824 -0.001764 
471 49.797547 0.000000 7.853022 1990.717294 0.000000 18.538537 -0.001720 
472 49.024441 0.000000 10.773904 1990.735368 -1.431730 21.208043 -0.001766 
473 49.797547 0.000000 10.773904 1990.650269 -1.426419 21.121810 -0.001679 
474 49.024441 0.000000 11.504125 1990.755203 -1.008344 21.979897 -0.001794 
475 47.864783 0.000000 10.408794 1990.803380 -1.833839 20.899435 -0.001831 
476 48.251336 0.000000 10.408794 1990.762306 -1.847111 20.822604 -0.001789 
477 47.864783 0.000000 10.773904 1990.813212 -1.402449 21.293769 -0.001845 
478 47.671506 0.000000 9.861129 1990.888835 0.000000 18.350719 -0.001891 
479 47.864783 0.000000 9.861129 1990.859556 0.000000 18.373715 -0.001862 
480 47.671506 0.000000 10.043684 1990.865468 0.000000 18.366909 -0.001868 
481 40.520276 0.000000 -0.179403 1988.341708 0.043837 1.449578 0.000755 
482 40.520276 0.000000 -1.639843 1988.142882 0.450954 15.552112 0.000894 
483 40.520276 0.000000 1.281038 1989.428075 -0.000000 -0.956451 -0.000337 
484 43.612700 0.000000 2.741479 1990.887964 -0.000000 5.152896 -0.001812 
485 42.066488 0.000000 2.741479 1990.873162 -0.000000 4.917088 -0.001796 
486 45.158912 0.000000 2.741479 1991.040756 0.000000 7.660691 -0.001974 
487 40.520276 0.000000 2.741479 1990.642231 -0.000000 4.598889 -0.001563 
488 38.974065 0.000000 2.741479 1990.210474 0.000000 3.622004 -0.001127 
489 40.520276 0.000000 4.201920 1991.243334 0.000000 8.347174 -0.002181 
490 40.520276 0.000000 -3.100284 1987.544983 0.650793 9.922163 0.001531 
491 40.520276 0.000000 -4.560725 1986.711914 0.660452 12.820864 0.002351 
492 42.066488 0.000000 -3.100284 1986.902362 0.259060 10.545510 0.002174 
493 37.427853 0.000000 2.741479 1989.912639 0.000000 1.512903 -0.000824 
494 35.881641 0.000000 2.741479 1990.076683 0.000000 -1.467185 -0.000989 
495 37.427853 0.000000 4.201920 1990.764846 0.000000 5.147970 -0.001688 
496 34.335429 0.000000 2.741479 1989.995273 0.000000 -1.399627 -0.000908 
497 32.789217 0.000000 2.741479 1994.982713 -1.843472 -5.591735 -0.005939 
498 34.335429 0.000000 4.201920 1990.107106 0.000000 -1.690243 -0.001020 
499 23.511946 0.000000 7.122802 2000.690975 -0.162050 22.587656 -0.011824 
500 20.419523 0.000000 7.122802 2000.832053 -0.074731 27.472382 -0.012029 
501 23.511946 0.000000 10.043684 1996.732102 -0.133896 27.656342 -0.007889 
502 23.511946 0.000000 12.964566 1995.388946 -0.096455 29.405113 -0.006559 
503 20.419523 0.000000 12.964566 1994.822768 -0.066358 31.296223 -0.006017 
504 23.511946 0.000000 15.885447 1993.923364 -0.093480 30.809428 -0.005102 
505 63.713454 0.000000 -13.323371 1988.332447 0.507975 24.682136 0.000611 
506 63.713454 0.000000 -19.165134 1988.183194 0.304447 27.872605 0.000719 
507 69.898301 0.000000 -13.323371 1988.564337 0.514556 24.985984 0.000374 
508 54.436183 0.000000 -4.560725 1987.990406 0.263328 14.726945 0.001054 
509 54.436183 0.000000 -7.481607 1987.910659 0.666546 18.884394 0.001099 
510 57.528607 0.000000 -4.560725 1988.401458 0.217499 14.498318 0.000642 
511 40.520276 0.000000 5.662361 1991.709582 0.000000 11.964355 -0.002668 
512 38.974065 0.000000 5.662361 1991.541842 0.000000 10.116265 -0.002489 
513 40.520276 0.000000 7.122802 1991.804173 0.000000 13.722613 -0.002775 
514 40.520276 0.000000 8.583243 1991.848906 0.000000 15.321860 -0.002832 
515 38.974065 0.000000 8.583243 1992.590890 -1.025098 17.782296 -0.003600 
516 40.520276 0.000000 10.043684 1992.277506 -0.871412 20.230970 -0.003308 
517 40.520276 0.000000 11.504125 1992.275599 -0.646208 22.013487 -0.003325 
518 38.974065 0.000000 11.504125 1992.678987 -0.583320 21.982529 -0.003731 
519 40.520276 0.000000 12.964566 1992.249237 -0.472589 23.548500 -0.003316 
520 46.705124 0.000000 2.741479 1990.451847 0.167472 5.891432 -0.001375 
521 46.705124 0.000000 1.281038 1989.626693 2.190149 3.290466 -0.000540 
522 48.251336 0.000000 2.741479 1990.059812 0.232449 6.701143 -0.000983 
523 43.612700 0.000000 -3.100284 1986.767989 -0.166987 11.279177 0.002305 
524 43.612700 0.000000 -4.560725 1986.274672 0.271114 13.592868 0.002785 
525 45.158912 0.000000 -3.100284 1986.796147 -0.431143 11.855262 0.002273 
526 17.327099 0.000000 7.122802 1999.586722 -0.031520 32.350952 -0.010843 
527 14.234675 0.000000 7.122802 1995.906354 -0.017298 35.475503 -0.007180 
528 17.327099 0.000000 10.043684 1995.811654 -0.041455 32.604147 -0.007035 
529 17.327099 0.000000 12.964566 1994.232711 -0.046653 33.095314 -0.005451 
530 14.234675 0.000000 12.964566 1993.315289 -0.036303 34.463740 -0.004550 
531 17.327099 0.000000 15.885447 1993.194459 -0.049451 33.386060 -0.004410 
532 37.427853 0.000000 5.662361 1991.288318 0.000000 8.302314 -0.002226 
533 35.881641 0.000000 5.662361 1992.964593 -1.457464 10.840438 -0.003926 
534 37.427853 0.000000 7.122802 1992.857111 -1.222448 14.654990 -0.003843 
535 37.427853 0.000000 8.583243 1993.117073 -0.891671 17.723262 -0.004129 
536 35.881641 0.000000 8.583243 1993.735402 -0.779645 17.563200 -0.004751 
537 37.427853 0.000000 10.043684 1993.085771 -0.668811 20.209264 -0.004122 
538 37.427853 0.000000 11.504125 1993.089486 -0.510001 22.082824 -0.004145 
539 35.881641 0.000000 11.504125 1993.447059 -0.460835 22.357640 -0.004509 
540 37.427853 0.000000 12.964566 1992.950281 -0.409516 23.768895 -0.004025 
541 46.705124 0.000000 -0.179403 1987.976870 -14.037892 15.140629 0.001015 
542 46.705124 0.000000 -1.639843 1987.311274 -0.719517 12.556786 0.001751 
543 48.251336 0.000000 -0.179403 1987.889515 -14.125990 17.418491 0.001083 
544 49.797547 0.000000 2.741479 1989.674476 0.348392 7.351234 -0.000598 
545 49.797547 0.000000 1.281038 1989.000769 2.697183 5.676105 0.000083 
546 51.343759 0.000000 2.741479 1989.343981 0.376187 7.787095 -0.000267 
547 34.335429 0.000000 5.662361 1994.059974 -1.223097 10.383081 -0.005028 
548 32.789217 0.000000 5.662361 1995.655408 -1.014660 10.181344 -0.006635 
549 34.335429 0.000000 7.122802 1994.311687 -0.899847 14.776467 -0.005309 
550 34.335429 0.000000 8.583243 1994.437473 -0.674132 17.996521 -0.005463 
551 32.789217 0.000000 8.583243 1995.042553 -0.589102 18.332133 -0.006076 
552 34.335429 0.000000 10.043684 1994.311852 -0.520798 20.334855 -0.005359 
553 34.335429 0.000000 11.504125 1994.008687 -0.415718 22.537191 -0.005077 
554 32.789217 0.000000 11.504125 1994.548594 -0.356078 22.905077 -0.005625 
555 34.335429 0.000000 12.964566 1993.723381 -0.355922 24.346870 -0.004811 
556 46.705124 0.000000 -3.100284 1987.012702 -0.475063 12.303412 0.002053 
557 46.705124 0.000000 -4.560725 1986.717214 0.119689 14.204970 0.002337 
558 48.251336 0.000000 -3.100284 1987.312490 -0.429062 12.835798 0.001748 
1 79 97 95 96 
2 97 72 88 95 
3 95 88 5 98 
4 96 95 98 82 
5 7 101 99 100 
6 101 12 102 99 
7 99 102 10 25 
8 100 99 25 11 
9 11 105 103 104 
10 105 25 106 103 
11 103 106 23 41 
12 104 103 41 24 
13 24 109 107 108 
14 109 41 110 107 
15 107 110 39 57 
16 108 107 57 40 
17 40 113 111 112 
18 113 57 114 111 
19 111 114 55 73 
20 112 111 73 56 
21 56 117 115 116 
22 117 73 118 115 
23 72 121 119 120 
24 119 122 87 123 
25 120 119 123 88 
26 14 125 124 37 
27 125 8 126 124 
28 124 126 21 127 
29 37 124 127 19 
30 27 129 128 53 
31 129 14 130 128 
32 128 130 37 131 
33 53 128 131 35 
34 133 27 134 132 
35 132 134 53 135 
36 10 141 140 26 
37 141 13 142 140 
38 140 142 8 125 
39 26 140 125 14 
40 23 144 143 42 
41 144 26 145 143 
42 143 145 14 129 
43 42 143 129 27 
44 147 42 148 146 
45 146 148 27 133 
46 20 38 161 162 
47 38 19 163 161 
48 161 163 22 164 
49 162 161 164 9 
50 36 54 165 166 
51 54 35 167 165 
52 165 167 38 168 
53 166 165 168 20 
54 52 70 169 170 
55 70 51 171 169 
56 169 171 54 172 
57 170 169 172 36 
58 67 139 173 174 
59 139 69 175 173 
60 173 175 51 176 
61 174 173 176 70 
62 177 179 139 180 
63 178 177 180 67 
64 43 187 186 138 
65 187 133 188 186 
66 186 188 132 189 
67 138 186 189 69 
68 137 191 190 155 
69 191 43 192 190 
70 190 192 138 193 
71 155 190 193 136 
72 195 155 196 194 
73 194 196 136 197 
74 68 86 198 199 
75 86 67 174 198 
76 198 174 70 200 
77 199 198 200 52 
78 201 178 67 203 
79 202 201 203 86 
80 204 206 177 207 
81 205 204 207 178 
82 157 215 213 214 
83 215 153 182 213 
84 213 182 85 216 
85 214 213 216 160 
86 182 219 217 218 
87 219 181 209 217 
88 217 209 185 220 
89 218 217 220 85 
90 136 193 221 179 
91 193 138 222 221 
92 221 222 69 223 
93 179 221 223 139 
94 197 136 225 224 
95 224 225 179 226 
96 206 224 226 177 
97 227 229 206 230 
98 228 227 230 204 
99 209 233 231 232 
100 232 231 235 185 
101 238 149 239 236 
102 59 242 240 241 
103 242 154 243 240 
104 240 243 152 183 
105 241 240 183 153 
106 183 246 244 245 
107 246 152 247 244 
108 244 247 184 210 
109 245 244 210 181 
110 181 250 248 249 
111 250 210 251 248 
112 248 251 208 233 
113 249 248 233 209 
114 184 253 252 211 
115 253 194 254 252 
116 252 254 197 255 
117 211 252 255 156 
118 257 211 258 256 
119 256 258 156 259 
120 233 262 260 261 
121 262 208 263 260 
122 261 260 264 231 
123 73 268 267 118 
124 268 55 269 267 
125 266 272 270 271 
126 272 74 273 270 
127 270 273 237 274 
128 271 270 274 265 
129 17 277 275 276 
130 277 7 100 275 
131 275 100 11 33 
132 276 275 33 15 
133 33 280 278 279 
134 280 11 104 278 
135 278 104 24 49 
136 279 278 49 31 
137 49 283 281 282 
138 283 24 108 281 
139 281 108 40 65 
140 282 281 65 47 
141 65 286 284 285 
142 286 40 112 284 
143 284 112 56 81 
144 285 284 81 63 
145 81 289 287 288 
146 289 56 116 287 
147 287 116 72 97 
148 288 287 97 79 
149 116 292 290 291 
150 292 115 293 290 
151 290 293 89 121 
152 291 290 121 72 
153 89 295 294 122 
154 295 71 296 294 
155 294 296 90 297 
156 122 294 297 87 
157 121 300 298 299 
158 300 89 301 298 
159 298 301 122 302 
160 299 298 302 119 
161 16 305 303 304 
162 305 15 32 303 
163 303 32 18 306 
164 304 303 306 6 
165 32 309 307 308 
166 309 31 48 307 
167 307 48 34 310 
168 308 307 310 18 
169 48 313 311 312 
170 313 47 64 311 
171 311 64 50 314 
172 312 311 314 34 
173 64 317 315 316 
174 316 315 318 50 
175 6 306 319 320 
176 306 18 45 319 
177 319 45 28 321 
178 320 319 321 29 
179 18 310 322 323 
180 310 34 61 322 
181 322 61 44 324 
182 323 322 324 45 
183 34 314 325 326 
184 314 50 77 325 
185 325 77 60 327 
186 326 325 327 61 
187 50 318 328 329 
188 329 328 330 77 
189 315 333 331 332 
190 331 334 66 335 
191 332 331 335 318 
192 47 338 336 337 
193 338 65 285 336 
194 336 285 63 317 
195 337 336 317 64 
196 317 341 339 340 
197 341 63 342 339 
198 339 342 80 333 
199 340 339 333 315 
200 80 344 343 334 
201 344 79 96 343 
202 343 96 82 345 
203 334 343 345 66 
204 333 348 346 347 
205 348 80 349 346 
206 346 349 334 350 
207 347 346 350 331 
208 210 352 351 251 
209 352 184 353 351 
210 351 353 211 257 
211 251 351 257 208 
212 208 355 354 263 
213 355 257 356 354 
214 354 356 256 357 
215 263 354 357 234 
216 160 216 358 359 
217 216 85 205 358 
218 358 205 178 360 
219 359 358 360 201 
220 85 220 361 362 
221 220 185 228 361 
222 361 228 204 363 
223 362 361 363 205 
224 185 235 364 365 
225 235 212 366 364 
226 364 366 227 367 
227 365 364 367 228 
228 231 264 368 369 
229 264 234 370 368 
230 368 370 212 371 
231 369 368 371 235 
232 260 374 372 373 
233 374 263 375 372 
234 372 375 234 376 
235 373 372 376 264 
236 12 378 377 102 
237 378 2 379 377 
238 377 379 13 141 
239 102 377 141 10 
240 1 382 380 381 
241 382 17 276 380 
242 380 276 15 305 
243 381 380 305 16 
244 19 127 383 163 
245 127 21 384 383 
246 383 384 3 385 
247 163 383 385 22 
248 25 387 386 106 
249 387 10 388 386 
250 386 388 26 144 
251 106 386 144 23 
252 28 46 389 390 
253 46 20 162 389 
254 389 162 9 391 
255 390 389 391 30 
256 29 321 392 393 
257 321 28 390 392 
258 392 390 30 394 
259 393 392 394 4 
260 15 397 395 396 
261 397 33 279 395 
262 395 279 31 309 
263 396 395 309 32 
264 35 131 398 167 
265 131 37 399 398 
266 398 399 19 400 
267 167 398 400 38 
268 41 402 401 110 
269 402 23 403 401 
270 401 403 42 147 
271 110 401 147 39 
272 44 62 404 405 
273 62 36 166 404 
274 404 166 20 406 
275 405 404 406 46 
276 45 324 407 408 
277 324 44 405 407 
278 407 405 46 409 
279 408 407 409 28 
280 31 412 410 411 
281 412 49 282 410 
282 410 282 47 313 
283 411 410 313 48 
284 51 135 413 171 
285 135 53 414 413 
286 413 414 35 415 
287 171 413 415 54 
288 57 417 416 114 
289 417 39 418 416 
290 416 418 58 150 
291 114 416 150 55 
292 60 78 419 420 
293 78 52 170 419 
294 419 170 36 421 
295 420 419 421 62 
296 61 327 422 423 
297 327 60 420 422 
298 422 420 62 424 
299 423 422 424 44 
300 76 94 425 426 
301 94 68 199 425 
302 425 199 52 427 
303 426 425 427 78 
304 77 330 428 429 
305 330 76 426 428 
306 428 426 78 430 
307 429 428 430 60 
308 63 432 431 342 
309 432 81 288 431 
310 431 288 79 344 
311 342 431 344 80 
312 436 202 86 438 
313 437 436 438 68 
314 82 98 439 440 
315 98 5 434 439 
316 439 434 84 441 
317 440 439 441 92 
318 92 441 442 443 
319 441 84 437 442 
320 442 437 68 444 
321 443 442 444 94 
322 115 446 445 293 
323 446 118 447 445 
324 445 447 71 295 
325 293 445 295 89 
326 69 189 448 175 
327 189 132 449 448 
328 448 449 135 450 
329 175 448 450 51 
330 58 452 451 151 
331 452 146 453 451 
332 451 453 133 187 
333 151 451 187 43 
334 55 455 454 269 
335 455 150 456 454 
336 454 456 149 238 
337 149 458 457 239 
338 458 151 459 457 
339 457 459 43 191 
340 239 457 191 137 
341 154 461 460 243 
342 461 137 462 460 
343 460 462 155 195 
344 243 460 195 152 
345 159 465 463 464 
346 465 59 241 463 
347 463 241 153 215 
348 464 463 215 157 
349 153 468 466 467 
350 468 183 245 466 
351 466 245 181 219 
352 467 466 219 182 
353 152 470 469 247 
354 470 195 471 469 
355 469 471 194 253 
356 247 469 253 184 
357 156 255 472 229 
358 255 197 473 472 
359 472 473 224 474 
360 229 472 474 206 
361 212 259 475 366 
362 259 156 476 475 
363 475 476 229 477 
364 366 475 477 227 
365 234 357 478 370 
366 357 256 479 478 
367 478 479 259 480 
368 370 478 480 212 
369 71 482 481 296 
370 482 266 271 481 
371 481 271 265 483 
372 296 481 483 90 
373 265 274 484 485 
374 274 237 486 484 
375 484 486 59 465 
376 485 484 465 159 
377 90 483 487 488 
378 483 265 485 487 
379 487 485 159 489 
380 488 487 489 75 
381 118 491 490 447 
382 491 267 492 490 
383 490 492 266 482 
384 447 490 482 71 
385 87 297 493 494 
386 297 90 488 493 
387 493 488 75 495 
388 494 493 495 91 
389 88 123 496 497 
390 123 87 494 496 
391 496 494 91 498 
392 497 496 498 5 
393 66 345 499 500 
394 345 82 440 499 
395 499 440 92 501 
396 500 499 501 93 
397 93 501 502 503 
398 501 92 443 502 
399 502 443 94 504 
400 503 502 504 76 
401 39 506 505 418 
402 506 147 507 505 
403 505 507 146 452 
404 418 505 452 58 
405 150 509 508 456 
406 509 58 510 508 
407 508 510 151 458 
408 456 508 458 149 
409 75 489 511 512 
410 489 159 464 511 
411 511 464 157 513 
412 512 511 513 158 
413 158 513 514 515 
414 513 157 214 514 
415 514 214 160 516 
416 515 514 516 83 
417 83 516 517 518 
418 516 160 359 517 
419 517 359 201 519 
420 518 517 519 202 
421 237 521 520 486 
422 521 236 522 520 
423 520 522 154 242 
424 486 520 242 59 
425 267 524 523 492 
426 524 269 525 523 
427 523 525 74 272 
428 492 523 272 266 
429 318 335 526 527 
430 335 66 500 526 
431 526 500 93 528 
432 527 526 528 328 
433 328 528 529 530 
434 528 93 503 529 
435 529 503 76 531 
436 530 529 531 330 
437 91 495 532 533 
438 495 75 512 532 
439 532 512 158 534 
440 533 532 534 433 
441 433 534 535 536 
442 534 158 515 535 
443 535 515 83 537 
444 536 535 537 435 
445 435 537 538 539 
446 537 83 518 538 
447 538 518 202 540 
448 539 538 540 436 
449 74 542 541 273 
450 542 238 543 541 
451 541 543 236 521 
452 273 541 521 237 
453 236 545 544 522 
454 545 239 546 544 
455 544 546 137 461 
456 522 544 461 154 
457 5 498 547 548 
458 498 91 533 547 
459 547 533 433 549 
460 548 547 549 434 
461 434 549 550 551 
462 549 433 536 550 
463 550 536 435 552 
464 551 550 552 84 
465 84 552 553 554 
466 552 435 539 553 
467 553 539 436 555 
468 554 553 555 437 
469 269 557 556 525 
470 557 454 558 556 
471 556 558 238 542 
472 525 556 542 74 
