2 0.000000 1989.093400 115197.572811
535 454 
1 -165.125896 0.000000 -182.734516 1988.771253 0.000505 34.718631 0.000019 
2 230.704331 0.000000 -182.734516 1988.774479 0.004237 34.596324 0.000018 
3 230.704331 0.000000 191.138357 1988.809537 0.002128 34.598401 -0.000017 
4 -165.125896 0.000000 191.138357 1988.809791 0.000356 34.717712 -0.000019 
5 32.789217 0.000000 4.201920 1994.886337 -2.312643 4.107555 -0.005839 
6 -165.125896 0.000000 4.201920 1988.792003 0.000635 34.741366 -0.000002 
7 32.789217 0.000000 -182.734516 1988.732385 0.002248 34.652693 0.000059 
8 230.704331 0.000000 4.201920 1989.162707 -3.022959 13.360272 -0.000117 
9 32.789217 0.000000 191.138357 1988.845557 0.000991 34.656157 -0.000054 
10 131.746774 0.000000 -89.266298 1988.729140 0.021245 34.229572 0.000070 
11 32.789217 0.000000 -89.266298 1988.553781 0.020138 34.447148 0.000243 
12 131.746774 0.000000 -182.734516 1988.753219 0.003576 34.606525 0.000039 
13 230.704331 0.000000 -89.266298 1988.781806 0.022853 34.251035 0.000017 
14 131.746774 0.000000 4.201920 1989.186286 1.137299 12.303676 -0.000132 
15 -66.168339 0.000000 -89.266298 1988.708157 0.002193 34.732810 0.000082 
16 -165.125896 0.000000 -89.266298 1988.772139 0.000642 34.731439 0.000018 
17 -66.168339 0.000000 -182.734516 1988.749045 0.001058 34.703762 0.000042 
18 -66.168339 0.000000 4.201920 1988.801968 0.000997 34.830680 -0.000014 
19 131.746774 0.000000 97.670139 1988.863159 0.003955 34.278293 -0.000065 
20 32.789217 0.000000 97.670139 1989.000561 0.024704 34.483948 -0.000207 
21 230.704331 0.000000 97.670139 1988.814454 0.005971 34.264510 -0.000016 
22 131.746774 0.000000 191.138357 1988.828459 0.001612 34.612145 -0.000036 
23 82.267996 0.000000 -42.532189 1988.600270 0.106044 32.817073 0.000224 
24 32.789217 0.000000 -42.532189 1987.738606 0.032577 33.541516 0.001077 
25 82.267996 0.000000 -89.266298 1988.643671 -0.005291 34.264307 0.000155 
26 131.746774 0.000000 -42.532189 1988.762385 0.145139 32.870934 0.000060 
27 82.267996 0.000000 4.201920 1989.207018 1.225846 13.195056 -0.000159 
28 -66.168339 0.000000 97.670139 1988.871177 0.001070 34.726041 -0.000081 
29 -165.125896 0.000000 97.670139 1988.810188 0.000493 34.729915 -0.000020 
30 -66.168339 0.000000 191.138357 1988.830406 0.000590 34.702899 -0.000040 
31 -16.689561 0.000000 -42.532189 1988.463731 0.011035 34.748093 0.000328 
32 -66.168339 0.000000 -42.532189 1988.711425 0.002598 34.789899 0.000078 
33 -16.689561 0.000000 -89.266298 1988.612924 0.020672 34.665134 0.000179 
34 -16.689561 0.000000 4.201920 1988.899461 0.018887 35.260567 -0.000119 
35 82.267996 0.000000 50.936029 1989.004514 -0.005180 33.257942 -0.000190 
36 32.789217 0.000000 50.936029 1989.491119 -0.051714 33.871297 -0.000690 
37 131.746774 0.000000 50.936029 1988.878035 -0.020411 33.180941 -0.000062 
38 82.267996 0.000000 97.670139 1988.932471 -0.005531 34.327331 -0.000136 
39 57.528607 0.000000 -19.165134 1987.804028 0.588637 27.917585 0.001099 
40 32.789217 0.000000 -19.165134 1985.452494 0.389454 29.693765 0.003435 
41 57.528607 0.000000 -42.532189 1988.203044 0.126663 32.938484 0.000621 
42 82.267996 0.000000 -19.165134 1988.663284 0.651599 28.395163 0.000229 
43 57.528607 0.000000 4.201920 1989.759432 0.871301 12.590873 -0.000710 
44 -16.689561 0.000000 50.936029 1989.092439 -0.017008 34.712927 -0.000304 
45 -66.168339 0.000000 50.936029 1988.877782 0.001559 34.777141 -0.000089 
46 -16.689561 0.000000 97.670139 1988.952140 0.001303 34.662235 -0.000162 
47 8.049828 0.000000 -19.165134 1986.624484 0.030889 35.098400 0.002170 
48 -16.689561 0.000000 -19.165134 1988.422189 0.012495 35.083998 0.000364 
49 8.049828 0.000000 -42.532189 1988.004966 0.020581 34.437718 0.000794 
50 8.049828 0.000000 4.201920 1990.754755 0.016722 38.019486 -0.002037 
51 57.528607 0.000000 27.568975 1989.768475 -0.105989 30.413287 -0.000913 
52 32.789217 0.000000 27.568975 1991.017211 -0.105599 31.863686 -0.002192 
53 82.267996 0.000000 27.568975 1989.126812 -0.046508 30.425199 -0.000268 
54 57.528607 0.000000 50.936029 1989.274508 0.013703 33.373112 -0.000464 
55 45.158912 0.000000 -7.481607 1986.900461 1.243065 18.920427 0.002113 
56 32.789217 0.000000 -7.481607 1982.977614 1.112049 16.495484 0.006071 
57 45.158912 0.000000 -19.165134 1986.825188 0.550067 28.250631 0.002078 
58 57.528607 0.000000 -7.481607 1987.580122 0.932571 18.870794 0.001431 
59 45.158912 0.000000 4.201920 1990.507523 0.000000 10.678832 -0.001451 
60 8.049828 0.000000 27.568975 1990.315911 0.079856 34.630019 -0.001533 
61 -16.689561 0.000000 27.568975 1989.197576 0.003471 34.958633 -0.000414 
62 8.049828 0.000000 50.936029 1989.404910 -0.018198 34.466446 -0.000613 
63 20.419523 0.000000 -7.481607 1978.156641 0.319296 28.563707 0.010760 
64 8.049828 0.000000 -7.481607 1986.271275 0.071504 36.756990 0.002494 
65 20.419523 0.000000 -19.165134 1985.251416 0.206770 32.849086 0.003587 
66 20.419523 0.000000 4.201920 2005.979714 -0.147285 19.674299 -0.017149 
67 45.158912 0.000000 15.885447 1991.021053 -0.455561 26.156309 -0.002112 
68 32.789217 0.000000 15.885447 1993.241434 -0.306700 27.453502 -0.004366 
69 57.528607 0.000000 15.885447 1989.909308 -0.311423 25.800685 -0.000989 
70 45.158912 0.000000 27.568975 1990.447951 -0.094637 30.795758 -0.001602 
71 38.974065 0.000000 -1.639843 1988.219462 1.591810 15.591955 0.000816 
72 32.789217 0.000000 -1.639843 1982.302943 1.981304 -24.715641 0.006661 
73 38.974065 0.000000 -7.481607 1986.234554 1.287266 17.538230 0.002794 
74 45.158912 0.000000 -1.639843 1988.039867 0.519424 15.477180 0.000998 
75 38.974065 0.000000 4.201920 1990.308901 0.000000 8.759326 -0.001242 
76 20.419523 0.000000 15.885447 1993.687629 -0.097483 32.200242 -0.004887 
77 8.049828 0.000000 15.885447 1991.178937 0.000797 35.408570 -0.002415 
78 20.419523 0.000000 27.568975 1991.141162 -0.043362 33.539467 -0.002344 
79 26.604370 0.000000 -1.639843 1987.603319 -0.383863 -47.955894 0.000916 
80 20.419523 0.000000 -1.639843 1955.748830 0.379656 -4.595938 0.033241 
81 26.604370 0.000000 -7.481607 1979.179663 0.709665 21.182986 0.009830 
82 26.604370 0.000000 4.201920 2002.974420 -0.742151 8.552594 -0.014024 
83 38.974065 0.000000 10.043684 1992.441731 -0.910046 20.674660 -0.003478 
84 32.789217 0.000000 10.043684 1994.570137 -0.662305 21.538976 -0.005632 
85 45.158912 0.000000 10.043684 1991.147222 0.000000 19.193404 -0.002159 
86 38.974065 0.000000 15.885447 1991.969711 -0.400983 26.507887 -0.003072 
87 35.881641 0.000000 1.281038 1985.500971 0.000000 -11.201563 0.003577 
88 32.789217 0.000000 1.281038 1992.883094 -4.619784 -20.722317 -0.003928 
89 35.881641 0.000000 -1.639843 1987.598870 1.788792 15.626492 0.001440 
90 38.974065 0.000000 1.281038 1986.888759 -0.000000 -2.292522 0.002214 
91 35.881641 0.000000 4.201920 1989.467037 0.000000 2.219567 -0.000377 
92 26.604370 0.000000 10.043684 1996.612973 -0.336544 25.033642 -0.007734 
93 20.419523 0.000000 10.043684 1996.438830 -0.121228 30.309058 -0.007632 
94 26.604370 0.000000 15.885447 1993.854698 -0.197906 29.522315 -0.005013 
95 29.696794 0.000000 1.281038 1987.437140 -1.224518 -48.221009 0.001077 
96 26.604370 0.000000 1.281038 1987.892310 -0.309540 -47.910177 0.000627 
97 29.696794 0.000000 -1.639843 1987.437140 -1.224518 -48.221009 0.001077 
98 29.696794 0.000000 4.201920 1999.601586 -1.404682 5.577230 -0.010602 
99 82.267996 0.000000 -136.000407 1988.707132 0.006091 34.537890 0.000087 
100 32.789217 0.000000 -136.000407 1988.684908 0.004306 34.601523 0.000108 
101 82.267996 0.000000 -182.734516 1988.739801 0.002972 34.624402 0.000052 
102 131.746774 0.000000 -136.000407 1988.740133 0.007446 34.509067 0.000054 
103 57.528607 0.000000 -65.899244 1988.523182 0.035662 33.990393 0.000281 
104 32.789217 0.000000 -65.899244 1988.419530 0.023730 34.221053 0.000381 
105 57.528607 0.000000 -89.266298 1988.590085 0.023860 34.334126 0.000208 
106 82.267996 0.000000 -65.899244 1988.608109 0.051965 33.871975 0.000198 
107 45.158912 0.000000 -30.848662 1987.402431 0.215344 31.676986 0.001446 
108 32.789217 0.000000 -30.848662 1986.894413 0.130993 32.503017 0.001943 
109 45.158912 0.000000 -42.532189 1987.953837 0.087009 33.175616 0.000867 
110 57.528607 0.000000 -30.848662 1987.979607 0.235482 31.360925 0.000871 
111 38.974065 0.000000 -13.323371 1985.573177 0.861262 24.919388 0.003379 
112 32.789217 0.000000 -13.323371 1984.055907 0.663200 25.682219 0.004892 
113 38.974065 0.000000 -19.165134 1986.191085 0.532892 28.905177 0.002705 
114 45.158912 0.000000 -13.323371 1986.740269 1.019165 24.997891 0.002206 
115 35.881641 0.000000 -4.560725 1987.368398 1.323545 6.553832 0.001722 
116 32.789217 0.000000 -4.560725 1982.728063 1.347100 4.508350 0.006384 
117 35.881641 0.000000 -7.481607 1985.026085 1.225163 16.377609 0.004017 
118 38.974065 0.000000 -4.560725 1988.192750 1.167539 10.699020 0.000876 
119 34.335429 0.000000 -0.179403 1984.146913 -2.825219 -39.165952 0.004578 
120 32.789217 0.000000 -0.179403 1986.999949 -10.197056 -44.922663 0.001567 
121 34.335429 0.000000 -1.639843 1987.646740 1.846547 -26.045228 0.001282 
122 35.881641 0.000000 -0.179403 1983.710464 0.955960 1.738488 0.005404 
123 34.335429 0.000000 1.281038 1988.179229 0.000000 -17.985339 0.000837 
124 181.225553 0.000000 50.936029 1988.839912 0.000339 33.153013 -0.000023 
125 181.225553 0.000000 4.201920 1989.100331 -0.424316 16.971920 -0.000080 
126 230.704331 0.000000 50.936029 1988.828479 0.000342 33.114860 -0.000011 
127 181.225553 0.000000 97.670139 1988.829096 0.005357 34.268629 -0.000031 
128 107.007385 0.000000 27.568975 1988.941754 -0.090371 30.427739 -0.000082 
129 107.007385 0.000000 4.201920 1989.181875 1.769344 12.710217 -0.000131 
130 131.746774 0.000000 27.568975 1988.906387 -0.060858 30.362860 -0.000045 
131 107.007385 0.000000 50.936029 1988.926029 -0.006437 33.198818 -0.000110 
132 69.898301 0.000000 15.885447 1989.339317 -0.242631 25.955086 -0.000418 
133 69.898301 0.000000 4.201920 1989.286744 1.401850 13.128156 -0.000238 
134 82.267996 0.000000 15.885447 1989.122873 -0.240877 26.070091 -0.000201 
135 69.898301 0.000000 27.568975 1989.319033 -0.111382 30.452857 -0.000461 
136 51.343759 0.000000 10.043684 1990.436582 -1.492003 21.158713 -0.001465 
137 51.343759 0.000000 4.201920 1990.055451 -0.096182 12.210946 -0.001005 
138 57.528607 0.000000 10.043684 1989.857196 -1.325597 21.245224 -0.000883 
139 51.343759 0.000000 15.885447 1990.312804 -0.374916 25.939223 -0.001397 
140 181.225553 0.000000 -42.532189 1988.799306 0.124104 32.956608 0.000021 
141 181.225553 0.000000 -89.266298 1988.766573 0.022639 34.238132 0.000032 
142 230.704331 0.000000 -42.532189 1988.809800 0.119634 33.027237 0.000009 
143 107.007385 0.000000 -19.165134 1988.827320 0.570162 28.679619 0.000060 
144 107.007385 0.000000 -42.532189 1988.714785 0.133379 32.825657 0.000108 
145 131.746774 0.000000 -19.165134 1988.859805 0.607016 28.877883 0.000024 
146 69.898301 0.000000 -7.481607 1988.743351 0.704738 19.269382 0.000258 
147 69.898301 0.000000 -19.165134 1988.411572 0.616066 28.133971 0.000485 
148 82.267996 0.000000 -7.481607 1988.930299 0.816535 19.941170 0.000063 
149 51.343759 0.000000 -1.639843 1987.311248 -2.300099 9.885850 0.001765 
150 51.343759 0.000000 -7.481607 1987.354489 1.342737 19.594234 0.001650 
151 57.528607 0.000000 -1.639843 1987.329277 -6.821513 11.864278 0.001726 
152 48.251336 0.000000 7.122802 1990.711135 0.000000 18.400051 -0.001713 
153 45.158912 0.000000 7.122802 1991.014103 0.000000 17.509758 -0.002010 
154 48.251336 0.000000 4.201920 1990.314035 -0.294896 11.887285 -0.001263 
155 51.343759 0.000000 7.122802 1990.278891 -0.209434 17.622580 -0.001271 
156 48.251336 0.000000 10.043684 1990.674638 0.000000 19.654643 -0.001688 
157 42.066488 0.000000 7.122802 1991.305506 0.000000 16.469606 -0.002294 
158 38.974065 0.000000 7.122802 1991.208997 0.000000 13.046715 -0.002171 
159 42.066488 0.000000 4.201920 1990.525603 -0.000000 10.348351 -0.001468 
160 42.066488 0.000000 10.043684 1991.313765 0.000000 19.050673 -0.002326 
161 82.267996 0.000000 144.404248 1988.869904 0.001866 34.554137 -0.000077 
162 32.789217 0.000000 144.404248 1988.887757 0.001286 34.611130 -0.000096 
163 131.746774 0.000000 144.404248 1988.843459 0.002552 34.523710 -0.000050 
164 82.267996 0.000000 191.138357 1988.839734 0.001287 34.629986 -0.000048 
165 57.528607 0.000000 74.303084 1989.071062 0.007201 34.117815 -0.000272 
166 32.789217 0.000000 74.303084 1989.142794 0.006179 34.309355 -0.000347 
167 82.267996 0.000000 74.303084 1988.981964 -0.008511 34.018394 -0.000180 
168 57.528607 0.000000 97.670139 1988.975612 0.024111 34.389998 -0.000180 
169 45.158912 0.000000 39.252502 1989.836467 -0.051661 32.752372 -0.001018 
170 32.789217 0.000000 39.252502 1990.110225 -0.071623 33.301209 -0.001303 
171 57.528607 0.000000 39.252502 1989.486720 -0.076839 32.505923 -0.000663 
172 45.158912 0.000000 50.936029 1989.402713 0.089877 33.576744 -0.000596 
173 51.343759 0.000000 21.727211 1990.148822 -0.173710 28.801525 -0.001271 
174 45.158912 0.000000 21.727211 1990.669023 -0.200050 29.054592 -0.001798 
175 57.528607 0.000000 21.727211 1989.863114 -0.177980 28.602343 -0.000981 
176 51.343759 0.000000 27.568975 1990.078143 -0.103006 30.551639 -0.001226 
177 48.251336 0.000000 12.964566 1990.719281 -0.614369 23.950977 -0.001781 
178 45.158912 0.000000 12.964566 1991.063895 -0.643355 24.107325 -0.002129 
179 51.343759 0.000000 12.964566 1990.393171 -0.539196 23.850421 -0.001451 
180 48.251336 0.000000 15.885447 1990.723528 -0.411993 25.892803 -0.001809 
181 46.705124 0.000000 8.583243 1990.839433 0.000000 18.974404 -0.001847 
182 45.158912 0.000000 8.583243 1991.064351 0.000000 19.026397 -0.002074 
183 46.705124 0.000000 7.122802 1990.798398 -0.000000 17.337781 -0.001791 
184 48.251336 0.000000 8.583243 1990.626244 0.000000 19.717157 -0.001640 
185 46.705124 0.000000 10.043684 1990.882835 -0.000000 19.405261 -0.001895 
186 63.713454 0.000000 10.043684 1989.534780 -1.332927 21.237085 -0.000558 
187 63.713454 0.000000 4.201920 1989.403655 1.354158 13.015350 -0.000355 
188 69.898301 0.000000 10.043684 1989.313504 -1.646157 21.381901 -0.000338 
189 63.713454 0.000000 15.885447 1989.574958 -0.261206 25.824261 -0.000653 
190 54.436183 0.000000 7.122802 1990.044949 0.014727 17.639156 -0.001036 
191 54.436183 0.000000 4.201920 1989.914707 0.350645 12.541258 -0.000866 
192 57.528607 0.000000 7.122802 1989.849067 0.230434 17.601445 -0.000838 
193 54.436183 0.000000 10.043684 1990.100813 -1.385686 21.226172 -0.001128 
194 49.797547 0.000000 8.583243 1990.610436 0.000000 19.743784 -0.001624 
195 49.797547 0.000000 7.122802 1990.383693 -0.269524 17.664739 -0.001377 
196 51.343759 0.000000 8.583243 1990.329642 -0.521309 19.593440 -0.001341 
197 49.797547 0.000000 10.043684 1990.526089 -1.524692 21.211408 -0.001555 
198 38.974065 0.000000 21.727211 1991.290594 -0.211164 29.604355 -0.002432 
199 32.789217 0.000000 21.727211 1991.949683 -0.227146 30.522136 -0.003109 
200 38.974065 0.000000 27.568975 1990.649904 -0.102993 31.276359 -0.001813 
201 42.066488 0.000000 12.964566 1991.618290 -0.624490 24.007173 -0.002686 
202 38.974065 0.000000 12.964566 1992.377308 -0.587491 24.059828 -0.003451 
203 42.066488 0.000000 15.885447 1991.472024 -0.414919 26.223466 -0.002567 
204 46.705124 0.000000 11.504125 1990.899883 -0.827490 22.795600 -0.001949 
205 45.158912 0.000000 11.504125 1991.157547 -0.823793 22.621788 -0.002206 
206 48.251336 0.000000 11.504125 1990.728316 -0.823874 22.735477 -0.001775 
207 46.705124 0.000000 12.964566 1990.883528 -0.623200 24.027590 -0.001947 
208 47.478230 0.000000 9.313463 1990.737140 0.000000 20.449088 -0.001759 
209 46.705124 0.000000 9.313463 1990.875348 0.000000 20.063869 -0.001894 
210 47.478230 0.000000 8.583243 1990.752200 0.000000 19.268722 -0.001762 
211 48.251336 0.000000 9.313463 1990.629015 -0.000000 20.374505 -0.001650 
212 47.478230 0.000000 10.043684 1990.742718 0.000000 19.549113 -0.001756 
213 43.612700 0.000000 8.583243 1991.276846 0.000000 18.855917 -0.002286 
214 42.066488 0.000000 8.583243 1991.317329 0.000000 17.746618 -0.002317 
215 43.612700 0.000000 7.122802 1991.151198 0.000000 16.936278 -0.002143 
216 43.612700 0.000000 10.043684 1991.263270 0.000000 19.073919 -0.002275 
217 45.932018 0.000000 9.313463 1991.032861 -0.000000 20.034688 -0.002052 
218 45.158912 0.000000 9.313463 1991.103618 0.000000 20.139631 -0.002125 
219 45.932018 0.000000 8.583243 1990.961498 -0.000000 18.889854 -0.001969 
220 45.932018 0.000000 10.043684 1990.990073 -0.000000 19.308903 -0.002002 
221 54.436183 0.000000 12.964566 1990.113523 -0.481464 23.824592 -0.001170 
222 57.528607 0.000000 12.964566 1989.843618 -0.430666 23.907922 -0.000899 
223 54.436183 0.000000 15.885447 1990.073566 -0.347902 25.863643 -0.001155 
224 49.797547 0.000000 11.504125 1990.588327 -0.758970 22.594604 -0.001633 
225 51.343759 0.000000 11.504125 1990.442716 -0.713471 22.527820 -0.001486 
226 49.797547 0.000000 12.964566 1990.593618 -0.583098 23.792369 -0.001652 
227 47.478230 0.000000 10.773904 1990.726381 -1.027244 22.137775 -0.001767 
228 46.705124 0.000000 10.773904 1990.822264 -1.047900 22.132132 -0.001863 
229 48.251336 0.000000 10.773904 1990.741276 -1.021332 22.035780 -0.001781 
230 47.478230 0.000000 11.504125 1990.797037 -0.822297 22.783810 -0.001845 
231 47.091677 0.000000 9.678574 1990.733472 -0.000000 20.693724 -0.001758 
232 46.705124 0.000000 9.678574 1990.849221 -0.000000 20.483083 -0.001872 
233 47.091677 0.000000 9.313463 1990.800207 0.000000 20.352026 -0.001822 
234 47.478230 0.000000 9.678574 1990.692359 0.000000 20.638255 -0.001716 
235 47.091677 0.000000 10.043684 1990.809394 -0.000000 19.471420 -0.001822 
236 48.251336 0.000000 1.281038 1989.283492 -0.341389 4.512782 -0.000196 
237 45.158912 0.000000 1.281038 1989.350034 0.432914 1.798931 -0.000259 
238 48.251336 0.000000 -1.639843 1987.765997 -1.815311 10.218716 0.001307 
239 51.343759 0.000000 1.281038 1989.007652 -0.812558 6.985789 0.000074 
240 46.705124 0.000000 5.662361 1990.767821 0.000000 15.669466 -0.001746 
241 45.158912 0.000000 5.662361 1990.814874 0.000000 14.306093 -0.001783 
242 46.705124 0.000000 4.201920 1990.505363 0.000000 10.619296 -0.001449 
243 48.251336 0.000000 5.662361 1990.689868 0.000000 17.052668 -0.001679 
244 47.478230 0.000000 7.853022 1990.721383 0.000000 18.448675 -0.001724 
245 46.705124 0.000000 7.853022 1990.818308 0.000000 18.314787 -0.001820 
246 47.478230 0.000000 7.122802 1990.742607 0.000000 17.748034 -0.001739 
247 48.251336 0.000000 7.853022 1990.700677 0.000000 18.971907 -0.001708 
248 47.091677 0.000000 8.948353 1990.807250 0.000000 19.621066 -0.001821 
249 46.705124 0.000000 8.948353 1990.850367 0.000000 19.574387 -0.001864 
250 47.091677 0.000000 8.583243 1990.798284 0.000000 19.215488 -0.001808 
251 47.478230 0.000000 8.948353 1990.768040 0.000000 19.558277 -0.001781 
252 49.024441 0.000000 9.313463 1990.647612 0.000000 19.684057 -0.001661 
253 49.024441 0.000000 8.583243 1990.658789 0.000000 19.675206 -0.001672 
254 49.797547 0.000000 9.313463 1990.601148 0.000000 19.751032 -0.001615 
255 49.024441 0.000000 10.043684 1990.600810 0.000000 19.755975 -0.001615 
256 47.864783 0.000000 9.678574 1990.695581 0.000000 20.467028 -0.001717 
257 47.864783 0.000000 9.313463 1990.695695 0.000000 20.520076 -0.001718 
258 48.251336 0.000000 9.678574 1990.704792 0.000000 19.599170 -0.001718 
259 47.864783 0.000000 10.043684 1990.715714 0.000000 19.582336 -0.001729 
260 47.284953 0.000000 9.496019 1990.727470 -0.000000 20.726939 -0.001752 
261 47.091677 0.000000 9.496019 1990.762348 -0.000000 20.721656 -0.001787 
262 47.284953 0.000000 9.313463 1990.765163 0.000000 20.374968 -0.001787 
263 47.478230 0.000000 9.496019 1990.711542 0.000000 20.726301 -0.001736 
264 47.284953 0.000000 9.678574 1990.707144 0.000000 20.692814 -0.001731 
265 42.066488 0.000000 1.281038 1988.890530 0.000000 0.024128 0.000204 
266 42.066488 0.000000 -1.639843 1988.298958 1.275365 15.505627 0.000737 
267 42.066488 0.000000 -4.560725 1987.771454 0.826544 13.019831 0.001286 
268 42.066488 0.000000 -7.481607 1986.671382 1.256754 18.408463 0.002348 
269 45.158912 0.000000 -4.560725 1987.589572 0.661797 14.427060 0.001459 
270 43.612700 0.000000 -0.179403 1988.186604 0.317309 8.289911 0.000894 
271 42.066488 0.000000 -0.179403 1988.021444 0.237793 4.003942 0.001073 
272 43.612700 0.000000 -1.639843 1988.140439 0.807418 15.483145 0.000897 
273 45.158912 0.000000 -0.179403 1988.382031 -20.217160 5.203174 0.000605 
274 43.612700 0.000000 1.281038 1988.941994 0.000000 0.857974 0.000152 
275 -16.689561 0.000000 -136.000407 1988.698524 0.002667 34.671425 0.000093 
276 -66.168339 0.000000 -136.000407 1988.731123 0.001448 34.709404 0.000060 
277 -16.689561 0.000000 -182.734516 1988.736727 0.001570 34.682628 0.000055 
278 8.049828 0.000000 -65.899244 1988.440543 0.011155 34.509838 0.000355 
279 -16.689561 0.000000 -65.899244 1988.533570 0.013442 34.687284 0.000259 
280 8.049828 0.000000 -89.266298 1988.565911 -0.024645 34.573686 0.000228 
281 20.419523 0.000000 -30.848662 1986.895481 0.147202 33.718323 0.001921 
282 8.049828 0.000000 -30.848662 1987.470936 0.060941 34.580651 0.001328 
283 20.419523 0.000000 -42.532189 1987.791072 -0.004917 34.047066 0.001016 
284 26.604370 0.000000 -13.323371 1982.873091 0.420549 28.185551 0.006044 
285 20.419523 0.000000 -13.323371 1983.122003 0.256837 31.609719 0.005743 
286 26.604370 0.000000 -19.165134 1985.050632 0.305864 31.171434 0.003815 
287 29.696794 0.000000 -4.560725 1978.188809 1.272239 6.078697 0.010925 
288 26.604370 0.000000 -4.560725 1975.279621 0.963886 10.373328 0.013814 
289 29.696794 0.000000 -7.481607 1980.650708 0.946941 18.038378 0.008389 
290 34.335429 0.000000 -3.100284 1986.745676 1.442489 -6.230931 0.002349 
291 32.789217 0.000000 -3.100284 1982.661832 1.526964 -7.028495 0.006443 
292 34.335429 0.000000 -4.560725 1985.230242 1.335516 5.010310 0.003874 
293 35.881641 0.000000 -3.100284 1991.164486 1.381562 -2.270730 -0.002085 
294 37.427853 0.000000 -0.179403 1982.738004 0.301272 -2.101898 0.006379 
295 37.427853 0.000000 -1.639843 1987.976871 1.691826 15.632736 0.001060 
296 38.974065 0.000000 -0.179403 1985.987034 0.484954 3.091636 0.003118 
297 37.427853 0.000000 1.281038 1985.593431 0.000000 -5.552209 0.003508 
298 35.108535 0.000000 -0.909623 1986.724587 0.667068 3.998120 0.002376 
299 34.335429 0.000000 -0.909623 1983.955936 -4.271068 -47.554428 0.004583 
300 35.108535 0.000000 -1.639843 1987.509731 1.815950 15.620507 0.001529 
301 35.881641 0.000000 -0.909623 1987.272389 1.708773 14.387106 0.001777 
302 35.108535 0.000000 -0.179403 1982.770270 -1.037440 -23.210361 0.006211 
303 -115.647118 0.000000 -42.532189 1988.765354 0.001106 34.754874 0.000025 
304 -165.125896 0.000000 -42.532189 1988.779717 0.000664 34.738632 0.000010 
305 -115.647118 0.000000 -89.266298 1988.753813 0.001041 34.736033 0.000036 
306 -115.647118 0.000000 4.201920 1988.793978 0.001216 34.764707 -0.000004 
307 -41.428950 0.000000 -19.165134 1988.685572 0.005927 34.894757 0.000102 
308 -66.168339 0.000000 -19.165134 1988.746437 0.003412 34.821979 0.000042 
309 -41.428950 0.000000 -42.532189 1988.631291 0.012710 34.811104 0.000158 
310 -41.428950 0.000000 4.201920 1988.816995 0.001845 34.902795 -0.000030 
311 -4.319866 0.000000 -7.481607 1988.249085 0.039104 35.773995 0.000525 
312 -16.689561 0.000000 -7.481607 1988.609696 0.024971 35.232980 0.000173 
313 -4.319866 0.000000 -19.165134 1987.937390 0.047531 35.228620 0.000848 
314 -4.319866 0.000000 4.201920 1989.118099 0.020307 35.897300 -0.000351 
315 14.234675 0.000000 -1.639843 1979.549334 0.099440 45.178831 0.009057 
316 8.049828 0.000000 -1.639843 1987.816490 0.049868 38.445159 0.000910 
317 14.234675 0.000000 -7.481607 1982.399334 0.149325 35.366078 0.006403 
318 14.234675 0.000000 4.201920 1998.533317 0.007552 38.824644 -0.009895 
319 -115.647118 0.000000 50.936029 1988.820219 0.000867 34.751382 -0.000031 
320 -165.125896 0.000000 50.936029 1988.803721 0.000570 34.737483 -0.000014 
321 -115.647118 0.000000 97.670139 1988.828554 0.000686 34.732752 -0.000039 
322 -41.428950 0.000000 27.568975 1988.930818 -0.001599 34.864961 -0.000144 
323 -66.168339 0.000000 27.568975 1988.852364 -0.000537 34.811937 -0.000064 
324 -41.428950 0.000000 50.936029 1988.957401 0.015402 34.784451 -0.000169 
325 -4.319866 0.000000 15.885447 1989.633968 0.012101 35.385609 -0.000860 
326 -16.689561 0.000000 15.885447 1989.131683 -0.003003 35.131605 -0.000350 
327 -4.319866 0.000000 27.568975 1989.583222 0.010085 34.923312 -0.000801 
328 14.234675 0.000000 10.043684 1994.179304 -0.040831 34.708165 -0.005425 
329 8.049828 0.000000 10.043684 1991.444300 0.007620 36.159699 -0.002696 
330 14.234675 0.000000 15.885447 1992.427717 -0.064305 34.309327 -0.003653 
331 17.327099 0.000000 1.281038 2033.020333 0.019909 22.399910 -0.044782 
332 14.234675 0.000000 1.281038 1996.194602 0.048942 49.303783 -0.007767 
333 17.327099 0.000000 -1.639843 1957.959676 0.164914 30.812326 0.030819 
334 20.419523 0.000000 1.281038 2034.965395 -0.238188 -49.567568 -0.047276 
335 17.327099 0.000000 4.201920 2006.407870 -0.030016 30.807981 -0.017725 
336 14.234675 0.000000 -13.323371 1984.626994 0.161201 34.454312 0.004186 
337 8.049828 0.000000 -13.323371 1986.314188 0.067163 35.690065 0.002471 
338 14.234675 0.000000 -19.165134 1985.796102 0.145764 34.358923 0.003014 
339 17.327099 0.000000 -4.560725 1974.514431 0.196211 32.007623 0.014346 
340 14.234675 0.000000 -4.560725 1980.607101 0.131329 37.174501 0.008165 
341 17.327099 0.000000 -7.481607 1979.940197 0.208047 32.573615 0.008914 
342 20.419523 0.000000 -4.560725 1972.105511 0.350692 21.794801 0.016888 
343 23.511946 0.000000 1.281038 1988.636492 -0.211364 -47.848794 -0.000119 
344 23.511946 0.000000 -1.639843 1968.920459 0.821503 -14.576332 0.020127 
345 23.511946 0.000000 4.201920 2003.542169 -0.362663 13.915957 -0.014630 
346 18.873311 0.000000 -0.179403 2139.326714 -0.176112 -53.646764 -0.157489 
347 17.327099 0.000000 -0.179403 1941.601298 0.146173 14.650960 0.047128 
348 18.873311 0.000000 -1.639843 1952.724842 0.237706 14.685784 0.036179 
349 20.419523 0.000000 -0.179403 2038.494976 -0.268054 -49.641230 -0.050912 
350 18.873311 0.000000 1.281038 2178.013709 -0.175995 -55.208965 -0.199747 
351 181.225553 0.000000 -136.000407 1988.762539 0.008206 34.502354 0.000032 
352 181.225553 0.000000 -182.734516 1988.765587 0.003989 34.598581 0.000027 
353 230.704331 0.000000 -136.000407 1988.775289 0.008552 34.503693 0.000019 
354 -115.647118 0.000000 -136.000407 1988.755676 0.000885 34.721931 0.000035 
355 -165.125896 0.000000 -136.000407 1988.770050 0.000581 34.724049 0.000020 
356 -115.647118 0.000000 -182.734516 1988.761729 0.000720 34.714472 0.000029 
357 181.225553 0.000000 144.404248 1988.823732 0.003115 34.512216 -0.000030 
358 230.704331 0.000000 144.404248 1988.811971 0.003491 34.508274 -0.000018 
359 181.225553 0.000000 191.138357 1988.817613 0.001903 34.602720 -0.000025 
360 107.007385 0.000000 -65.899244 1988.688662 0.057928 33.851356 0.000117 
361 107.007385 0.000000 -89.266298 1988.693526 0.019689 34.234805 0.000106 
362 131.746774 0.000000 -65.899244 1988.733958 0.044858 33.853474 0.000072 
363 -16.689561 0.000000 144.404248 1988.874908 0.000921 34.671707 -0.000084 
364 -66.168339 0.000000 144.404248 1988.847569 0.000741 34.707008 -0.000057 
365 -16.689561 0.000000 191.138357 1988.841427 0.000762 34.683307 -0.000051 
366 -115.647118 0.000000 144.404248 1988.825193 0.000558 34.719867 -0.000035 
367 -165.125896 0.000000 144.404248 1988.811424 0.000420 34.722754 -0.000021 
368 -115.647118 0.000000 191.138357 1988.818791 0.000458 34.713336 -0.000028 
369 -41.428950 0.000000 -65.899244 1988.639058 0.015635 34.745870 0.000152 
370 -66.168339 0.000000 -65.899244 1988.702070 0.002419 34.756662 0.000088 
371 -41.428950 0.000000 -89.266298 1988.665988 0.003079 34.713878 0.000125 
372 107.007385 0.000000 74.303084 1988.914260 0.019446 33.975801 -0.000112 
373 131.746774 0.000000 74.303084 1988.871949 0.004279 33.960929 -0.000069 
374 107.007385 0.000000 97.670139 1988.893456 0.003121 34.292457 -0.000096 
375 69.898301 0.000000 -30.848662 1988.370523 0.305602 31.411399 0.000477 
376 69.898301 0.000000 -42.532189 1988.395768 0.122673 32.794540 0.000430 
377 82.267996 0.000000 -30.848662 1988.578025 0.266243 31.445911 0.000268 
378 8.049828 0.000000 74.303084 1989.115055 -0.011816 34.530542 -0.000323 
379 -16.689561 0.000000 74.303084 1989.021295 -0.014858 34.674262 -0.000231 
380 8.049828 0.000000 97.670139 1988.988692 -0.035375 34.586257 -0.000197 
381 -41.428950 0.000000 74.303084 1988.937553 -0.010032 34.733298 -0.000148 
382 -66.168339 0.000000 74.303084 1988.880234 0.001301 34.746446 -0.000091 
383 -41.428950 0.000000 97.670139 1988.907677 0.001246 34.706266 -0.000118 
384 -4.319866 0.000000 -30.848662 1988.079028 0.024447 34.830438 0.000713 
385 -16.689561 0.000000 -30.848662 1988.383974 0.011766 34.917480 0.000405 
386 -4.319866 0.000000 -42.532189 1988.237710 -0.004736 34.705942 0.000556 
387 69.898301 0.000000 39.252502 1989.256934 -0.042326 32.396492 -0.000430 
388 82.267996 0.000000 39.252502 1989.051233 -0.013507 32.354947 -0.000222 
389 69.898301 0.000000 50.936029 1989.091119 0.015739 33.309109 -0.000278 
390 51.343759 0.000000 -13.323371 1987.283831 0.984127 24.687831 0.001664 
391 51.343759 0.000000 -19.165134 1987.455060 0.587070 28.070132 0.001447 
392 57.528607 0.000000 -13.323371 1987.861649 0.983055 24.732394 0.001083 
393 20.419523 0.000000 39.252502 1990.023186 0.069773 33.929715 -0.001226 
394 8.049828 0.000000 39.252502 1989.723197 -0.025124 34.448774 -0.000933 
395 20.419523 0.000000 50.936029 1989.490480 0.001591 34.179544 -0.000695 
396 -4.319866 0.000000 39.252502 1989.402217 -0.011455 34.723361 -0.000615 
397 -16.689561 0.000000 39.252502 1989.146602 -0.008489 34.780155 -0.000359 
398 -4.319866 0.000000 50.936029 1989.219029 -0.011395 34.621281 -0.000429 
399 26.604370 0.000000 21.727211 1992.202844 -0.161015 31.754714 -0.003384 
400 20.419523 0.000000 21.727211 1992.075337 -0.125144 33.107906 -0.003278 
401 26.604370 0.000000 27.568975 1991.358586 -0.052974 32.708386 -0.002549 
402 14.234675 0.000000 21.727211 1991.554413 -0.034737 34.338407 -0.002774 
403 8.049828 0.000000 21.727211 1990.728249 0.025719 34.858242 -0.001952 
404 14.234675 0.000000 27.568975 1990.734217 -0.011161 34.180609 -0.001946 
405 23.511946 0.000000 -4.560725 1973.719293 0.610046 15.135854 0.015341 
406 23.511946 0.000000 -7.481607 1978.150780 0.502941 24.159465 0.010825 
407 35.881641 0.000000 7.122802 1993.114974 -1.483465 15.503184 -0.004109 
408 32.789217 0.000000 7.122802 1994.990263 -1.176614 15.613255 -0.006000 
409 35.881641 0.000000 10.043684 1993.384026 -0.820363 20.684934 -0.004427 
410 35.881641 0.000000 12.964566 1993.161049 -0.519134 24.276200 -0.004243 
411 32.789217 0.000000 12.964566 1993.970742 -0.418359 24.930520 -0.005067 
412 35.881641 0.000000 15.885447 1992.498729 -0.348530 26.932435 -0.003610 
413 29.696794 0.000000 7.122802 1997.534203 -0.800700 16.715763 -0.008576 
414 26.604370 0.000000 7.122802 1998.970537 -0.487889 20.081719 -0.010058 
415 29.696794 0.000000 10.043684 1995.840068 -0.482787 22.747520 -0.006926 
416 29.696794 0.000000 12.964566 1994.585468 -0.341810 26.095693 -0.005702 
417 26.604370 0.000000 12.964566 1995.119626 -0.251502 27.663434 -0.006262 
418 29.696794 0.000000 15.885447 1993.770350 -0.240164 28.298340 -0.004911 
419 37.427853 0.000000 -3.100284 1991.714424 1.246435 4.137714 -0.002642 
420 37.427853 0.000000 -4.560725 1988.276740 1.281243 8.820163 0.000801 
421 38.974065 0.000000 -3.100284 1990.128209 0.987330 7.104606 -0.001054 
422 63.713454 0.000000 21.727211 1989.550554 -0.153545 28.629217 -0.000667 
423 69.898301 0.000000 21.727211 1989.334190 -0.158310 28.708020 -0.000450 
424 63.713454 0.000000 27.568975 1989.499461 -0.092763 30.425491 -0.000642 
425 63.713454 0.000000 -1.639843 1989.027464 -6.988882 13.915183 0.000005 
426 63.713454 0.000000 -7.481607 1988.414403 0.683522 18.800026 0.000593 
427 69.898301 0.000000 -1.639843 1989.041060 -6.916565 14.089254 -0.000010 
428 48.251336 0.000000 -4.560725 1987.591557 0.738011 15.494524 0.001449 
429 48.251336 0.000000 -7.481607 1987.270119 1.308564 19.623571 0.001735 
430 51.343759 0.000000 -4.560725 1987.388813 0.746683 15.587667 0.001652 
431 54.436183 0.000000 1.281038 1989.073009 0.485847 10.047072 -0.000005 
432 54.436183 0.000000 -1.639843 1986.135071 -4.073665 10.060659 0.002943 
433 57.528607 0.000000 1.281038 1989.254250 -2.344524 10.466831 -0.000191 
434 49.797547 0.000000 5.662361 1990.285273 -0.125867 15.240982 -0.001257 
435 49.797547 0.000000 4.201920 1990.149581 -0.218636 12.218688 -0.001100 
436 51.343759 0.000000 5.662361 1990.201324 -0.010991 15.148849 -0.001172 
437 43.612700 0.000000 5.662361 1990.904864 -0.000000 14.122148 -0.001873 
438 42.066488 0.000000 5.662361 1991.031417 0.000000 13.910885 -0.001999 
439 43.612700 0.000000 4.201920 1990.569919 0.000000 10.911530 -0.001515 
440 45.932018 0.000000 7.853022 1990.935820 0.000000 18.152865 -0.001937 
441 45.158912 0.000000 7.853022 1991.032908 0.000000 18.202024 -0.002035 
442 45.932018 0.000000 7.122802 1990.885597 0.000000 17.342390 -0.001879 
443 49.024441 0.000000 7.853022 1990.647156 0.000000 19.684756 -0.001661 
444 49.024441 0.000000 7.122802 1990.629931 0.000000 19.092000 -0.001638 
445 49.797547 0.000000 7.853022 1990.601148 0.000000 19.751032 -0.001615 
446 43.612700 0.000000 11.504125 1991.463322 -0.804575 22.589909 -0.002513 
447 42.066488 0.000000 11.504125 1991.778663 -0.780550 22.517233 -0.002830 
448 43.612700 0.000000 12.964566 1991.350644 -0.625077 23.957334 -0.002416 
449 45.932018 0.000000 10.773904 1990.897822 -1.043054 22.106138 -0.001939 
450 45.158912 0.000000 10.773904 1991.144798 -1.030463 21.865962 -0.002185 
451 45.932018 0.000000 11.504125 1990.946687 -0.819841 22.876150 -0.001997 
452 47.864783 0.000000 8.948353 1990.707800 0.000000 19.598719 -0.001721 
453 47.864783 0.000000 8.583243 1990.691685 -0.000000 19.512483 -0.001704 
454 48.251336 0.000000 8.948353 1990.676690 0.000000 19.641879 -0.001690 
455 49.024441 0.000000 10.773904 1990.642951 -1.012431 22.037922 -0.001682 
456 49.797547 0.000000 10.773904 1990.577967 -0.967676 21.950091 -0.001615 
457 49.024441 0.000000 11.504125 1990.661781 -0.799713 22.707722 -0.001708 
458 40.520276 0.000000 -0.179403 1987.188049 0.157993 1.071201 0.001915 
459 40.520276 0.000000 -1.639843 1988.305590 1.495924 15.546344 0.000730 
460 40.520276 0.000000 1.281038 1988.231273 -0.000000 -0.649630 0.000867 
461 43.612700 0.000000 2.741479 1990.047520 -0.000000 6.554046 -0.000970 
462 42.066488 0.000000 2.741479 1989.903253 -0.000000 6.206333 -0.000824 
463 45.158912 0.000000 2.741479 1990.418727 0.000000 9.466890 -0.001356 
464 40.520276 0.000000 2.741479 1989.658176 -0.000000 5.684668 -0.000576 
465 38.974065 0.000000 2.741479 1989.294165 0.000000 4.499552 -0.000207 
466 40.520276 0.000000 4.201920 1990.453819 0.000000 9.641280 -0.001392 
467 40.520276 0.000000 -3.100284 1989.144018 0.623794 8.992975 -0.000071 
468 40.520276 0.000000 -4.560725 1987.971264 1.002223 12.228026 0.001090 
469 42.066488 0.000000 -3.100284 1988.716032 0.234785 10.006266 0.000354 
470 37.427853 0.000000 2.741479 1989.078683 0.000000 2.228767 0.000014 
471 35.881641 0.000000 2.741479 1989.279196 0.000000 -0.916819 -0.000187 
472 37.427853 0.000000 4.201920 1989.999202 0.000000 6.104422 -0.000920 
473 34.335429 0.000000 2.741479 1989.197112 0.000000 -0.848452 -0.000104 
474 32.789217 0.000000 2.741479 1994.177337 -3.350232 -5.356318 -0.005128 
475 34.335429 0.000000 4.201920 1989.310863 0.000000 -1.152147 -0.000219 
476 23.511946 0.000000 7.122802 2000.466271 -0.277221 22.781295 -0.011599 
477 20.419523 0.000000 7.122802 2000.613019 -0.135657 27.596313 -0.011809 
478 23.511946 0.000000 10.043684 1996.559309 -0.211853 27.780180 -0.007716 
479 23.511946 0.000000 12.964566 1995.259501 -0.163726 29.481727 -0.006429 
480 20.419523 0.000000 12.964566 1994.703582 -0.105607 31.331898 -0.005897 
481 23.511946 0.000000 15.885447 1993.827415 -0.144322 30.858174 -0.005006 
482 63.713454 0.000000 -13.323371 1988.227690 0.974122 24.689928 0.000716 
483 63.713454 0.000000 -19.165134 1988.152115 0.616661 27.961055 0.000749 
484 69.898301 0.000000 -13.323371 1988.524686 0.980696 24.969630 0.000414 
485 54.436183 0.000000 -4.560725 1986.747446 0.114564 15.116503 0.002300 
486 54.436183 0.000000 -7.481607 1987.379309 1.205022 19.410460 0.001627 
487 57.528607 0.000000 -4.560725 1987.039928 -1.372032 13.894167 0.002014 
488 40.520276 0.000000 5.662361 1991.096352 0.000000 13.268301 -0.002059 
489 38.974065 0.000000 5.662361 1990.873676 0.000000 11.327692 -0.001823 
490 40.520276 0.000000 7.122802 1991.274363 0.000000 14.978780 -0.002251 
491 40.520276 0.000000 8.583243 1991.388994 0.000000 16.539070 -0.002379 
492 38.974065 0.000000 8.583243 1992.228217 -1.232048 18.572248 -0.003242 
493 40.520276 0.000000 10.043684 1991.985523 -0.978910 20.912161 -0.003021 
494 40.520276 0.000000 11.504125 1992.040980 -0.758702 22.545571 -0.003095 
495 38.974065 0.000000 11.504125 1992.430064 -0.722720 22.475152 -0.003486 
496 40.520276 0.000000 12.964566 1992.044710 -0.605860 23.947054 -0.003115 
497 46.705124 0.000000 2.741479 1990.136843 -0.911571 7.417118 -0.001064 
498 46.705124 0.000000 1.281038 1989.368519 0.127805 3.040647 -0.000279 
499 48.251336 0.000000 2.741479 1990.008469 -1.088851 8.179130 -0.000938 
500 43.612700 0.000000 -3.100284 1988.517536 -0.069965 11.137800 0.000548 
501 43.612700 0.000000 -4.560725 1987.672439 0.694242 13.758155 0.001380 
502 45.158912 0.000000 -3.100284 1988.135353 -0.158706 11.927504 0.000927 
503 17.327099 0.000000 7.122802 1999.403521 -0.050579 32.377296 -0.010658 
504 14.234675 0.000000 7.122802 1995.807123 -0.016420 35.468353 -0.007080 
505 17.327099 0.000000 10.043684 1995.688052 -0.068657 32.627234 -0.006911 
506 17.327099 0.000000 12.964566 1994.148925 -0.073573 33.112540 -0.005367 
507 14.234675 0.000000 12.964566 1993.253122 -0.062209 34.473991 -0.004487 
508 17.327099 0.000000 15.885447 1993.125498 -0.075679 33.401369 -0.004340 
509 37.427853 0.000000 5.662361 1990.577131 0.000000 9.425618 -0.001515 
510 35.881641 0.000000 5.662361 1992.419251 -2.171558 11.715532 -0.003383 
511 37.427853 0.000000 7.122802 1992.412476 -1.625374 15.526106 -0.003402 
512 37.427853 0.000000 8.583243 1992.757439 -1.150964 18.413054 -0.003774 
513 35.881641 0.000000 8.583243 1993.392777 -1.068197 18.178360 -0.004411 
514 37.427853 0.000000 10.043684 1992.802610 -0.860175 20.756012 -0.003842 
515 37.427853 0.000000 11.504125 1992.834919 -0.683507 22.503570 -0.003894 
516 35.881641 0.000000 11.504125 1993.214491 -0.633592 22.728960 -0.004279 
517 37.427853 0.000000 12.964566 1992.742030 -0.557264 24.102641 -0.003819 
518 46.705124 0.000000 -0.179403 1988.304561 -19.344974 4.927910 0.000692 
519 46.705124 0.000000 -1.639843 1987.906955 -1.745781 10.144004 0.001166 
520 48.251336 0.000000 -0.179403 1988.235448 -19.171092 4.011987 0.000766 
521 49.797547 0.000000 2.741479 1989.854245 -1.150629 8.755260 -0.000785 
522 49.797547 0.000000 1.281038 1989.148580 -0.768085 5.727236 -0.000064 
523 51.343759 0.000000 2.741479 1989.745369 -1.135494 9.139565 -0.000677 
524 34.335429 0.000000 5.662361 1993.519629 -1.905602 11.133118 -0.004488 
525 32.789217 0.000000 5.662361 1995.132075 -1.618713 10.798006 -0.006111 
526 34.335429 0.000000 7.122802 1993.892045 -1.332119 15.432747 -0.004891 
527 34.335429 0.000000 8.583243 1994.086935 -0.991148 18.522883 -0.005114 
528 32.789217 0.000000 8.583243 1994.724497 -0.888515 18.768710 -0.005759 
529 34.335429 0.000000 10.043684 1994.037890 -0.747923 20.749140 -0.005087 
530 34.335429 0.000000 11.504125 1993.791195 -0.585075 22.871168 -0.004861 
531 32.789217 0.000000 11.504125 1994.338777 -0.524018 23.190626 -0.005417 
532 34.335429 0.000000 12.964566 1993.521566 -0.482604 24.612790 -0.004611 
533 46.705124 0.000000 -3.100284 1987.840473 -0.110927 12.320554 0.001221 
534 46.705124 0.000000 -4.560725 1987.533887 0.687537 14.870399 0.001511 
535 48.251336 0.000000 -3.100284 1987.770034 -0.031865 12.770747 0.001289 
1 79 97 95 96 
2 97 72 88 95 
3 95 88 5 98 
4 96 95 98 82 
5 7 101 99 100 
6 101 12 102 99 
7 99 102 10 25 
8 100 99 25 11 
9 11 105 103 104 
10 105 25 106 103 
11 103 106 23 41 
12 104 103 41 24 
13 24 109 107 108 
14 109 41 110 107 
15 107 110 39 57 
16 108 107 57 40 
17 40 113 111 112 
18 113 57 114 111 
19 111 114 55 73 
20 112 111 73 56 
21 56 117 115 116 
22 117 73 118 115 
23 72 121 119 120 
24 119 122 87 123 
25 120 119 123 88 
26 14 125 124 37 
27 125 8 126 124 
28 124 126 21 127 
29 37 124 127 19 
30 27 129 128 53 
31 129 14 130 128 
32 128 130 37 131 
33 53 128 131 35 
34 133 27 134 132 
35 132 134 53 135 
36 10 141 140 26 
37 141 13 142 140 
38 140 142 8 125 
39 26 140 125 14 
40 23 144 143 42 
41 144 26 145 143 
42 143 145 14 129 
43 42 143 129 27 
44 147 42 148 146 
45 146 148 27 133 
46 20 38 161 162 
47 38 19 163 161 
48 161 163 22 164 
49 162 161 164 9 
50 36 54 165 166 
51 54 35 167 165 
52 165 167 38 168 
53 166 165 168 20 
54 52 70 169 170 
55 70 51 171 169 
56 169 171 54 172 
57 170 169 172 36 
58 67 139 173 174 
59 139 69 175 173 
60 173 175 51 176 
61 174 173 176 70 
62 177 179 139 180 
63 178 177 180 67 
64 43 187 186 138 
65 187 133 188 186 
66 186 188 132 189 
67 138 186 189 69 
68 137 191 190 155 
69 191 43 192 190 
70 190 192 138 193 
71 155 190 193 136 
72 195 155 196 194 
73 194 196 136 197 
74 68 86 198 199 
75 86 67 174 198 
76 198 174 70 200 
77 199 198 200 52 
78 201 178 67 203 
79 202 201 203 86 
80 204 206 177 207 
81 205 204 207 178 
82 157 215 213 214 
83 215 153 182 213 
84 213 182 85 216 
85 214 213 216 160 
86 182 219 217 218 
87 219 181 209 217 
88 217 209 185 220 
89 218 217 220 85 
90 136 193 221 179 
91 193 138 222 221 
92 221 222 69 223 
93 179 221 223 139 
94 197 136 225 224 
95 224 225 179 226 
96 206 224 226 177 
97 185 212 227 228 
98 212 156 229 227 
99 227 229 206 230 
100 228 227 230 204 
101 209 233 231 232 
102 231 234 212 235 
103 232 231 235 185 
104 238 149 239 236 
105 59 242 240 241 
106 242 154 243 240 
107 240 243 152 183 
108 241 240 183 153 
109 183 246 244 245 
110 246 152 247 244 
111 244 247 184 210 
112 245 244 210 181 
113 181 250 248 249 
114 250 210 251 248 
115 248 251 208 233 
116 249 248 233 209 
117 184 253 252 211 
118 253 194 254 252 
119 252 254 197 255 
120 211 252 255 156 
121 208 257 256 234 
122 257 211 258 256 
123 256 258 156 259 
124 234 256 259 212 
125 233 262 260 261 
126 262 208 263 260 
127 260 263 234 264 
128 261 260 264 231 
129 73 268 267 118 
130 268 55 269 267 
131 266 272 270 271 
132 272 74 273 270 
133 270 273 237 274 
134 271 270 274 265 
135 17 277 275 276 
136 277 7 100 275 
137 275 100 11 33 
138 276 275 33 15 
139 33 280 278 279 
140 280 11 104 278 
141 278 104 24 49 
142 279 278 49 31 
143 49 283 281 282 
144 283 24 108 281 
145 281 108 40 65 
146 282 281 65 47 
147 65 286 284 285 
148 286 40 112 284 
149 284 112 56 81 
150 285 284 81 63 
151 81 289 287 288 
152 289 56 116 287 
153 287 116 72 97 
154 288 287 97 79 
155 116 292 290 291 
156 292 115 293 290 
157 290 293 89 121 
158 291 290 121 72 
159 89 295 294 122 
160 295 71 296 294 
161 294 296 90 297 
162 122 294 297 87 
163 121 300 298 299 
164 300 89 301 298 
165 298 301 122 302 
166 299 298 302 119 
167 16 305 303 304 
168 305 15 32 303 
169 303 32 18 306 
170 304 303 306 6 
171 32 309 307 308 
172 309 31 48 307 
173 307 48 34 310 
174 308 307 310 18 
175 48 313 311 312 
176 313 47 64 311 
177 311 64 50 314 
178 312 311 314 34 
179 64 317 315 316 
180 316 315 318 50 
181 6 306 319 320 
182 306 18 45 319 
183 319 45 28 321 
184 320 319 321 29 
185 18 310 322 323 
186 310 34 61 322 
187 322 61 44 324 
188 323 322 324 45 
189 34 314 325 326 
190 314 50 77 325 
191 325 77 60 327 
192 326 325 327 61 
193 50 318 328 329 
194 329 328 330 77 
195 315 333 331 332 
196 331 334 66 335 
197 332 331 335 318 
198 47 338 336 337 
199 338 65 285 336 
200 336 285 63 317 
201 337 336 317 64 
202 317 341 339 340 
203 341 63 342 339 
204 339 342 80 333 
205 340 339 333 315 
206 80 344 343 334 
207 344 79 96 343 
208 343 96 82 345 
209 334 343 345 66 
210 333 348 346 347 
211 348 80 349 346 
212 346 349 334 350 
213 347 346 350 331 
214 12 352 351 102 
215 352 2 353 351 
216 351 353 13 141 
217 102 351 141 10 
218 1 356 354 355 
219 356 17 276 354 
220 354 276 15 305 
221 355 354 305 16 
222 19 127 357 163 
223 127 21 358 357 
224 357 358 3 359 
225 163 357 359 22 
226 25 361 360 106 
227 361 10 362 360 
228 360 362 26 144 
229 106 360 144 23 
230 28 46 363 364 
231 46 20 162 363 
232 363 162 9 365 
233 364 363 365 30 
234 29 321 366 367 
235 321 28 364 366 
236 366 364 30 368 
237 367 366 368 4 
238 15 371 369 370 
239 371 33 279 369 
240 369 279 31 309 
241 370 369 309 32 
242 35 131 372 167 
243 131 37 373 372 
244 372 373 19 374 
245 167 372 374 38 
246 41 376 375 110 
247 376 23 377 375 
248 375 377 42 147 
249 110 375 147 39 
250 44 62 378 379 
251 62 36 166 378 
252 378 166 20 380 
253 379 378 380 46 
254 45 324 381 382 
255 324 44 379 381 
256 381 379 46 383 
257 382 381 383 28 
258 31 386 384 385 
259 386 49 282 384 
260 384 282 47 313 
261 385 384 313 48 
262 51 135 387 171 
263 135 53 388 387 
264 387 388 35 389 
265 171 387 389 54 
266 57 391 390 114 
267 391 39 392 390 
268 390 392 58 150 
269 114 390 150 55 
270 60 78 393 394 
271 78 52 170 393 
272 393 170 36 395 
273 394 393 395 62 
274 61 327 396 397 
275 327 60 394 396 
276 396 394 62 398 
277 397 396 398 44 
278 76 94 399 400 
279 94 68 199 399 
280 399 199 52 401 
281 400 399 401 78 
282 77 330 402 403 
283 330 76 400 402 
284 402 400 78 404 
285 403 402 404 60 
286 63 406 405 342 
287 406 81 288 405 
288 405 288 79 344 
289 342 405 344 80 
290 410 202 86 412 
291 411 410 412 68 
292 82 98 413 414 
293 98 5 408 413 
294 413 408 84 415 
295 414 413 415 92 
296 92 415 416 417 
297 415 84 411 416 
298 416 411 68 418 
299 417 416 418 94 
300 115 420 419 293 
301 420 118 421 419 
302 419 421 71 295 
303 293 419 295 89 
304 69 189 422 175 
305 189 132 423 422 
306 422 423 135 424 
307 175 422 424 51 
308 58 426 425 151 
309 426 146 427 425 
310 425 427 133 187 
311 151 425 187 43 
312 55 429 428 269 
313 429 150 430 428 
314 428 430 149 238 
315 149 432 431 239 
316 432 151 433 431 
317 431 433 43 191 
318 239 431 191 137 
319 154 435 434 243 
320 435 137 436 434 
321 434 436 155 195 
322 243 434 195 152 
323 159 439 437 438 
324 439 59 241 437 
325 437 241 153 215 
326 438 437 215 157 
327 153 442 440 441 
328 442 183 245 440 
329 440 245 181 219 
330 441 440 219 182 
331 152 444 443 247 
332 444 195 445 443 
333 443 445 194 253 
334 247 443 253 184 
335 160 216 446 447 
336 216 85 205 446 
337 446 205 178 448 
338 447 446 448 201 
339 85 220 449 450 
340 220 185 228 449 
341 449 228 204 451 
342 450 449 451 205 
343 210 453 452 251 
344 453 184 454 452 
345 452 454 211 257 
346 251 452 257 208 
347 156 255 455 229 
348 255 197 456 455 
349 455 456 224 457 
350 229 455 457 206 
351 71 459 458 296 
352 459 266 271 458 
353 458 271 265 460 
354 296 458 460 90 
355 265 274 461 462 
356 274 237 463 461 
357 461 463 59 439 
358 462 461 439 159 
359 90 460 464 465 
360 460 265 462 464 
361 464 462 159 466 
362 465 464 466 75 
363 118 468 467 421 
364 468 267 469 467 
365 467 469 266 459 
366 421 467 459 71 
367 87 297 470 471 
368 297 90 465 470 
369 470 465 75 472 
370 471 470 472 91 
371 88 123 473 474 
372 123 87 471 473 
373 473 471 91 475 
374 474 473 475 5 
375 66 345 476 477 
376 345 82 414 476 
377 476 414 92 478 
378 477 476 478 93 
379 93 478 479 480 
380 478 92 417 479 
381 479 417 94 481 
382 480 479 481 76 
383 39 483 482 392 
384 483 147 484 482 
385 482 484 146 426 
386 392 482 426 58 
387 150 486 485 430 
388 486 58 487 485 
389 485 487 151 432 
390 430 485 432 149 
391 75 466 488 489 
392 466 159 438 488 
393 488 438 157 490 
394 489 488 490 158 
395 158 490 491 492 
396 490 157 214 491 
397 491 214 160 493 
398 492 491 493 83 
399 83 493 494 495 
400 493 160 447 494 
401 494 447 201 496 
402 495 494 496 202 
403 237 498 497 463 
404 498 236 499 497 
405 497 499 154 242 
406 463 497 242 59 
407 267 501 500 469 
408 501 269 502 500 
409 500 502 74 272 
410 469 500 272 266 
411 318 335 503 504 
412 335 66 477 503 
413 503 477 93 505 
414 504 503 505 328 
415 328 505 506 507 
416 505 93 480 506 
417 506 480 76 508 
418 507 506 508 330 
419 91 472 509 510 
420 472 75 489 509 
421 509 489 158 511 
422 510 509 511 407 
423 407 511 512 513 
424 511 158 492 512 
425 512 492 83 514 
426 513 512 514 409 
427 409 514 515 516 
428 514 83 495 515 
429 515 495 202 517 
430 516 515 517 410 
431 74 519 518 273 
432 519 238 520 518 
433 518 520 236 498 
434 273 518 498 237 
435 236 522 521 499 
436 522 239 523 521 
437 521 523 137 435 
438 499 521 435 154 
439 5 475 524 525 
440 475 91 510 524 
441 524 510 407 526 
442 525 524 526 408 
443 408 526 527 528 
444 526 407 513 527 
445 527 513 409 529 
446 528 527 529 84 
447 84 529 530 531 
448 529 409 516 530 
449 530 516 410 532 
450 531 530 532 411 
451 269 534 533 502 
452 534 428 535 533 
453 533 535 238 519 
454 502 533 519 74 
