2 0.000000 1989.093400 115197.572811
558 472 
1 -165.125896 0.000000 -182.734516 1988.769316 0.000250 34.719136 0.000021 
2 230.704331 0.000000 -182.734516 1988.772588 0.001222 34.583384 0.000020 
3 230.704331 0.000000 191.138357 1988.811727 0.003617 34.586111 -0.000019 
4 -165.125896 0.000000 191.138357 1988.811741 0.000436 34.718103 -0.000021 
5 32.789217 0.000000 4.201920 1996.314741 1.061522 4.628151 -0.007280 
6 -165.125896 0.000000 4.201920 1988.792181 0.000533 34.744024 -0.000002 
7 32.789217 0.000000 -182.734516 1988.725986 0.000555 34.646534 0.000066 
8 230.704331 0.000000 4.201920 1989.126893 -0.213290 15.588800 -0.000095 
9 32.789217 0.000000 191.138357 1988.851459 0.001993 34.650439 -0.000060 
10 131.746774 0.000000 -89.266298 1988.721563 -0.000111 34.175716 0.000079 
11 32.789217 0.000000 -89.266298 1988.530709 0.015491 34.424498 0.000266 
12 131.746774 0.000000 -182.734516 1988.748888 0.000900 34.594917 0.000044 
13 230.704331 0.000000 -89.266298 1988.780642 0.001294 34.199172 0.000019 
14 131.746774 0.000000 4.201920 1989.141965 3.453065 14.941082 -0.000108 
15 -66.168339 0.000000 -89.266298 1988.700674 0.000639 34.735041 0.000090 
16 -165.125896 0.000000 -89.266298 1988.770385 0.000373 34.733207 0.000020 
17 -66.168339 0.000000 -182.734516 1988.744786 0.000383 34.702906 0.000046 
18 -66.168339 0.000000 4.201920 1988.803185 0.002740 34.839027 -0.000015 
19 131.746774 0.000000 97.670139 1988.871521 0.017701 34.232981 -0.000073 
20 32.789217 0.000000 97.670139 1989.021391 0.047113 34.463591 -0.000228 
21 230.704331 0.000000 97.670139 1988.817250 0.019931 34.217415 -0.000018 
22 131.746774 0.000000 191.138357 1988.832733 0.003061 34.601500 -0.000041 
23 82.267996 0.000000 -42.532189 1988.553238 -0.033470 32.595578 0.000275 
24 32.789217 0.000000 -42.532189 1987.626562 -0.060421 33.494361 0.001191 
25 82.267996 0.000000 -89.266298 1988.626466 -0.036607 34.216984 0.000174 
26 131.746774 0.000000 -42.532189 1988.758880 -0.017745 32.658349 0.000067 
27 82.267996 0.000000 4.201920 1989.157183 4.014689 14.757012 -0.000123 
28 -66.168339 0.000000 97.670139 1988.878613 0.001902 34.727448 -0.000089 
29 -165.125896 0.000000 97.670139 1988.812113 0.000558 34.731503 -0.000022 
30 -66.168339 0.000000 191.138357 1988.834472 0.000945 34.701913 -0.000044 
31 -16.689561 0.000000 -42.532189 1988.444967 -0.013222 34.751377 0.000347 
32 -66.168339 0.000000 -42.532189 1988.705082 0.001057 34.797109 0.000084 
33 -16.689561 0.000000 -89.266298 1988.597176 0.002862 34.661406 0.000195 
34 -16.689561 0.000000 4.201920 1988.909043 0.004858 35.287901 -0.000129 
35 82.267996 0.000000 50.936029 1989.029361 0.051450 33.114115 -0.000213 
36 32.789217 0.000000 50.936029 1989.570872 -0.010827 33.808801 -0.000769 
37 131.746774 0.000000 50.936029 1988.888129 0.086428 33.025886 -0.000069 
38 82.267996 0.000000 97.670139 1988.949113 0.033632 34.288062 -0.000152 
39 57.528607 0.000000 -19.165134 1987.630700 -0.459824 27.076445 0.001285 
40 32.789217 0.000000 -19.165134 1985.007272 -0.255300 29.696969 0.003881 
41 57.528607 0.000000 -42.532189 1988.118975 -0.044573 32.766098 0.000708 
42 82.267996 0.000000 -19.165134 1988.652472 -0.393267 27.629853 0.000250 
43 57.528607 0.000000 4.201920 1988.720487 4.005855 11.702485 0.000336 
44 -16.689561 0.000000 50.936029 1989.111355 0.007207 34.713366 -0.000323 
45 -66.168339 0.000000 50.936029 1988.885314 0.002301 34.783065 -0.000097 
46 -16.689561 0.000000 97.670139 1988.967510 0.004251 34.658634 -0.000177 
47 8.049828 0.000000 -19.165134 1986.541245 0.001821 35.196700 0.002251 
48 -16.689561 0.000000 -19.165134 1988.406617 -0.012173 35.102195 0.000379 
49 8.049828 0.000000 -42.532189 1987.946398 -0.015613 34.439971 0.000853 
50 8.049828 0.000000 4.201920 1990.819407 0.015483 38.181196 -0.002105 
51 57.528607 0.000000 27.568975 1989.901359 0.311481 29.979261 -0.001040 
52 32.789217 0.000000 27.568975 1991.275733 0.187951 31.716864 -0.002450 
53 82.267996 0.000000 27.568975 1989.154806 0.388992 30.024344 -0.000290 
54 57.528607 0.000000 50.936029 1989.340574 0.080809 33.250650 -0.000528 
55 45.158912 0.000000 -7.481607 1984.587684 -2.454152 17.469216 0.004447 
56 32.789217 0.000000 -7.481607 1982.640472 -0.867436 18.063593 0.006395 
57 45.158912 0.000000 -19.165134 1986.266870 -0.375867 27.680728 0.002646 
58 57.528607 0.000000 -7.481607 1987.871322 -3.063271 17.102704 0.001152 
59 45.158912 0.000000 4.201920 1992.383379 0.000000 7.448700 -0.003325 
60 8.049828 0.000000 27.568975 1990.391680 -0.000292 34.655873 -0.001609 
61 -16.689561 0.000000 27.568975 1989.221683 0.008622 34.975700 -0.000438 
62 8.049828 0.000000 50.936029 1989.450305 0.019946 34.453258 -0.000659 
63 20.419523 0.000000 -7.481607 1978.070105 -0.144839 28.821776 0.010843 
64 8.049828 0.000000 -7.481607 1986.229639 -0.017297 36.910247 0.002533 
65 20.419523 0.000000 -19.165134 1985.063674 -0.077046 32.950204 0.003773 
66 20.419523 0.000000 4.201920 2006.358733 0.231459 19.787677 -0.017534 
67 45.158912 0.000000 15.885447 1991.595547 0.842090 25.287500 -0.002679 
68 32.789217 0.000000 15.885447 1993.806332 0.475073 27.255613 -0.004932 
69 57.528607 0.000000 15.885447 1990.013267 1.104435 24.792999 -0.001081 
70 45.158912 0.000000 27.568975 1990.711124 0.210252 30.456494 -0.001862 
71 38.974065 0.000000 -1.639843 1988.176544 -0.629420 15.578433 0.000860 
72 32.789217 0.000000 -1.639843 1983.307172 -0.315136 -21.967752 0.005687 
73 38.974065 0.000000 -7.481607 1984.081285 -1.392751 18.630706 0.004945 
74 45.158912 0.000000 -1.639843 1987.915554 2.833547 15.368681 0.001122 
75 38.974065 0.000000 4.201920 1992.793749 0.000000 7.919609 -0.003740 
76 20.419523 0.000000 15.885447 1993.960323 0.176780 32.277891 -0.005163 
77 8.049828 0.000000 15.885447 1991.276587 0.029022 35.483796 -0.002515 
78 20.419523 0.000000 27.568975 1991.308083 0.108309 33.535520 -0.002512 
79 26.604370 0.000000 -1.639843 1988.396105 -0.908736 -47.962290 0.000119 
80 20.419523 0.000000 -1.639843 1955.552403 -0.134564 -4.553825 0.033435 
81 26.604370 0.000000 -7.481607 1979.286970 -0.410347 21.813816 0.009716 
82 26.604370 0.000000 4.201920 2003.295510 0.634884 8.870645 -0.014351 
83 38.974065 0.000000 10.043684 1993.581934 1.231095 19.834336 -0.004618 
84 32.789217 0.000000 10.043684 1995.437872 0.829617 21.383368 -0.006505 
85 45.158912 0.000000 10.043684 1992.288551 0.000000 17.210822 -0.003290 
86 38.974065 0.000000 15.885447 1992.662074 0.654658 25.993979 -0.003762 
87 35.881641 0.000000 1.281038 1987.906530 0.000000 -10.367672 0.001166 
88 32.789217 0.000000 1.281038 1994.731087 0.148518 -19.022571 -0.005768 
89 35.881641 0.000000 -1.639843 1987.910616 -0.282625 15.559884 0.001128 
90 38.974065 0.000000 1.281038 1990.579095 -0.000000 -2.218186 -0.001496 
91 35.881641 0.000000 4.201920 1991.839493 0.000000 2.524199 -0.002765 
92 26.604370 0.000000 10.043684 1997.103192 0.467104 25.112886 -0.008229 
93 20.419523 0.000000 10.043684 1996.745259 0.228404 30.445286 -0.007943 
94 26.604370 0.000000 15.885447 1994.272683 0.288348 29.509177 -0.005435 
95 29.696794 0.000000 1.281038 1988.405778 -1.795549 -48.211248 0.000103 
96 26.604370 0.000000 1.281038 1988.567794 -0.836091 -47.921085 -0.000052 
97 29.696794 0.000000 -1.639843 1988.405778 -1.795549 -48.211248 0.000103 
98 29.696794 0.000000 4.201920 2000.351244 0.875928 6.175098 -0.011361 
99 82.267996 0.000000 -136.000407 1988.697508 0.000650 34.519357 0.000097 
100 32.789217 0.000000 -136.000407 1988.673394 0.000460 34.590580 0.000120 
101 82.267996 0.000000 -182.734516 1988.734024 0.000706 34.614977 0.000058 
102 131.746774 0.000000 -136.000407 1988.734101 0.001115 34.486697 0.000061 
103 57.528607 0.000000 -65.899244 1988.492263 -0.013987 33.920023 0.000314 
104 32.789217 0.000000 -65.899244 1988.383655 -0.014197 34.180831 0.000418 
105 57.528607 0.000000 -89.266298 1988.568999 0.015302 34.298068 0.000230 
106 82.267996 0.000000 -65.899244 1988.586901 0.017123 33.782955 0.000221 
107 45.158912 0.000000 -30.848662 1987.191533 -0.083352 31.419509 0.001662 
108 32.789217 0.000000 -30.848662 1986.673673 -0.064725 32.442553 0.002165 
109 45.158912 0.000000 -42.532189 1987.835746 -0.060285 33.055460 0.000988 
110 57.528607 0.000000 -30.848662 1987.830691 -0.099127 30.975851 0.001027 
111 38.974065 0.000000 -13.323371 1984.512377 -0.632204 24.808307 0.004445 
112 32.789217 0.000000 -13.323371 1983.418462 -0.452169 26.025096 0.005527 
113 38.974065 0.000000 -19.165134 1985.600088 -0.371554 28.690425 0.003301 
114 45.158912 0.000000 -13.323371 1985.663040 -0.867849 24.015983 0.003300 
115 35.881641 0.000000 -4.560725 1986.086391 -1.401668 9.903840 0.002996 
116 32.789217 0.000000 -4.560725 1983.044025 -1.095103 7.317531 0.006059 
117 35.881641 0.000000 -7.481607 1983.849083 -1.111474 18.081575 0.005183 
118 38.974065 0.000000 -4.560725 1984.890712 -1.926418 13.244187 0.004176 
119 34.335429 0.000000 -0.179403 1985.964420 -5.086600 -39.154646 0.002750 
120 32.789217 0.000000 -0.179403 1988.565654 -9.121049 -45.673297 -0.000018 
121 34.335429 0.000000 -1.639843 1987.964856 -0.469979 -23.450671 0.000995 
122 35.881641 0.000000 -0.179403 1985.069652 -0.138211 1.755829 0.004041 
123 34.335429 0.000000 1.281038 1990.275831 0.000000 -16.930316 -0.001262 
124 181.225553 0.000000 50.936029 1988.845488 0.103702 32.994558 -0.000026 
125 181.225553 0.000000 4.201920 1989.132398 2.154745 15.288006 -0.000099 
126 230.704331 0.000000 50.936029 1988.832703 0.108849 32.952698 -0.000012 
127 181.225553 0.000000 97.670139 1988.833602 0.019087 34.222005 -0.000035 
128 107.007385 0.000000 27.568975 1988.958436 0.412589 30.016769 -0.000092 
129 107.007385 0.000000 4.201920 1989.145073 3.068065 14.818717 -0.000110 
130 131.746774 0.000000 27.568975 1988.917632 0.470689 29.950256 -0.000050 
131 107.007385 0.000000 50.936029 1988.938581 0.090003 33.051694 -0.000120 
132 69.898301 0.000000 15.885447 1989.348823 1.212169 25.137557 -0.000417 
133 69.898301 0.000000 4.201920 1989.000592 3.599589 14.359337 0.000038 
134 82.267996 0.000000 15.885447 1989.134472 1.303353 25.359376 -0.000204 
135 69.898301 0.000000 27.568975 1989.373532 0.365425 30.024819 -0.000510 
136 51.343759 0.000000 10.043684 1990.776590 2.085808 19.204764 -0.001787 
137 51.343759 0.000000 4.201920 1989.745627 3.137308 9.529762 -0.000681 
138 57.528607 0.000000 10.043684 1989.735835 2.342013 19.690002 -0.000745 
139 51.343759 0.000000 15.885447 1990.625708 0.978244 24.882385 -0.001698 
140 181.225553 0.000000 -42.532189 1988.800003 -0.028677 32.752103 0.000024 
141 181.225553 0.000000 -89.266298 1988.763549 0.000855 34.184876 0.000036 
142 230.704331 0.000000 -42.532189 1988.811812 -0.026127 32.831016 0.000011 
143 107.007385 0.000000 -19.165134 1988.833771 -0.346817 27.936250 0.000064 
144 107.007385 0.000000 -42.532189 1988.706069 -0.021203 32.612261 0.000121 
145 131.746774 0.000000 -19.165134 1988.868153 -0.324135 28.151152 0.000026 
146 69.898301 0.000000 -7.481607 1988.667995 -2.822816 17.766598 0.000346 
147 69.898301 0.000000 -19.165134 1988.352257 -0.423931 27.302988 0.000557 
148 82.267996 0.000000 -7.481607 1988.927816 -2.610724 18.393769 0.000079 
149 51.343759 0.000000 -1.639843 1986.196965 -7.561051 17.358289 0.002820 
150 51.343759 0.000000 -7.481607 1986.718830 -3.089278 17.124041 0.002310 
151 57.528607 0.000000 -1.639843 1986.643365 -7.780391 12.936829 0.002404 
152 48.251336 0.000000 7.122802 1991.571971 0.000000 15.898834 -0.002558 
153 45.158912 0.000000 7.122802 1992.269653 0.000000 15.152033 -0.003254 
154 48.251336 0.000000 4.201920 1990.927878 2.453792 8.517618 -0.001865 
155 51.343759 0.000000 7.122802 1990.466920 3.068477 14.879676 -0.001440 
156 48.251336 0.000000 10.043684 1991.421057 0.000000 17.345673 -0.002418 
157 42.066488 0.000000 7.122802 1992.945796 0.000000 14.620683 -0.003931 
158 38.974065 0.000000 7.122802 1993.272565 0.000000 11.666117 -0.004241 
159 42.066488 0.000000 4.201920 1993.073282 -0.000000 8.278052 -0.004023 
160 42.066488 0.000000 10.043684 1992.555130 0.000000 17.254337 -0.003559 
161 82.267996 0.000000 144.404248 1988.878804 0.005272 34.537897 -0.000086 
162 32.789217 0.000000 144.404248 1988.897975 0.003811 34.601277 -0.000106 
163 131.746774 0.000000 144.404248 1988.849525 0.006329 34.503841 -0.000056 
164 82.267996 0.000000 191.138357 1988.845167 0.002585 34.621394 -0.000053 
165 57.528607 0.000000 74.303084 1989.097984 0.035783 34.064358 -0.000298 
166 32.789217 0.000000 74.303084 1989.173755 0.025461 34.276886 -0.000378 
167 82.267996 0.000000 74.303084 1989.000519 0.018712 33.952018 -0.000198 
168 57.528607 0.000000 97.670139 1988.994967 0.048944 34.359255 -0.000199 
169 45.158912 0.000000 39.252502 1989.947971 0.166200 32.636625 -0.001129 
170 32.789217 0.000000 39.252502 1990.217699 0.127429 33.220724 -0.001410 
171 57.528607 0.000000 39.252502 1989.573501 0.176733 32.324514 -0.000747 
172 45.158912 0.000000 50.936029 1989.496992 -0.026862 33.487309 -0.000689 
173 51.343759 0.000000 21.727211 1990.386853 0.536038 28.187769 -0.001502 
174 45.158912 0.000000 21.727211 1991.008178 0.453189 28.555367 -0.002132 
175 57.528607 0.000000 21.727211 1990.025711 0.547394 27.948955 -0.001135 
176 51.343759 0.000000 27.568975 1990.280756 0.258423 30.153332 -0.001424 
177 48.251336 0.000000 12.964566 1991.315433 1.351591 22.583924 -0.002365 
178 45.158912 0.000000 12.964566 1991.869756 1.167517 22.882674 -0.002926 
179 51.343759 0.000000 12.964566 1990.747590 1.420152 22.437362 -0.001792 
180 48.251336 0.000000 15.885447 1991.167488 0.895275 24.918728 -0.002244 
181 46.705124 0.000000 8.583243 1991.758294 0.000000 16.660282 -0.002751 
182 45.158912 0.000000 8.583243 1992.191304 0.000000 16.917716 -0.003190 
183 46.705124 0.000000 7.122802 1991.817172 -0.000000 14.713822 -0.002795 
184 48.251336 0.000000 8.583243 1991.340431 0.000000 17.399798 -0.002337 
185 46.705124 0.000000 10.043684 1991.803647 -0.000000 17.190270 -0.002802 
186 63.713454 0.000000 10.043684 1989.336102 2.385813 20.207009 -0.000349 
187 63.713454 0.000000 4.201920 1988.579840 3.798373 13.698658 0.000465 
188 69.898301 0.000000 10.043684 1989.235387 2.224802 20.646942 -0.000252 
189 63.713454 0.000000 15.885447 1989.596720 1.168480 24.931373 -0.000664 
190 54.436183 0.000000 7.122802 1989.826898 3.370149 15.248270 -0.000799 
191 54.436183 0.000000 4.201920 1989.007916 3.623892 10.781262 0.000053 
192 57.528607 0.000000 7.122802 1989.419455 3.695277 15.744097 -0.000394 
193 54.436183 0.000000 10.043684 1990.187635 2.242215 19.390342 -0.001197 
194 49.797547 0.000000 8.583243 1991.314758 0.000000 17.420553 -0.002311 
195 49.797547 0.000000 7.122802 1990.846153 2.860133 14.845485 -0.001821 
196 51.343759 0.000000 8.583243 1990.629527 3.275212 17.231797 -0.001623 
197 49.797547 0.000000 10.043684 1991.032387 1.982242 19.206746 -0.002045 
198 38.974065 0.000000 21.727211 1991.664273 0.368241 29.282339 -0.002803 
199 32.789217 0.000000 21.727211 1992.288409 0.252891 30.360763 -0.003448 
200 38.974065 0.000000 27.568975 1990.921315 0.161867 31.015394 -0.002082 
201 42.066488 0.000000 12.964566 1992.518113 1.074733 23.061704 -0.003581 
202 38.974065 0.000000 12.964566 1993.270613 0.931695 23.411614 -0.004343 
203 42.066488 0.000000 15.885447 1992.127476 0.739015 25.511126 -0.003218 
204 46.705124 0.000000 11.504125 1991.670910 1.539815 21.236903 -0.002708 
205 45.158912 0.000000 11.504125 1992.037104 1.453141 21.180309 -0.003076 
206 48.251336 0.000000 11.504125 1991.368534 1.631102 21.100054 -0.002402 
207 46.705124 0.000000 12.964566 1991.581503 1.270928 22.720197 -0.002634 
208 47.478230 0.000000 9.313463 1991.582345 0.000000 18.335543 -0.002589 
209 46.705124 0.000000 9.313463 1991.768558 0.000000 17.972831 -0.002773 
210 47.478230 0.000000 8.583243 1991.575267 0.000000 16.939009 -0.002570 
211 48.251336 0.000000 9.313463 1991.384395 -0.000000 18.137227 -0.002388 
212 47.478230 0.000000 10.043684 1991.544682 0.000000 17.266573 -0.002542 
213 43.612700 0.000000 8.583243 1992.529789 0.000000 17.001583 -0.003531 
214 42.066488 0.000000 8.583243 1992.756486 0.000000 15.916282 -0.003751 
215 43.612700 0.000000 7.122802 1992.642635 0.000000 14.821705 -0.003627 
216 43.612700 0.000000 10.043684 1992.479773 0.000000 17.215065 -0.003483 
217 45.932018 0.000000 9.313463 1992.019528 -0.000000 18.065857 -0.003027 
218 45.158912 0.000000 9.313463 1992.149163 0.000000 18.229787 -0.003159 
219 45.932018 0.000000 8.583243 1992.002424 -0.000000 16.658124 -0.002997 
220 45.932018 0.000000 10.043684 1992.013325 -0.000000 17.174144 -0.003013 
221 54.436183 0.000000 12.964566 1990.289938 1.540457 22.430065 -0.001331 
222 57.528607 0.000000 12.964566 1989.863824 1.616814 22.638705 -0.000905 
223 54.436183 0.000000 15.885447 1990.251058 1.051073 24.826807 -0.001320 
224 49.797547 0.000000 11.504125 1991.151988 1.704799 20.894092 -0.002182 
225 51.343759 0.000000 11.504125 1990.864269 1.767850 20.824397 -0.001892 
226 49.797547 0.000000 12.964566 1991.074264 1.377638 22.383803 -0.002120 
227 47.478230 0.000000 10.773904 1991.453298 1.746894 20.372819 -0.002480 
228 46.705124 0.000000 10.773904 1991.620690 1.721810 20.417272 -0.002649 
229 48.251336 0.000000 10.773904 1991.393795 1.786348 20.241030 -0.002419 
230 47.478230 0.000000 11.504125 1991.504940 1.605458 21.179621 -0.002540 
231 47.091677 0.000000 9.678574 1991.579605 -0.000000 18.604308 -0.002589 
232 46.705124 0.000000 9.678574 1991.717105 -0.000000 18.444625 -0.002726 
233 47.091677 0.000000 9.313463 1991.667783 0.000000 18.262496 -0.002674 
234 47.478230 0.000000 9.678574 1991.486386 0.000000 18.521553 -0.002494 
235 47.091677 0.000000 10.043684 1991.666213 -0.000000 17.215920 -0.002664 
236 48.251336 0.000000 1.281038 1988.854243 2.552512 3.755917 0.000235 
237 45.158912 0.000000 1.281038 1991.410256 1.910969 -0.132292 -0.002332 
238 48.251336 0.000000 -1.639843 1986.388543 -7.795764 17.789090 0.002622 
239 51.343759 0.000000 1.281038 1987.591145 1.533089 7.612102 0.001495 
240 46.705124 0.000000 5.662361 1991.958840 0.000000 12.714695 -0.002924 
241 45.158912 0.000000 5.662361 1992.383063 0.000000 11.355334 -0.003343 
242 46.705124 0.000000 4.201920 1992.356004 0.000000 7.361110 -0.003297 
243 48.251336 0.000000 5.662361 1991.617446 0.000000 14.304826 -0.002591 
244 47.478230 0.000000 7.853022 1991.588933 0.000000 15.962574 -0.002575 
245 46.705124 0.000000 7.853022 1991.788694 0.000000 15.869370 -0.002776 
246 47.478230 0.000000 7.122802 1991.676921 0.000000 15.155893 -0.002657 
247 48.251336 0.000000 7.853022 1991.512283 0.000000 16.563630 -0.002503 
248 47.091677 0.000000 8.948353 1991.658246 0.000000 17.397995 -0.002657 
249 46.705124 0.000000 8.948353 1991.739044 0.000000 17.374696 -0.002738 
250 47.091677 0.000000 8.583243 1991.666463 0.000000 16.906668 -0.002661 
251 47.478230 0.000000 8.948353 1991.586879 0.000000 17.294519 -0.002584 
252 49.024441 0.000000 9.313463 1991.375459 0.000000 17.366796 -0.002372 
253 49.024441 0.000000 8.583243 1991.394595 0.000000 17.362406 -0.002391 
254 49.797547 0.000000 9.313463 1991.295974 0.000000 17.428199 -0.002293 
255 49.024441 0.000000 10.043684 1991.296316 0.000000 17.433043 -0.002293 
256 47.864783 0.000000 9.678574 1991.478274 0.000000 18.328847 -0.002484 
257 47.864783 0.000000 9.313463 1991.486966 0.000000 18.383312 -0.002494 
258 48.251336 0.000000 9.678574 1991.476416 0.000000 17.300696 -0.002473 
259 47.864783 0.000000 10.043684 1991.495526 0.000000 17.287310 -0.002492 
260 47.284953 0.000000 9.496019 1991.569945 -0.000000 18.644355 -0.002580 
261 47.091677 0.000000 9.496019 1991.628475 -0.000000 18.664529 -0.002639 
262 47.284953 0.000000 9.313463 1991.622861 0.000000 18.266840 -0.002629 
263 47.478230 0.000000 9.496019 1991.527342 0.000000 18.637042 -0.002537 
264 47.284953 0.000000 9.678574 1991.522939 0.000000 18.589149 -0.002532 
265 42.066488 0.000000 1.281038 1992.996355 0.000000 -1.151214 -0.003929 
266 42.066488 0.000000 -1.639843 1988.084272 0.958713 15.463566 0.000954 
267 42.066488 0.000000 -4.560725 1983.467625 -3.215831 13.670035 0.005599 
268 42.066488 0.000000 -7.481607 1984.056388 -1.870716 18.231773 0.004973 
269 45.158912 0.000000 -4.560725 1984.241489 -4.924861 13.347331 0.004821 
270 43.612700 0.000000 -0.179403 1990.633151 0.737233 6.058623 -0.001558 
271 42.066488 0.000000 -0.179403 1991.873024 0.120702 2.086934 -0.002798 
272 43.612700 0.000000 -1.639843 1988.018526 2.191013 15.396980 0.001019 
273 45.158912 0.000000 -0.179403 1989.462587 13.556813 9.288519 -0.000440 
274 43.612700 0.000000 1.281038 1992.402236 0.000000 -1.133327 -0.003330 
275 -16.689561 0.000000 -136.000407 1988.689196 0.000487 34.667770 0.000103 
276 -66.168339 0.000000 -136.000407 1988.725229 0.000481 34.709311 0.000066 
277 -16.689561 0.000000 -182.734516 1988.731035 0.000458 34.679674 0.000060 
278 8.049828 0.000000 -65.899244 1988.414179 -0.017628 34.496165 0.000382 
279 -16.689561 0.000000 -65.899244 1988.514093 0.011710 34.687465 0.000278 
280 8.049828 0.000000 -89.266298 1988.544658 -0.047391 34.562823 0.000250 
281 20.419523 0.000000 -30.848662 1986.760893 0.010648 33.735544 0.002056 
282 8.049828 0.000000 -30.848662 1987.408666 -0.017938 34.598962 0.001391 
283 20.419523 0.000000 -42.532189 1987.701180 0.008548 34.040193 0.001106 
284 26.604370 0.000000 -13.323371 1982.577649 -0.253331 28.484857 0.006336 
285 20.419523 0.000000 -13.323371 1982.928195 -0.123645 31.830008 0.005933 
286 26.604370 0.000000 -19.165134 1984.745957 -0.116306 31.254358 0.004120 
287 29.696794 0.000000 -4.560725 1979.031013 -0.737263 7.813093 0.010076 
288 26.604370 0.000000 -4.560725 1975.890306 -0.460263 11.127317 0.013200 
289 29.696794 0.000000 -7.481607 1980.701403 -0.630214 19.145421 0.008327 
290 34.335429 0.000000 -3.100284 1986.712680 -1.098621 -2.547338 0.002390 
291 32.789217 0.000000 -3.100284 1983.458778 -0.965707 -3.768041 0.005654 
292 34.335429 0.000000 -4.560725 1984.874017 -1.259560 8.231068 0.004220 
293 35.881641 0.000000 -3.100284 1989.891382 -1.216259 1.622620 -0.000804 
294 37.427853 0.000000 -0.179403 1985.457376 -0.099696 -2.338638 0.003651 
295 37.427853 0.000000 -1.639843 1988.049680 -0.581697 15.585786 0.000988 
296 38.974065 0.000000 -0.179403 1988.801357 -0.191989 2.627673 0.000292 
297 37.427853 0.000000 1.281038 1988.610874 0.000000 -5.009769 0.000479 
298 35.108535 0.000000 -0.909623 1987.301354 -1.646485 3.900590 0.001797 
299 34.335429 0.000000 -0.909623 1985.462636 -7.700889 -47.785193 0.003055 
300 35.108535 0.000000 -1.639843 1987.873585 -0.237917 15.552662 0.001165 
301 35.881641 0.000000 -0.909623 1987.656859 -0.279820 14.329152 0.001392 
302 35.108535 0.000000 -0.179403 1984.557536 -2.300852 -23.162454 0.004419 
303 -115.647118 0.000000 -42.532189 1988.763145 0.000760 34.758821 0.000027 
304 -165.125896 0.000000 -42.532189 1988.778727 0.000456 34.741058 0.000011 
305 -115.647118 0.000000 -89.266298 1988.750369 0.000514 34.738346 0.000040 
306 -115.647118 0.000000 4.201920 1988.794367 0.000942 34.769299 -0.000005 
307 -41.428950 0.000000 -19.165134 1988.679523 0.004326 34.907527 0.000108 
308 -66.168339 0.000000 -19.165134 1988.743469 0.000606 34.830024 0.000045 
309 -41.428950 0.000000 -42.532189 1988.620706 0.000573 34.818176 0.000169 
310 -41.428950 0.000000 4.201920 1988.818967 0.001125 34.912621 -0.000032 
311 -4.319866 0.000000 -7.481607 1988.239786 -0.002108 35.829542 0.000534 
312 -16.689561 0.000000 -7.481607 1988.605876 -0.004452 35.260063 0.000176 
313 -4.319866 0.000000 -19.165134 1987.905308 -0.003876 35.279888 0.000880 
314 -4.319866 0.000000 4.201920 1989.136844 0.007361 35.953041 -0.000370 
315 14.234675 0.000000 -1.639843 1979.532418 -0.002470 45.468005 0.009068 
316 8.049828 0.000000 -1.639843 1987.823766 -0.001136 38.628249 0.000899 
317 14.234675 0.000000 -7.481607 1982.316936 -0.045170 35.571100 0.006482 
318 14.234675 0.000000 4.201920 1998.699516 0.075229 39.052969 -0.010068 
319 -115.647118 0.000000 50.936029 1988.822993 0.001036 34.754998 -0.000033 
320 -165.125896 0.000000 50.936029 1988.805006 0.000572 34.739778 -0.000015 
321 -115.647118 0.000000 97.670139 1988.832195 0.000945 34.734680 -0.000042 
322 -41.428950 0.000000 27.568975 1988.940061 -0.003026 34.875583 -0.000153 
323 -66.168339 0.000000 27.568975 1988.857363 0.005455 34.819130 -0.000069 
324 -41.428950 0.000000 50.936029 1988.970259 0.025040 34.790597 -0.000182 
325 -4.319866 0.000000 15.885447 1989.674737 0.003607 35.437156 -0.000902 
326 -16.689561 0.000000 15.885447 1989.147756 0.007699 35.149544 -0.000367 
327 -4.319866 0.000000 27.568975 1989.628541 0.013686 34.945850 -0.000847 
328 14.234675 0.000000 10.043684 1994.354248 0.086731 34.847123 -0.005604 
329 8.049828 0.000000 10.043684 1991.550278 0.021563 36.296980 -0.002805 
330 14.234675 0.000000 15.885447 1992.589700 0.096504 34.385944 -0.003817 
331 17.327099 0.000000 1.281038 2033.327871 0.164814 22.923962 -0.045104 
332 14.234675 0.000000 1.281038 1996.303257 0.043997 49.605687 -0.007884 
333 17.327099 0.000000 -1.639843 1957.828901 -0.054187 31.188385 0.030943 
334 20.419523 0.000000 1.281038 2034.724443 -0.784755 -49.553805 -0.047028 
335 17.327099 0.000000 4.201920 2006.697796 0.130433 31.045621 -0.018023 
336 14.234675 0.000000 -13.323371 1984.526618 -0.037308 34.573652 0.004284 
337 8.049828 0.000000 -13.323371 1986.245950 -0.017629 35.806507 0.002537 
338 14.234675 0.000000 -19.165134 1985.652688 -0.059053 34.472071 0.003156 
339 17.327099 0.000000 -4.560725 1974.414000 -0.057272 32.274139 0.014442 
340 14.234675 0.000000 -4.560725 1980.545211 -0.031129 37.411358 0.008223 
341 17.327099 0.000000 -7.481607 1979.832765 -0.089072 32.847529 0.009017 
342 20.419523 0.000000 -4.560725 1972.043604 -0.129399 22.025025 0.016947 
343 23.511946 0.000000 1.281038 1988.991878 -0.716961 -47.857348 -0.000477 
344 23.511946 0.000000 -1.639843 1969.431040 -0.218358 -14.686137 0.019618 
345 23.511946 0.000000 4.201920 2003.823868 0.396131 13.968328 -0.014915 
346 18.873311 0.000000 -0.179403 2138.880430 -0.878579 -53.629695 -0.157006 
347 17.327099 0.000000 -0.179403 1941.651636 -0.121089 15.603358 0.047071 
348 18.873311 0.000000 -1.639843 1952.472543 -0.105123 14.937541 0.036426 
349 20.419523 0.000000 -0.179403 2038.347137 -0.812943 -49.631603 -0.050760 
350 18.873311 0.000000 1.281038 2177.613140 -0.911099 -55.194547 -0.199306 
351 47.864783 0.000000 8.948353 1991.481886 0.000000 17.301650 -0.002479 
352 47.864783 0.000000 8.583243 1991.459205 -0.000000 17.184605 -0.002455 
353 48.251336 0.000000 8.948353 1991.427654 0.000000 17.335030 -0.002424 
354 47.671506 0.000000 9.496019 1991.493414 0.000000 18.636432 -0.002502 
355 47.671506 0.000000 9.313463 1991.527191 0.000000 18.289891 -0.002533 
356 47.864783 0.000000 9.496019 1991.472218 0.000000 18.623543 -0.002481 
357 47.671506 0.000000 9.678574 1991.479507 0.000000 18.441614 -0.002487 
358 43.612700 0.000000 11.504125 1992.399972 1.343366 21.315200 -0.003443 
359 42.066488 0.000000 11.504125 1992.757979 1.242602 21.418749 -0.003804 
360 43.612700 0.000000 12.964566 1992.203439 1.142479 22.872504 -0.003262 
361 45.932018 0.000000 10.773904 1991.764150 1.680698 20.443314 -0.002794 
362 45.158912 0.000000 10.773904 1992.044603 1.622933 20.292705 -0.003074 
363 45.932018 0.000000 11.504125 1991.778266 1.494709 21.363634 -0.002817 
364 47.091677 0.000000 10.408794 1991.698179 0.000000 17.155178 -0.002695 
365 46.705124 0.000000 10.408794 1991.788640 0.000000 17.113642 -0.002786 
366 47.478230 0.000000 10.408794 1991.471681 1.831583 19.922387 -0.002494 
367 47.091677 0.000000 10.773904 1991.536276 1.734004 20.388772 -0.002564 
368 47.284953 0.000000 9.861129 1991.588889 0.000000 17.258530 -0.002586 
369 47.091677 0.000000 9.861129 1991.600782 0.000000 17.253302 -0.002598 
370 47.478230 0.000000 9.861129 1991.544007 0.000000 17.266643 -0.002541 
371 47.284953 0.000000 10.043684 1991.581679 0.000000 17.243113 -0.002579 
372 47.381591 0.000000 9.587296 1991.503114 0.000000 18.643485 -0.002512 
373 47.284953 0.000000 9.587296 1991.497912 -0.000000 18.668530 -0.002507 
374 47.381591 0.000000 9.496019 1991.552626 -0.000000 18.654704 -0.002562 
375 47.478230 0.000000 9.587296 1991.490185 0.000000 18.654468 -0.002499 
376 47.381591 0.000000 9.678574 1991.517026 0.000000 18.522153 -0.002525 
377 181.225553 0.000000 -136.000407 1988.759173 0.001477 34.479009 0.000036 
378 181.225553 0.000000 -182.734516 1988.762666 0.001083 34.585960 0.000030 
379 230.704331 0.000000 -136.000407 1988.773440 0.001709 34.480416 0.000021 
380 -115.647118 0.000000 -136.000407 1988.752258 0.000393 34.722867 0.000038 
381 -165.125896 0.000000 -136.000407 1988.768039 0.000303 34.725104 0.000022 
382 -115.647118 0.000000 -182.734516 1988.758818 0.000312 34.714614 0.000032 
383 181.225553 0.000000 144.404248 1988.827572 0.006960 34.490935 -0.000033 
384 230.704331 0.000000 144.404248 1988.814467 0.007346 34.486497 -0.000020 
385 181.225553 0.000000 191.138357 1988.820704 0.003394 34.590956 -0.000028 
386 107.007385 0.000000 -65.899244 1988.677250 -0.002799 33.757084 0.000130 
387 107.007385 0.000000 -89.266298 1988.681496 -0.000756 34.182086 0.000119 
388 131.746774 0.000000 -65.899244 1988.726742 -0.004954 33.756257 0.000081 
389 -16.689561 0.000000 144.404248 1988.883450 0.002283 34.667993 -0.000093 
390 -66.168339 0.000000 144.404248 1988.853218 0.001326 34.706574 -0.000063 
391 -16.689561 0.000000 191.138357 1988.846725 0.001407 34.680403 -0.000056 
392 -115.647118 0.000000 144.404248 1988.828615 0.000791 34.720544 -0.000038 
393 -165.125896 0.000000 144.404248 1988.813505 0.000505 34.723651 -0.000023 
394 -115.647118 0.000000 191.138357 1988.821650 0.000634 34.713330 -0.000031 
395 -41.428950 0.000000 -65.899244 1988.626999 0.002901 34.748759 0.000164 
396 -66.168339 0.000000 -65.899244 1988.694468 0.000790 34.761156 0.000096 
397 -41.428950 0.000000 -89.266298 1988.654585 0.000585 34.714947 0.000137 
398 107.007385 0.000000 74.303084 1988.927760 0.062127 33.900848 -0.000124 
399 131.746774 0.000000 74.303084 1988.881424 0.036393 33.883045 -0.000077 
400 107.007385 0.000000 97.670139 1988.905377 0.016559 34.248995 -0.000107 
401 69.898301 0.000000 -30.848662 1988.304898 -0.121368 31.017371 0.000550 
402 69.898301 0.000000 -42.532189 1988.337056 -0.028634 32.596396 0.000492 
403 82.267996 0.000000 -30.848662 1988.539493 -0.103049 31.060594 0.000313 
404 8.049828 0.000000 74.303084 1989.141640 -0.008387 34.518311 -0.000350 
405 -16.689561 0.000000 74.303084 1989.039036 0.003211 34.671467 -0.000249 
406 8.049828 0.000000 97.670139 1989.007189 -0.023137 34.576074 -0.000215 
407 -41.428950 0.000000 74.303084 1988.949531 0.016946 34.734240 -0.000160 
408 -66.168339 0.000000 74.303084 1988.888265 0.002133 34.749792 -0.000099 
409 -41.428950 0.000000 97.670139 1988.918577 0.002776 34.706243 -0.000129 
410 -4.319866 0.000000 -30.848662 1988.040624 -0.008300 34.853689 0.000751 
411 -16.689561 0.000000 -30.848662 1988.358972 -0.012643 34.936936 0.000430 
412 -4.319866 0.000000 -42.532189 1988.202564 0.017195 34.708833 0.000591 
413 69.898301 0.000000 39.252502 1989.304256 0.137745 32.173874 -0.000474 
414 82.267996 0.000000 39.252502 1989.089660 0.175007 32.123699 -0.000257 
415 69.898301 0.000000 50.936029 1989.125006 0.156052 33.166991 -0.000310 
416 51.343759 0.000000 -13.323371 1986.654772 -0.995156 23.173784 0.002315 
417 51.343759 0.000000 -19.165134 1987.103652 -0.451060 27.261538 0.001812 
418 57.528607 0.000000 -13.323371 1987.750970 -1.043233 23.353830 0.001211 
419 20.419523 0.000000 39.252502 1990.111657 0.063004 33.895596 -0.001314 
420 8.049828 0.000000 39.252502 1989.793485 0.041009 34.449579 -0.001004 
421 20.419523 0.000000 50.936029 1989.558891 0.001517 34.145668 -0.000763 
422 -4.319866 0.000000 39.252502 1989.441105 0.020962 34.727106 -0.000654 
423 -16.689561 0.000000 39.252502 1989.167046 0.005060 34.782229 -0.000380 
424 -4.319866 0.000000 50.936029 1989.246037 0.015170 34.615506 -0.000456 
425 26.604370 0.000000 21.727211 1992.467319 0.217188 31.708896 -0.003649 
426 20.419523 0.000000 21.727211 1992.273986 0.114564 33.114023 -0.003478 
427 26.604370 0.000000 27.568975 1991.590052 0.106313 32.654878 -0.002781 
428 14.234675 0.000000 21.727211 1991.695253 0.009940 34.377987 -0.002917 
429 8.049828 0.000000 21.727211 1990.808872 0.064749 34.875279 -0.002033 
430 14.234675 0.000000 27.568975 1990.838422 0.039770 34.191494 -0.002051 
431 23.511946 0.000000 -4.560725 1973.944773 -0.258587 15.411158 0.015114 
432 23.511946 0.000000 -7.481607 1978.122650 -0.229816 24.541447 0.010848 
433 35.881641 0.000000 7.122802 1994.546502 1.350726 15.050548 -0.005548 
434 32.789217 0.000000 7.122802 1996.141816 1.049112 15.605778 -0.007161 
435 35.881641 0.000000 10.043684 1994.446141 1.022530 20.253003 -0.005493 
436 35.881641 0.000000 12.964566 1993.992094 0.747681 23.857658 -0.005076 
437 32.789217 0.000000 12.964566 1994.701213 0.618214 24.743823 -0.005801 
438 35.881641 0.000000 15.885447 1993.151415 0.575780 26.604856 -0.004263 
439 29.696794 0.000000 7.122802 1998.293276 0.770086 16.901200 -0.009344 
440 26.604370 0.000000 7.122802 1999.447160 0.541400 20.262595 -0.010541 
441 29.696794 0.000000 10.043684 1996.502687 0.635262 22.776253 -0.007595 
442 29.696794 0.000000 12.964566 1995.202409 0.474636 26.044821 -0.006323 
443 26.604370 0.000000 12.964566 1995.597405 0.370904 27.709185 -0.006744 
444 29.696794 0.000000 15.885447 1994.265564 0.366029 28.209093 -0.005408 
445 37.427853 0.000000 -3.100284 1988.984994 -1.435628 7.773257 0.000093 
446 37.427853 0.000000 -4.560725 1985.942349 -1.599335 11.972557 0.003129 
447 38.974065 0.000000 -3.100284 1986.098722 -1.885773 10.118663 0.002982 
448 63.713454 0.000000 21.727211 1989.646904 0.590974 27.986687 -0.000755 
449 69.898301 0.000000 21.727211 1989.381957 0.630052 28.104116 -0.000490 
450 63.713454 0.000000 27.568975 1989.589689 0.325064 29.976958 -0.000726 
451 63.713454 0.000000 -1.639843 1988.228148 -8.955845 11.624407 0.000815 
452 63.713454 0.000000 -7.481607 1988.413945 -2.953459 17.516683 0.000603 
453 69.898301 0.000000 -1.639843 1988.825840 -9.727708 10.655991 0.000216 
454 48.251336 0.000000 -4.560725 1985.801981 -5.880742 14.134195 0.003247 
455 48.251336 0.000000 -7.481607 1985.775586 -2.908553 17.392110 0.003255 
456 51.343759 0.000000 -4.560725 1986.794837 -6.090786 14.136948 0.002250 
457 54.436183 0.000000 1.281038 1987.137463 0.959057 11.091397 0.001934 
458 54.436183 0.000000 -1.639843 1985.975070 -6.721924 15.439218 0.003061 
459 57.528607 0.000000 1.281038 1987.279910 1.746274 13.401976 0.001776 
460 49.797547 0.000000 5.662361 1990.633154 2.723988 12.089465 -0.001588 
461 49.797547 0.000000 4.201920 1990.253354 2.836981 9.135873 -0.001190 
462 51.343759 0.000000 5.662361 1990.213139 2.993781 12.179662 -0.001166 
463 43.612700 0.000000 5.662361 1992.763841 -0.000000 11.590872 -0.003728 
464 42.066488 0.000000 5.662361 1993.042395 0.000000 11.908776 -0.004010 
465 43.612700 0.000000 4.201920 1992.815799 0.000000 8.105387 -0.003763 
466 45.932018 0.000000 7.853022 1992.030372 0.000000 15.778820 -0.003018 
467 45.158912 0.000000 7.853022 1992.219998 0.000000 15.965321 -0.003211 
468 45.932018 0.000000 7.122802 1992.019377 0.000000 14.785435 -0.002999 
469 49.024441 0.000000 7.853022 1991.374707 0.000000 17.367419 -0.002371 
470 49.024441 0.000000 7.122802 1991.388552 0.000000 16.665967 -0.002379 
471 49.797547 0.000000 7.853022 1991.295974 0.000000 17.428199 -0.002293 
472 49.024441 0.000000 10.773904 1991.224160 1.849708 20.210047 -0.002248 
473 49.797547 0.000000 10.773904 1991.101858 1.903437 20.109405 -0.002124 
474 49.024441 0.000000 11.504125 1991.233057 1.637916 21.037948 -0.002265 
475 47.864783 0.000000 10.408794 1991.385397 1.837554 19.900049 -0.002407 
476 48.251336 0.000000 10.408794 1991.317590 1.853642 19.812536 -0.002338 
477 47.864783 0.000000 10.773904 1991.379220 1.762311 20.327210 -0.002405 
478 47.671506 0.000000 9.861129 1991.534445 0.000000 17.272409 -0.002531 
479 47.864783 0.000000 9.861129 1991.493352 0.000000 17.288859 -0.002490 
480 47.671506 0.000000 10.043684 1991.501543 0.000000 17.283101 -0.002498 
481 40.520276 0.000000 -0.179403 1991.227704 -0.013812 -0.007393 -0.002147 
482 40.520276 0.000000 -1.639843 1988.064790 -0.025993 15.530441 0.000973 
483 40.520276 0.000000 1.281038 1992.225316 -0.000000 -1.126547 -0.003152 
484 43.612700 0.000000 2.741479 1992.914852 -0.000000 4.049666 -0.003850 
485 42.066488 0.000000 2.741479 1993.093741 -0.000000 4.362991 -0.004031 
486 45.158912 0.000000 2.741479 1992.575068 0.000000 6.372537 -0.003514 
487 40.520276 0.000000 2.741479 1992.828267 -0.000000 4.624810 -0.003764 
488 38.974065 0.000000 2.741479 1992.223034 0.000000 4.184574 -0.003154 
489 40.520276 0.000000 4.201920 1993.039588 0.000000 8.266295 -0.003989 
490 40.520276 0.000000 -3.100284 1984.195325 -2.745809 11.186568 0.004885 
491 40.520276 0.000000 -4.560725 1983.959553 -2.468590 13.927666 0.005105 
492 42.066488 0.000000 -3.100284 1983.387809 -4.041846 11.190849 0.005693 
493 37.427853 0.000000 2.741479 1991.681077 0.000000 2.482234 -0.002605 
494 35.881641 0.000000 2.741479 1991.556023 0.000000 -0.183792 -0.002478 
495 37.427853 0.000000 4.201920 1992.398829 0.000000 5.840695 -0.003335 
496 34.335429 0.000000 2.741479 1991.497190 0.000000 -0.117657 -0.002418 
497 32.789217 0.000000 2.741479 1995.738135 0.787327 -4.220909 -0.006697 
498 34.335429 0.000000 4.201920 1991.564214 0.000000 -0.387081 -0.002486 
499 23.511946 0.000000 7.122802 2000.821207 0.339649 22.903414 -0.011959 
500 20.419523 0.000000 7.122802 2000.929735 0.240274 27.745282 -0.012131 
501 23.511946 0.000000 10.043684 1996.956957 0.322901 27.897310 -0.008119 
502 23.511946 0.000000 12.964566 1995.628660 0.270645 29.577165 -0.006803 
503 20.419523 0.000000 12.964566 1995.007395 0.213648 31.459508 -0.006205 
504 23.511946 0.000000 15.885447 1994.173299 0.234910 30.921001 -0.005356 
505 63.713454 0.000000 -13.323371 1988.193237 -0.994822 23.468651 0.000765 
506 63.713454 0.000000 -19.165134 1988.040747 -0.429993 27.096312 0.000873 
507 69.898301 0.000000 -13.323371 1988.473061 -0.919802 23.732996 0.000481 
508 54.436183 0.000000 -4.560725 1987.403510 -5.961041 13.838846 0.001641 
509 54.436183 0.000000 -7.481607 1987.457849 -3.089512 17.188459 0.001567 
510 57.528607 0.000000 -4.560725 1987.873997 -5.989856 13.143960 0.001173 
511 40.520276 0.000000 5.662361 1993.178268 0.000000 11.705960 -0.004146 
512 38.974065 0.000000 5.662361 1993.084315 0.000000 10.189772 -0.004043 
513 40.520276 0.000000 7.122802 1993.117745 0.000000 13.328497 -0.004095 
514 40.520276 0.000000 8.583243 1993.033555 0.000000 14.774498 -0.004021 
515 38.974065 0.000000 8.583243 1993.574584 1.493710 17.598580 -0.004590 
516 40.520276 0.000000 10.043684 1993.133563 1.372407 19.848605 -0.004166 
517 40.520276 0.000000 11.504125 1993.035278 1.119423 21.585077 -0.004085 
518 38.974065 0.000000 11.504125 1993.440202 1.013955 21.677291 -0.004494 
519 40.520276 0.000000 12.964566 1992.936178 1.002383 23.159953 -0.004003 
520 46.705124 0.000000 2.741479 1991.246765 3.658787 4.382019 -0.002175 
521 46.705124 0.000000 1.281038 1990.024669 2.570755 1.571346 -0.000939 
522 48.251336 0.000000 2.741479 1990.256840 3.521056 5.621728 -0.001181 
523 43.612700 0.000000 -3.100284 1983.741416 -5.677463 11.418427 0.005333 
524 43.612700 0.000000 -4.560725 1983.617748 -4.098546 13.400086 0.005448 
525 45.158912 0.000000 -3.100284 1984.737616 -6.990610 12.155084 0.004325 
526 17.327099 0.000000 7.122802 1999.663382 0.144138 32.597875 -0.010925 
527 14.234675 0.000000 7.122802 1995.984929 0.092652 35.650755 -0.007263 
528 17.327099 0.000000 10.043684 1995.929923 0.154312 32.784752 -0.007157 
529 17.327099 0.000000 12.964566 1994.374265 0.142186 33.231595 -0.005596 
530 14.234675 0.000000 12.964566 1993.413198 0.085609 34.567829 -0.004650 
531 17.327099 0.000000 15.885447 1993.310697 0.110539 33.464593 -0.004528 
532 37.427853 0.000000 5.662361 1992.872294 0.000000 8.676953 -0.003822 
533 35.881641 0.000000 5.662361 1994.098474 1.516236 11.386618 -0.005072 
534 37.427853 0.000000 7.122802 1993.949649 1.563583 14.780289 -0.004945 
535 37.427853 0.000000 8.583243 1994.059543 1.316785 17.718039 -0.005079 
536 35.881641 0.000000 8.583243 1994.592734 1.161871 17.689235 -0.005617 
537 37.427853 0.000000 10.043684 1993.886897 1.106768 20.101554 -0.004928 
538 37.427853 0.000000 11.504125 1993.802902 0.965695 21.944969 -0.004863 
539 35.881641 0.000000 11.504125 1994.116378 0.878646 22.314751 -0.005183 
540 37.427853 0.000000 12.964566 1993.611499 0.821826 23.570732 -0.004689 
541 46.705124 0.000000 -0.179403 1988.025900 13.052440 13.050144 0.000987 
542 46.705124 0.000000 -1.639843 1986.527386 -7.786100 16.885280 0.002491 
543 48.251336 0.000000 -0.179403 1987.062964 11.424202 15.804258 0.001944 
544 49.797547 0.000000 2.741479 1989.482344 3.757030 6.808993 -0.000406 
545 49.797547 0.000000 1.281038 1988.080610 2.141968 5.710999 0.001009 
546 51.343759 0.000000 2.741479 1988.922310 3.908563 7.872915 0.000152 
547 34.335429 0.000000 5.662361 1995.014205 1.270380 11.057522 -0.005993 
548 32.789217 0.000000 5.662361 1996.409547 1.112930 10.938919 -0.007400 
549 34.335429 0.000000 7.122802 1995.174782 1.169746 15.193811 -0.006183 
550 34.335429 0.000000 8.583243 1995.219009 1.067573 18.265013 -0.006253 
551 32.789217 0.000000 8.583243 1995.722254 0.946494 18.665521 -0.006765 
552 34.335429 0.000000 10.043684 1995.004646 0.921650 20.468325 -0.006059 
553 34.335429 0.000000 11.504125 1994.625757 0.786422 22.571485 -0.005699 
554 32.789217 0.000000 11.504125 1995.108089 0.711235 23.020482 -0.006191 
555 34.335429 0.000000 12.964566 1994.319813 0.661194 24.309466 -0.005411 
556 46.705124 0.000000 -3.100284 1985.522839 -7.665013 13.168315 0.003528 
557 46.705124 0.000000 -4.560725 1985.027305 -5.519697 13.571438 0.004030 
558 48.251336 0.000000 -3.100284 1986.076732 -7.998746 14.004053 0.002965 
1 79 97 95 96 
2 97 72 88 95 
3 95 88 5 98 
4 96 95 98 82 
5 7 101 99 100 
6 101 12 102 99 
7 99 102 10 25 
8 100 99 25 11 
9 11 105 103 104 
10 105 25 106 103 
11 103 106 23 41 
12 104 103 41 24 
13 24 109 107 108 
14 109 41 110 107 
15 107 110 39 57 
16 108 107 57 40 
17 40 113 111 112 
18 113 57 114 111 
19 111 114 55 73 
20 112 111 73 56 
21 56 117 115 116 
22 117 73 118 115 
23 72 121 119 120 
24 119 122 87 123 
25 120 119 123 88 
26 14 125 124 37 
27 125 8 126 124 
28 124 126 21 127 
29 37 124 127 19 
30 27 129 128 53 
31 129 14 130 128 
32 128 130 37 131 
33 53 128 131 35 
34 133 27 134 132 
35 132 134 53 135 
36 10 141 140 26 
37 141 13 142 140 
38 140 142 8 125 
39 26 140 125 14 
40 23 144 143 42 
41 144 26 145 143 
42 143 145 14 129 
43 42 143 129 27 
44 147 42 148 146 
45 146 148 27 133 
46 20 38 161 162 
47 38 19 163 161 
48 161 163 22 164 
49 162 161 164 9 
50 36 54 165 166 
51 54 35 167 165 
52 165 167 38 168 
53 166 165 168 20 
54 52 70 169 170 
55 70 51 171 169 
56 169 171 54 172 
57 170 169 172 36 
58 67 139 173 174 
59 139 69 175 173 
60 173 175 51 176 
61 174 173 176 70 
62 177 179 139 180 
63 178 177 180 67 
64 43 187 186 138 
65 187 133 188 186 
66 186 188 132 189 
67 138 186 189 69 
68 137 191 190 155 
69 191 43 192 190 
70 190 192 138 193 
71 155 190 193 136 
72 195 155 196 194 
73 194 196 136 197 
74 68 86 198 199 
75 86 67 174 198 
76 198 174 70 200 
77 199 198 200 52 
78 201 178 67 203 
79 202 201 203 86 
80 204 206 177 207 
81 205 204 207 178 
82 157 215 213 214 
83 215 153 182 213 
84 213 182 85 216 
85 214 213 216 160 
86 182 219 217 218 
87 219 181 209 217 
88 217 209 185 220 
89 218 217 220 85 
90 136 193 221 179 
91 193 138 222 221 
92 221 222 69 223 
93 179 221 223 139 
94 197 136 225 224 
95 224 225 179 226 
96 206 224 226 177 
97 227 229 206 230 
98 228 227 230 204 
99 209 233 231 232 
100 232 231 235 185 
101 238 149 239 236 
102 59 242 240 241 
103 242 154 243 240 
104 240 243 152 183 
105 241 240 183 153 
106 183 246 244 245 
107 246 152 247 244 
108 244 247 184 210 
109 245 244 210 181 
110 181 250 248 249 
111 250 210 251 248 
112 248 251 208 233 
113 249 248 233 209 
114 184 253 252 211 
115 253 194 254 252 
116 252 254 197 255 
117 211 252 255 156 
118 257 211 258 256 
119 256 258 156 259 
120 233 262 260 261 
121 262 208 263 260 
122 261 260 264 231 
123 73 268 267 118 
124 268 55 269 267 
125 266 272 270 271 
126 272 74 273 270 
127 270 273 237 274 
128 271 270 274 265 
129 17 277 275 276 
130 277 7 100 275 
131 275 100 11 33 
132 276 275 33 15 
133 33 280 278 279 
134 280 11 104 278 
135 278 104 24 49 
136 279 278 49 31 
137 49 283 281 282 
138 283 24 108 281 
139 281 108 40 65 
140 282 281 65 47 
141 65 286 284 285 
142 286 40 112 284 
143 284 112 56 81 
144 285 284 81 63 
145 81 289 287 288 
146 289 56 116 287 
147 287 116 72 97 
148 288 287 97 79 
149 116 292 290 291 
150 292 115 293 290 
151 290 293 89 121 
152 291 290 121 72 
153 89 295 294 122 
154 295 71 296 294 
155 294 296 90 297 
156 122 294 297 87 
157 121 300 298 299 
158 300 89 301 298 
159 298 301 122 302 
160 299 298 302 119 
161 16 305 303 304 
162 305 15 32 303 
163 303 32 18 306 
164 304 303 306 6 
165 32 309 307 308 
166 309 31 48 307 
167 307 48 34 310 
168 308 307 310 18 
169 48 313 311 312 
170 313 47 64 311 
171 311 64 50 314 
172 312 311 314 34 
173 64 317 315 316 
174 316 315 318 50 
175 6 306 319 320 
176 306 18 45 319 
177 319 45 28 321 
178 320 319 321 29 
179 18 310 322 323 
180 310 34 61 322 
181 322 61 44 324 
182 323 322 324 45 
183 34 314 325 326 
184 314 50 77 325 
185 325 77 60 327 
186 326 325 327 61 
187 50 318 328 329 
188 329 328 330 77 
189 315 333 331 332 
190 331 334 66 335 
191 332 331 335 318 
192 47 338 336 337 
193 338 65 285 336 
194 336 285 63 317 
195 337 336 317 64 
196 317 341 339 340 
197 341 63 342 339 
198 339 342 80 333 
199 340 339 333 315 
200 80 344 343 334 
201 344 79 96 343 
202 343 96 82 345 
203 334 343 345 66 
204 333 348 346 347 
205 348 80 349 346 
206 346 349 334 350 
207 347 346 350 331 
208 210 352 351 251 
209 352 184 353 351 
210 351 353 211 257 
211 251 351 257 208 
212 208 355 354 263 
213 355 257 356 354 
214 354 356 256 357 
215 263 354 357 234 
216 160 216 358 359 
217 216 85 205 358 
218 358 205 178 360 
219 359 358 360 201 
220 85 220 361 362 
221 220 185 228 361 
222 361 228 204 363 
223 362 361 363 205 
224 185 235 364 365 
225 235 212 366 364 
226 364 366 227 367 
227 365 364 367 228 
228 231 264 368 369 
229 264 234 370 368 
230 368 370 212 371 
231 369 368 371 235 
232 260 374 372 373 
233 374 263 375 372 
234 372 375 234 376 
235 373 372 376 264 
236 12 378 377 102 
237 378 2 379 377 
238 377 379 13 141 
239 102 377 141 10 
240 1 382 380 381 
241 382 17 276 380 
242 380 276 15 305 
243 381 380 305 16 
244 19 127 383 163 
245 127 21 384 383 
246 383 384 3 385 
247 163 383 385 22 
248 25 387 386 106 
249 387 10 388 386 
250 386 388 26 144 
251 106 386 144 23 
252 28 46 389 390 
253 46 20 162 389 
254 389 162 9 391 
255 390 389 391 30 
256 29 321 392 393 
257 321 28 390 392 
258 392 390 30 394 
259 393 392 394 4 
260 15 397 395 396 
261 397 33 279 395 
262 395 279 31 309 
263 396 395 309 32 
264 35 131 398 167 
265 131 37 399 398 
266 398 399 19 400 
267 167 398 400 38 
268 41 402 401 110 
269 402 23 403 401 
270 401 403 42 147 
271 110 401 147 39 
272 44 62 404 405 
273 62 36 166 404 
274 404 166 20 406 
275 405 404 406 46 
276 45 324 407 408 
277 324 44 405 407 
278 407 405 46 409 
279 408 407 409 28 
280 31 412 410 411 
281 412 49 282 410 
282 410 282 47 313 
283 411 410 313 48 
284 51 135 413 171 
285 135 53 414 413 
286 413 414 35 415 
287 171 413 415 54 
288 57 417 416 114 
289 417 39 418 416 
290 416 418 58 150 
291 114 416 150 55 
292 60 78 419 420 
293 78 52 170 419 
294 419 170 36 421 
295 420 419 421 62 
296 61 327 422 423 
297 327 60 420 422 
298 422 420 62 424 
299 423 422 424 44 
300 76 94 425 426 
301 94 68 199 425 
302 425 199 52 427 
303 426 425 427 78 
304 77 330 428 429 
305 330 76 426 428 
306 428 426 78 430 
307 429 428 430 60 
308 63 432 431 342 
309 432 81 288 431 
310 431 288 79 344 
311 342 431 344 80 
312 436 202 86 438 
313 437 436 438 68 
314 82 98 439 440 
315 98 5 434 439 
316 439 434 84 441 
317 440 439 441 92 
318 92 441 442 443 
319 441 84 437 442 
320 442 437 68 444 
321 443 442 444 94 
322 115 446 445 293 
323 446 118 447 445 
324 445 447 71 295 
325 293 445 295 89 
326 69 189 448 175 
327 189 132 449 448 
328 448 449 135 450 
329 175 448 450 51 
330 58 452 451 151 
331 452 146 453 451 
332 451 453 133 187 
333 151 451 187 43 
334 55 455 454 269 
335 455 150 456 454 
336 454 456 149 238 
337 149 458 457 239 
338 458 151 459 457 
339 457 459 43 191 
340 239 457 191 137 
341 154 461 460 243 
342 461 137 462 460 
343 460 462 155 195 
344 243 460 195 152 
345 159 465 463 464 
346 465 59 241 463 
347 463 241 153 215 
348 464 463 215 157 
349 153 468 466 467 
350 468 183 245 466 
351 466 245 181 219 
352 467 466 219 182 
353 152 470 469 247 
354 470 195 471 469 
355 469 471 194 253 
356 247 469 253 184 
357 156 255 472 229 
358 255 197 473 472 
359 472 473 224 474 
360 229 472 474 206 
361 212 259 475 366 
362 259 156 476 475 
363 475 476 229 477 
364 366 475 477 227 
365 234 357 478 370 
366 357 256 479 478 
367 478 479 259 480 
368 370 478 480 212 
369 71 482 481 296 
370 482 266 271 481 
371 481 271 265 483 
372 296 481 483 90 
373 265 274 484 485 
374 274 237 486 484 
375 484 486 59 465 
376 485 484 465 159 
377 90 483 487 488 
378 483 265 485 487 
379 487 485 159 489 
380 488 487 489 75 
381 118 491 490 447 
382 491 267 492 490 
383 490 492 266 482 
384 447 490 482 71 
385 87 297 493 494 
386 297 90 488 493 
387 493 488 75 495 
388 494 493 495 91 
389 88 123 496 497 
390 123 87 494 496 
391 496 494 91 498 
392 497 496 498 5 
393 66 345 499 500 
394 345 82 440 499 
395 499 440 92 501 
396 500 499 501 93 
397 93 501 502 503 
398 501 92 443 502 
399 502 443 94 504 
400 503 502 504 76 
401 39 506 505 418 
402 506 147 507 505 
403 505 507 146 452 
404 418 505 452 58 
405 150 509 508 456 
406 509 58 510 508 
407 508 510 151 458 
408 456 508 458 149 
409 75 489 511 512 
410 489 159 464 511 
411 511 464 157 513 
412 512 511 513 158 
413 158 513 514 515 
414 513 157 214 514 
415 514 214 160 516 
416 515 514 516 83 
417 83 516 517 518 
418 516 160 359 517 
419 517 359 201 519 
420 518 517 519 202 
421 237 521 520 486 
422 521 236 522 520 
423 520 522 154 242 
424 486 520 242 59 
425 267 524 523 492 
426 524 269 525 523 
427 523 525 74 272 
428 492 523 272 266 
429 318 335 526 527 
430 335 66 500 526 
431 526 500 93 528 
432 527 526 528 328 
433 328 528 529 530 
434 528 93 503 529 
435 529 503 76 531 
436 530 529 531 330 
437 91 495 532 533 
438 495 75 512 532 
439 532 512 158 534 
440 533 532 534 433 
441 433 534 535 536 
442 534 158 515 535 
443 535 515 83 537 
444 536 535 537 435 
445 435 537 538 539 
446 537 83 518 538 
447 538 518 202 540 
448 539 538 540 436 
449 74 542 541 273 
450 542 238 543 541 
451 541 543 236 521 
452 273 541 521 237 
453 236 545 544 522 
454 545 239 546 544 
455 544 546 137 461 
456 522 544 461 154 
457 5 498 547 548 
458 498 91 533 547 
459 547 533 433 549 
460 548 547 549 434 
461 434 549 550 551 
462 549 433 536 550 
463 550 536 435 552 
464 551 550 552 84 
465 84 552 553 554 
466 552 435 539 553 
467 553 539 436 555 
468 554 553 555 437 
469 269 557 556 525 
470 557 454 558 556 
471 556 558 238 542 
472 525 556 542 74 
