Force Coefficients for group 1 --> D:/School/EAE130SP_AVION7/OpenVSP/(UPDATED) total remodel circ. 3-6-25/A5_regeom 

      Time              Cx               Cy               Cz               Cxo              Cyo              Czo              Cxi              Cyi              Czi              Cmx              Cmy              Cmz             Cmxo            Cmyo              Cmzo             Cmxi             Cmyi             Cmzi              CL               CD               CS              CLo              CDo              CSo              CLi               CDi             CSi              Cwx              Cwy              Cwz              Cxiw             Cyiw             Cziw             CLw              CDw              CSw               CLiw            CDiw             CSiw
  1.000000000000   0.008010627856   0.000000051640   0.000032822560   0.008010627856   0.000000051640   0.000032822560   0.000000000000   0.000000000000   0.000000000000  -0.000000010341   0.000131626403   0.000000059272  -0.000000010341   0.000131626403   0.000000059272   0.000000000000   0.000000000000   0.000000000000  -0.000106987172   0.008009980631   0.000000051640  -0.000106987172   0.008009980631   0.000000051640   0.000000000000   0.000000000000   0.000000000000   0.008010627856   0.000000051640   0.000032822560   0.000000000000   0.000000000000   0.000000000000  -0.000106987172   0.008009980631   0.000000051640   0.000000000000   0.000000000000   0.000000000000 
  2.000000000000   0.006759170668   0.000171420142   0.111601485008   0.008122823772   0.000000027334   0.000034230935  -0.001363653103   0.000171392808   0.111567254072   0.000349134562  -0.281669872937   0.000172159044  -0.000000005419   0.000129819157  -0.000000175314   0.000349139981  -0.281799692094   0.000172334357   0.111466523767   0.008705855689   0.000171420142  -0.000107537100   0.008122184038   0.000000027334   0.111574060867   0.000583671651   0.000171392808   0.005565526623   0.000076221754   0.115975320714  -0.002557297149   0.000076194420   0.115941089779   0.115860525278   0.007588727400   0.000076221754   0.115968062379  -0.000533456638   0.000076194420 
  3.000000000000   0.007768986453  -0.000072861032   0.053028344211   0.008037767123   0.000000051853   0.000032838606  -0.000268780670  -0.000072912885   0.052995505605  -0.000045349775  -0.134547464654  -0.000101522251  -0.000000010340   0.000131761978   0.000000055389  -0.000045339434  -0.134679226632  -0.000101577640   0.052884680228   0.008693275415  -0.000072861032  -0.000107444774   0.008037116045   0.000000051853   0.052992125002   0.000656159370  -0.000072912885   0.008215952982  -0.000086244685   0.050963858287   0.000178185859  -0.000086296538   0.050931019680   0.050812708094   0.009104143621  -0.000086244685   0.050920152867   0.001067027576  -0.000086296538 
  4.000000000000   0.007958050525  -0.000203898376   0.042121605662   0.008036248835   0.000000052449   0.000032887860  -0.000078198311  -0.000203950825   0.042088717802  -0.000208277481  -0.102621276810  -0.000247371049  -0.000000008759   0.000131467157  -0.000000001840  -0.000208268722  -0.102752743968  -0.000247369210   0.041976303205   0.008691961857  -0.000203898376  -0.000107369030   0.008035598848   0.000000052449   0.042083672235   0.000656363009  -0.000203950825   0.007204418107  -0.000194190645   0.041291205918  -0.000831830728  -0.000194243094   0.041258318059   0.041159182635   0.007923951747  -0.000194190645   0.041266551665  -0.000111647101  -0.000194243094 
  5.000000000000   0.007371765029  -0.000173523433   0.069982839364   0.008063409228   0.000000055474   0.000033028166  -0.000691644199  -0.000173578906   0.069949811198  -0.000367716071  -0.169165766335  -0.000192290171  -0.000000016282   0.000131362098   0.000000407165  -0.000367699789  -0.169297128433  -0.000192697337   0.069843525599   0.008592011230  -0.000173523433  -0.000107702760   0.008062757552   0.000000055474   0.069951228359   0.000529253677  -0.000173578906   0.007813507144  -0.000082787374   0.067499807253  -0.000249902084  -0.000082842847   0.067466779087   0.067353162203   0.008990351179  -0.000082787374   0.067460864963   0.000927593627  -0.000082842847 
  6.000000000000   0.007631337397   0.000396213085   0.050837572628   0.008039705980   0.000000052480   0.000033013926  -0.000408368583   0.000396160605   0.050804558702  -0.000010974728  -0.120965242086   0.000370100025  -0.000000009949   0.000131383312   0.000000045983  -0.000010964779  -0.121096625398   0.000370054042   0.050696644618   0.008517413087   0.000396213085  -0.000107303319   0.008039057666   0.000000052480   0.050803947937   0.000478355421   0.000396160605   0.006931438313   0.000269963775   0.050765961146  -0.001108267667   0.000269911295   0.050732947220   0.050637258966   0.007816370809   0.000269963775   0.050744562285  -0.000222686857   0.000269911295 
  7.000000000000   0.007562407753  -0.000488497841   0.079708599367   0.008066485578   0.000000050721   0.000032981681  -0.000504077824  -0.000488548562   0.079675617685  -0.000049502888  -0.195118627796  -0.000637502393  -0.000000006527   0.000131487000  -0.000000250178  -0.000049496361  -0.195250114796  -0.000637252215   0.079564477147   0.008952362835  -0.000488497841  -0.000107802927   0.008065832623   0.000000050721   0.079672280074   0.000886530212  -0.000488548562   0.007614096971   0.000092373575   0.079688841202  -0.000452388607   0.000092322854   0.079655859520   0.079543819890   0.009003699352   0.000092373575   0.079651622817   0.000937866730   0.000092322854 
  8.000000000000   0.007109325507   0.000727762007   0.075750672381   0.008058459676   0.000000028197   0.000033196730  -0.000949134170   0.000727733809   0.075717475651   0.001527142509  -0.195073239446   0.000745996660   0.000000051017   0.000131055404  -0.000003513832   0.001527091492  -0.195204294851   0.000749510492   0.075615060349   0.008430274244   0.000727762007  -0.000107447840   0.008057811697   0.000000028197   0.075722508188   0.000372462548   0.000727733809   0.007268649668   0.000017959933   0.075223081962  -0.000789810008   0.000017931735   0.075189885233   0.075084769694   0.008580366418   0.000017959933   0.075192217534   0.000522554721   0.000017931735 
