2 0.000000 1989.093400 115197.572811
558 472 
1 -165.125896 0.000000 -182.734516 1988.770573 -0.000280 34.718776 0.000020 
2 230.704331 0.000000 -182.734516 1988.773957 -0.002847 34.592190 0.000019 
3 230.704331 0.000000 191.138357 1988.810165 0.000807 34.594482 -0.000018 
4 -165.125896 0.000000 191.138357 1988.810468 -0.000012 34.717821 -0.000020 
5 32.789217 0.000000 4.201920 1995.184643 3.333208 4.264746 -0.006141 
6 -165.125896 0.000000 4.201920 1988.792058 -0.000218 34.742312 -0.000002 
7 32.789217 0.000000 -182.734516 1988.730332 -0.001652 34.650433 0.000062 
8 230.704331 0.000000 4.201920 1989.178067 8.160044 12.552634 -0.000142 
9 32.789217 0.000000 191.138357 1988.847443 0.000540 34.654101 -0.000056 
10 131.746774 0.000000 -89.266298 1988.727636 -0.019408 34.212375 0.000072 
11 32.789217 0.000000 -89.266298 1988.548903 -0.003760 34.436869 0.000248 
12 131.746774 0.000000 -182.734516 1988.751974 -0.002538 34.602677 0.000041 
13 230.704331 0.000000 -89.266298 1988.781568 -0.019312 34.234599 0.000017 
14 131.746774 0.000000 4.201920 1989.168753 2.115613 13.402049 -0.000122 
15 -66.168339 0.000000 -89.266298 1988.705436 -0.001350 34.733247 0.000085 
16 -165.125896 0.000000 -89.266298 1988.771490 -0.000330 34.732039 0.000019 
17 -66.168339 0.000000 -182.734516 1988.747566 -0.000698 34.703367 0.000043 
18 -66.168339 0.000000 4.201920 1988.802318 0.000271 34.833286 -0.000014 
19 131.746774 0.000000 97.670139 1988.865120 0.009346 34.263878 -0.000067 
20 32.789217 0.000000 97.670139 1989.006739 0.054077 34.475534 -0.000213 
21 230.704331 0.000000 97.670139 1988.815237 0.009657 34.249545 -0.000017 
22 131.746774 0.000000 191.138357 1988.829707 0.000812 34.608640 -0.000038 
23 82.267996 0.000000 -42.532189 1988.591510 -0.222899 32.740726 0.000234 
24 32.789217 0.000000 -42.532189 1987.698822 -0.120506 33.503124 0.001118 
25 82.267996 0.000000 -89.266298 1988.639814 -0.061913 34.247635 0.000160 
26 131.746774 0.000000 -42.532189 1988.763273 -0.131860 32.805194 0.000060 
27 82.267996 0.000000 4.201920 1989.188844 2.030659 14.179566 -0.000148 
28 -66.168339 0.000000 97.670139 1988.873789 0.000589 34.726251 -0.000084 
29 -165.125896 0.000000 97.670139 1988.810882 -0.000060 34.730455 -0.000021 
30 -66.168339 0.000000 191.138357 1988.831800 0.000136 34.702482 -0.000041 
31 -16.689561 0.000000 -42.532189 1988.457349 -0.018070 34.745912 0.000334 
32 -66.168339 0.000000 -42.532189 1988.709028 -0.001083 34.791901 0.000080 
33 -16.689561 0.000000 -89.266298 1988.607819 -0.002565 34.662737 0.000185 
34 -16.689561 0.000000 4.201920 1988.903947 -0.027547 35.280361 -0.000124 
35 82.267996 0.000000 50.936029 1989.008690 0.024779 33.210654 -0.000194 
36 32.789217 0.000000 50.936029 1989.528231 0.002089 33.840621 -0.000727 
37 131.746774 0.000000 50.936029 1988.880646 0.074357 33.130747 -0.000064 
38 82.267996 0.000000 97.670139 1988.937712 0.037930 34.314745 -0.000141 
39 57.528607 0.000000 -19.165134 1987.813757 -0.899869 27.612236 0.001093 
40 32.789217 0.000000 -19.165134 1985.285503 -0.595685 29.552067 0.003604 
41 57.528607 0.000000 -42.532189 1988.179104 -0.156865 32.865954 0.000646 
42 82.267996 0.000000 -19.165134 1988.669835 -0.891334 28.199059 0.000225 
43 57.528607 0.000000 4.201920 1989.532120 1.682651 13.476387 -0.000488 
44 -16.689561 0.000000 50.936029 1989.099784 -0.000620 34.709406 -0.000311 
45 -66.168339 0.000000 50.936029 1988.880444 0.000791 34.778738 -0.000092 
46 -16.689561 0.000000 97.670139 1988.957132 0.002267 34.660163 -0.000167 
47 8.049828 0.000000 -19.165134 1986.555477 -0.096195 35.131908 0.002238 
48 -16.689561 0.000000 -19.165134 1988.413955 -0.029935 35.093844 0.000372 
49 8.049828 0.000000 -42.532189 1987.976924 -0.058225 34.431809 0.000823 
50 8.049828 0.000000 4.201920 1990.795531 -0.004497 38.129394 -0.002080 
51 57.528607 0.000000 27.568975 1989.805221 0.327995 30.245006 -0.000947 
52 32.789217 0.000000 27.568975 1991.120906 0.185871 31.779981 -0.002295 
53 82.267996 0.000000 27.568975 1989.130881 0.364057 30.287662 -0.000270 
54 57.528607 0.000000 50.936029 1989.298536 0.061723 33.327565 -0.000487 
55 45.158912 0.000000 -7.481607 1986.446195 -2.988058 18.020778 0.002576 
56 32.789217 0.000000 -7.481607 1982.616529 -1.863135 16.430934 0.006433 
57 45.158912 0.000000 -19.165134 1986.697125 -0.796308 27.925218 0.002211 
58 57.528607 0.000000 -7.481607 1988.202581 -3.340586 18.892012 0.000802 
59 45.158912 0.000000 4.201920 1990.537874 0.000000 11.518881 -0.001486 
60 8.049828 0.000000 27.568975 1990.372014 -0.000108 34.654681 -0.001590 
61 -16.689561 0.000000 27.568975 1989.209291 0.011951 34.963933 -0.000426 
62 8.049828 0.000000 50.936029 1989.425727 0.065761 34.456076 -0.000634 
63 20.419523 0.000000 -7.481607 1977.954287 -0.449117 28.553152 0.010963 
64 8.049828 0.000000 -7.481607 1986.216781 -0.076087 36.827364 0.002548 
65 20.419523 0.000000 -19.165134 1985.132314 -0.230308 32.824271 0.003707 
66 20.419523 0.000000 4.201920 2006.256445 0.284847 19.625105 -0.017429 
67 45.158912 0.000000 15.885447 1991.156707 1.031240 25.816330 -0.002244 
68 32.789217 0.000000 15.885447 1993.412418 0.663310 27.294652 -0.004536 
69 57.528607 0.000000 15.885447 1989.909041 1.153798 25.463525 -0.000984 
70 45.158912 0.000000 27.568975 1990.523421 0.253807 30.648432 -0.001676 
71 38.974065 0.000000 -1.639843 1987.575828 -0.058609 15.601608 0.001464 
72 32.789217 0.000000 -1.639843 1982.359460 -1.555170 -24.181733 0.006611 
73 38.974065 0.000000 -7.481607 1985.579426 -2.422883 17.253912 0.003453 
74 45.158912 0.000000 -1.639843 1987.496751 2.363332 15.466729 0.001543 
75 38.974065 0.000000 4.201920 1990.721695 0.000000 9.038541 -0.001659 
76 20.419523 0.000000 15.885447 1993.814970 0.215845 32.182780 -0.005015 
77 8.049828 0.000000 15.885447 1991.244323 0.032523 35.447569 -0.002481 
78 20.419523 0.000000 27.568975 1991.224929 0.089908 33.519741 -0.002428 
79 26.604370 0.000000 -1.639843 1987.591426 -0.549937 -47.994693 0.000927 
80 20.419523 0.000000 -1.639843 1955.418412 -0.432010 -4.788987 0.033567 
81 26.604370 0.000000 -7.481607 1978.890897 -1.103309 21.124350 0.010119 
82 26.604370 0.000000 4.201920 2003.269844 1.221484 8.500392 -0.014324 
83 38.974065 0.000000 10.043684 1992.759369 1.831220 20.308704 -0.003795 
84 32.789217 0.000000 10.043684 1994.888540 1.342738 21.333054 -0.005951 
85 45.158912 0.000000 10.043684 1991.364747 0.000000 18.759807 -0.002374 
86 38.974065 0.000000 15.885447 1992.146442 0.878778 26.260054 -0.003247 
87 35.881641 0.000000 1.281038 1985.785152 0.000000 -10.578575 0.003295 
88 32.789217 0.000000 1.281038 1992.936755 4.617673 -20.114860 -0.003976 
89 35.881641 0.000000 -1.639843 1987.503435 -0.741044 15.625831 0.001536 
90 38.974065 0.000000 1.281038 1987.157176 -0.000000 -1.332119 0.001945 
91 35.881641 0.000000 4.201920 1989.862177 0.000000 2.732770 -0.000775 
92 26.604370 0.000000 10.043684 1996.877965 0.698655 24.932424 -0.008000 
93 20.419523 0.000000 10.043684 1996.615920 0.281385 30.292733 -0.007810 
94 26.604370 0.000000 15.885447 1994.008700 0.413211 29.443330 -0.005168 
95 29.696794 0.000000 1.281038 1987.377958 -0.554859 -48.303740 0.001134 
96 26.604370 0.000000 1.281038 1987.880678 -0.568724 -47.943909 0.000638 
97 29.696794 0.000000 -1.639843 1987.377958 -0.554859 -48.303740 0.001134 
98 29.696794 0.000000 4.201920 1999.875912 2.125840 5.611196 -0.010880 
99 82.267996 0.000000 -136.000407 1988.704542 -0.005117 34.531504 0.000090 
100 32.789217 0.000000 -136.000407 1988.681426 -0.003586 34.597330 0.000112 
101 82.267996 0.000000 -182.734516 1988.738054 -0.002170 34.621141 0.000054 
102 131.746774 0.000000 -136.000407 1988.738516 -0.005863 34.501705 0.000056 
103 57.528607 0.000000 -65.899244 1988.518756 -0.040312 33.964231 0.000286 
104 32.789217 0.000000 -65.899244 1988.410255 -0.018437 34.204676 0.000391 
105 57.528607 0.000000 -89.266298 1988.586654 -0.006424 34.320284 0.000212 
106 82.267996 0.000000 -65.899244 1988.606109 -0.026223 33.841288 0.000200 
107 45.158912 0.000000 -30.848662 1987.334803 -0.245442 31.542740 0.001516 
108 32.789217 0.000000 -30.848662 1986.801868 -0.164060 32.431274 0.002037 
109 45.158912 0.000000 -42.532189 1987.916688 -0.159647 33.118496 0.000906 
110 57.528607 0.000000 -30.848662 1987.946830 -0.286532 31.210375 0.000906 
111 38.974065 0.000000 -13.323371 1985.285370 -1.386410 24.586998 0.003672 
112 32.789217 0.000000 -13.323371 1983.796143 -1.065782 25.503599 0.005155 
113 38.974065 0.000000 -19.165134 1986.013599 -0.801866 28.684724 0.002886 
114 45.158912 0.000000 -13.323371 1986.540238 -1.567375 24.451600 0.002414 
115 35.881641 0.000000 -4.560725 1986.871430 -2.184842 6.969322 0.002219 
116 32.789217 0.000000 -4.560725 1982.487551 -2.071961 4.738816 0.006624 
117 35.881641 0.000000 -7.481607 1984.545737 -2.157163 16.285640 0.004499 
118 38.974065 0.000000 -4.560725 1987.199222 -2.455403 10.942627 0.001872 
119 34.335429 0.000000 -0.179403 1984.394495 1.054799 -39.528557 0.004324 
120 32.789217 0.000000 -0.179403 1986.538234 2.586899 -45.769603 0.002036 
121 34.335429 0.000000 -1.639843 1987.564528 -1.245528 -25.534147 0.001371 
122 35.881641 0.000000 -0.179403 1983.732114 -0.400713 2.072436 0.005382 
123 34.335429 0.000000 1.281038 1988.397994 0.000000 -17.393613 0.000623 
124 181.225553 0.000000 50.936029 1988.841489 0.078071 33.101645 -0.000024 
125 181.225553 0.000000 4.201920 1988.950031 -6.518230 25.634924 -0.000033 
126 230.704331 0.000000 50.936029 1988.829768 0.082071 33.062121 -0.000011 
127 181.225553 0.000000 97.670139 1988.830292 0.009506 34.253798 -0.000032 
128 107.007385 0.000000 27.568975 1988.944849 0.388708 30.288506 -0.000083 
129 107.007385 0.000000 4.201920 1989.162067 4.745495 13.895614 -0.000124 
130 131.746774 0.000000 27.568975 1988.909643 0.442096 30.222068 -0.000046 
131 107.007385 0.000000 50.936029 1988.928304 0.077979 33.151153 -0.000112 
132 69.898301 0.000000 15.885447 1989.339537 1.219983 25.665176 -0.000414 
133 69.898301 0.000000 4.201920 1989.258071 2.099641 14.048205 -0.000217 
134 82.267996 0.000000 15.885447 1989.126091 1.286297 25.804754 -0.000202 
135 69.898301 0.000000 27.568975 1989.329941 0.364619 30.299630 -0.000470 
136 51.343759 0.000000 10.043684 1990.457920 3.828935 20.675018 -0.001484 
137 51.343759 0.000000 4.201920 1990.061408 1.490830 13.192978 -0.001018 
138 57.528607 0.000000 10.043684 1989.793140 4.224114 20.849918 -0.000818 
139 51.343759 0.000000 15.885447 1990.362890 1.069397 25.565389 -0.001442 
140 181.225553 0.000000 -42.532189 1988.799831 -0.132954 32.892660 0.000022 
141 181.225553 0.000000 -89.266298 1988.765917 -0.019521 34.221215 0.000033 
142 230.704331 0.000000 -42.532189 1988.810530 -0.126815 32.965731 0.000010 
143 107.007385 0.000000 -19.165134 1988.828266 -0.903323 28.479765 0.000061 
144 107.007385 0.000000 -42.532189 1988.717102 -0.125534 32.759377 0.000107 
145 131.746774 0.000000 -19.165134 1988.863885 -0.812513 28.692516 0.000023 
146 69.898301 0.000000 -7.481607 1988.770262 -3.342299 19.813667 0.000223 
147 69.898301 0.000000 -19.165134 1988.426124 -0.909247 27.917351 0.000474 
148 82.267996 0.000000 -7.481607 1988.923233 -3.254794 20.423045 0.000063 
149 51.343759 0.000000 -1.639843 1987.942481 0.055329 10.069851 0.001131 
150 51.343759 0.000000 -7.481607 1987.592217 -3.228398 18.653735 0.001418 
151 57.528607 0.000000 -1.639843 1988.491708 -0.584289 9.205089 0.000583 
152 48.251336 0.000000 7.122802 1990.820790 0.000000 18.094540 -0.001820 
153 45.158912 0.000000 7.122802 1991.217362 0.000000 17.203128 -0.002212 
154 48.251336 0.000000 4.201920 1990.377301 1.591325 12.948753 -0.001334 
155 51.343759 0.000000 7.122802 1990.263422 1.247242 17.409186 -0.001254 
156 48.251336 0.000000 10.043684 1990.772946 0.000000 19.262362 -0.001783 
157 42.066488 0.000000 7.122802 1991.620965 0.000000 16.188145 -0.002609 
158 38.974065 0.000000 7.122802 1991.612916 0.000000 12.982094 -0.002578 
159 42.066488 0.000000 4.201920 1990.728176 -0.000000 10.745550 -0.001674 
160 42.066488 0.000000 10.043684 1991.571620 0.000000 18.614791 -0.002581 
161 82.267996 0.000000 144.404248 1988.872526 0.002144 34.548549 -0.000080 
162 32.789217 0.000000 144.404248 1988.890824 0.001611 34.607476 -0.000099 
163 131.746774 0.000000 144.404248 1988.845149 0.002381 34.517213 -0.000052 
164 82.267996 0.000000 191.138357 1988.841384 0.000726 34.627049 -0.000050 
165 57.528607 0.000000 74.303084 1989.077826 0.027042 34.098316 -0.000278 
166 32.789217 0.000000 74.303084 1989.151651 0.011388 34.295730 -0.000356 
167 82.267996 0.000000 74.303084 1988.984773 0.015600 33.996044 -0.000183 
168 57.528607 0.000000 97.670139 1988.980743 0.054572 34.378527 -0.000185 
169 45.158912 0.000000 39.252502 1989.877576 0.138676 32.683998 -0.001059 
170 32.789217 0.000000 39.252502 1990.162149 0.124843 33.257008 -0.001354 
171 57.528607 0.000000 39.252502 1989.511627 0.133421 32.426014 -0.000686 
172 45.158912 0.000000 50.936029 1989.441855 0.082703 33.538708 -0.000635 
173 51.343759 0.000000 21.727211 1990.203930 0.583308 28.565316 -0.001323 
174 45.158912 0.000000 21.727211 1990.760853 0.506556 28.832069 -0.001887 
175 57.528607 0.000000 21.727211 1989.896464 0.594249 28.359419 -0.001011 
176 51.343759 0.000000 27.568975 1990.135574 0.297702 30.387820 -0.001282 
177 48.251336 0.000000 12.964566 1990.839409 1.569329 23.502575 -0.001897 
178 45.158912 0.000000 12.964566 1991.232754 1.481952 23.697472 -0.002295 
179 51.343759 0.000000 12.964566 1990.439887 1.585452 23.397935 -0.001493 
180 48.251336 0.000000 15.885447 1990.819820 1.032652 25.518693 -0.001902 
181 46.705124 0.000000 8.583243 1990.972021 0.000000 18.606654 -0.001977 
182 45.158912 0.000000 8.583243 1991.269364 0.000000 18.606671 -0.002277 
183 46.705124 0.000000 7.122802 1990.932651 -0.000000 17.093344 -0.001924 
184 48.251336 0.000000 8.583243 1990.718074 0.000000 19.322948 -0.001729 
185 46.705124 0.000000 10.043684 1991.023569 -0.000000 19.003358 -0.002033 
186 63.713454 0.000000 10.043684 1989.487108 4.630313 20.949540 -0.000512 
187 63.713454 0.000000 4.201920 1989.330584 1.997026 13.969520 -0.000289 
188 69.898301 0.000000 10.043684 1989.303636 5.477037 21.099614 -0.000332 
189 63.713454 0.000000 15.885447 1989.570124 1.202124 25.516610 -0.000644 
190 54.436183 0.000000 7.122802 1989.927436 1.389528 17.471250 -0.000916 
191 54.436183 0.000000 4.201920 1989.747154 1.490058 13.405190 -0.000703 
192 57.528607 0.000000 7.122802 1989.702247 1.590020 17.527694 -0.000691 
193 54.436183 0.000000 10.043684 1990.067962 4.014106 20.776189 -0.001093 
194 49.797547 0.000000 8.583243 1990.699860 0.000000 19.349238 -0.001711 
195 49.797547 0.000000 7.122802 1990.418830 1.188820 17.451818 -0.001410 
196 51.343759 0.000000 8.583243 1990.334666 1.782907 19.173107 -0.001342 
197 49.797547 0.000000 10.043684 1990.587968 3.751019 20.724994 -0.001615 
198 38.974065 0.000000 21.727211 1991.410762 0.456480 29.431083 -0.002550 
199 32.789217 0.000000 21.727211 1992.081752 0.378960 30.410762 -0.003241 
200 38.974065 0.000000 27.568975 1990.740692 0.231741 31.157278 -0.001902 
201 42.066488 0.000000 12.964566 1991.825730 1.374434 23.653314 -0.002891 
202 38.974065 0.000000 12.964566 1992.604801 1.251956 23.777796 -0.003677 
203 42.066488 0.000000 15.885447 1991.626690 0.940904 25.924746 -0.002719 
204 46.705124 0.000000 11.504125 1991.025794 1.986666 22.346225 -0.002071 
205 45.158912 0.000000 11.504125 1991.316234 1.914249 22.184588 -0.002362 
206 48.251336 0.000000 11.504125 1990.831640 2.020133 22.264176 -0.001875 
207 46.705124 0.000000 12.964566 1991.023534 1.512450 23.599351 -0.002083 
208 47.478230 0.000000 9.313463 1990.861622 0.000000 20.004277 -0.001880 
209 46.705124 0.000000 9.313463 1991.011763 0.000000 19.627874 -0.002027 
210 47.478230 0.000000 8.583243 1990.863957 0.000000 18.896641 -0.001871 
211 48.251336 0.000000 9.313463 1990.725305 -0.000000 19.932805 -0.001742 
212 47.478230 0.000000 10.043684 1990.852757 0.000000 19.156567 -0.001863 
213 43.612700 0.000000 8.583243 1991.530459 0.000000 18.430504 -0.002538 
214 42.066488 0.000000 8.583243 1991.605977 0.000000 17.383046 -0.002604 
215 43.612700 0.000000 7.122802 1991.411402 0.000000 16.645098 -0.002402 
216 43.612700 0.000000 10.043684 1991.510291 0.000000 18.635486 -0.002519 
217 45.932018 0.000000 9.313463 1991.198141 -0.000000 19.591378 -0.002214 
218 45.158912 0.000000 9.313463 1991.285497 0.000000 19.705914 -0.002303 
219 45.932018 0.000000 8.583243 1991.130845 -0.000000 18.505261 -0.002136 
220 45.932018 0.000000 10.043684 1991.163718 -0.000000 18.890250 -0.002173 
221 54.436183 0.000000 12.964566 1990.120940 1.653910 23.387137 -0.001172 
222 57.528607 0.000000 12.964566 1989.813684 1.703533 23.526769 -0.000865 
223 54.436183 0.000000 15.885447 1990.103070 1.116194 25.489892 -0.001180 
224 49.797547 0.000000 11.504125 1990.683021 2.072605 22.102997 -0.001724 
225 51.343759 0.000000 11.504125 1990.501152 2.086822 22.032966 -0.001540 
226 49.797547 0.000000 12.964566 1990.681758 1.550126 23.326087 -0.001736 
227 47.478230 0.000000 10.773904 1990.838193 2.443787 21.669734 -0.001875 
228 46.705124 0.000000 10.773904 1990.953374 2.436508 21.670008 -0.001991 
229 48.251336 0.000000 10.773904 1990.839066 2.469805 21.562423 -0.001875 
230 47.478230 0.000000 11.504125 1990.906445 1.999528 22.327756 -0.001951 
231 47.091677 0.000000 9.678574 1990.858078 -0.000000 20.249232 -0.001879 
232 46.705124 0.000000 9.678574 1990.982940 -0.000000 20.033633 -0.002002 
233 47.091677 0.000000 9.313463 1990.931289 0.000000 19.913799 -0.001949 
234 47.478230 0.000000 9.678574 1990.800834 0.000000 20.179361 -0.001820 
235 47.091677 0.000000 10.043684 1990.932642 -0.000000 19.076427 -0.001942 
236 48.251336 0.000000 1.281038 1989.315393 3.978403 5.465174 -0.000235 
237 45.158912 0.000000 1.281038 1989.067437 4.241306 2.941434 0.000019 
238 48.251336 0.000000 -1.639843 1987.856074 0.076845 10.591063 0.001215 
239 51.343759 0.000000 1.281038 1989.251139 3.122209 7.456068 -0.000175 
240 46.705124 0.000000 5.662361 1990.898251 0.000000 15.689650 -0.001878 
241 45.158912 0.000000 5.662361 1990.963336 0.000000 14.466921 -0.001934 
242 46.705124 0.000000 4.201920 1990.533020 0.000000 11.481929 -0.001481 
243 48.251336 0.000000 5.662361 1990.799797 0.000000 16.850764 -0.001788 
244 47.478230 0.000000 7.853022 1990.833240 0.000000 18.137463 -0.001833 
245 46.705124 0.000000 7.853022 1990.956052 0.000000 17.990803 -0.001956 
246 47.478230 0.000000 7.122802 1990.862287 0.000000 17.483376 -0.001857 
247 48.251336 0.000000 7.853022 1990.805766 0.000000 18.626165 -0.001810 
248 47.091677 0.000000 8.948353 1990.929901 0.000000 19.215193 -0.001941 
249 46.705124 0.000000 8.948353 1990.983340 0.000000 19.163959 -0.001994 
250 47.091677 0.000000 8.583243 1990.920128 0.000000 18.839836 -0.001927 
251 47.478230 0.000000 8.948353 1990.882334 0.000000 19.161160 -0.001892 
252 49.024441 0.000000 9.313463 1990.742176 0.000000 19.290868 -0.001753 
253 49.024441 0.000000 8.583243 1990.754917 0.000000 19.282380 -0.001765 
254 49.797547 0.000000 9.313463 1990.689333 0.000000 19.356291 -0.001700 
255 49.024441 0.000000 10.043684 1990.688513 0.000000 19.361287 -0.001699 
256 47.864783 0.000000 9.678574 1990.802596 0.000000 20.021181 -0.001821 
257 47.864783 0.000000 9.313463 1990.806005 0.000000 20.074429 -0.001825 
258 48.251336 0.000000 9.678574 1990.808337 0.000000 19.206531 -0.001818 
259 47.864783 0.000000 10.043684 1990.820948 0.000000 19.189815 -0.001831 
260 47.284953 0.000000 9.496019 1990.851372 -0.000000 20.276604 -0.001872 
261 47.091677 0.000000 9.496019 1990.894415 -0.000000 20.273480 -0.001916 
262 47.284953 0.000000 9.313463 1990.892976 0.000000 19.933177 -0.001911 
263 47.478230 0.000000 9.496019 1990.828377 0.000000 20.269608 -0.001849 
264 47.284953 0.000000 9.678574 1990.821351 0.000000 20.239151 -0.001842 
265 42.066488 0.000000 1.281038 1988.777282 0.000000 1.091264 0.000318 
266 42.066488 0.000000 -1.639843 1987.464594 1.208973 15.501822 0.001576 
267 42.066488 0.000000 -4.560725 1986.560711 -2.930933 12.625816 0.002502 
268 42.066488 0.000000 -7.481607 1985.980951 -2.726932 17.767859 0.003045 
269 45.158912 0.000000 -4.560725 1986.878912 -3.322524 13.481607 0.002177 
270 43.612700 0.000000 -0.179403 1987.853184 0.673749 8.147385 0.001230 
271 42.066488 0.000000 -0.179403 1987.913557 0.182268 4.990205 0.001180 
272 43.612700 0.000000 -1.639843 1987.469126 1.957696 15.473578 0.001571 
273 45.158912 0.000000 -0.179403 1988.025022 9.795711 11.957058 0.001014 
274 43.612700 0.000000 1.281038 1988.630936 0.000000 1.916877 0.000464 
275 -16.689561 0.000000 -136.000407 1988.695459 -0.001987 34.669755 0.000096 
276 -66.168339 0.000000 -136.000407 1988.728991 -0.001018 34.709212 0.000062 
277 -16.689561 0.000000 -182.734516 1988.734807 -0.001113 34.681460 0.000057 
278 8.049828 0.000000 -65.899244 1988.433355 -0.027878 34.501459 0.000363 
279 -16.689561 0.000000 -65.899244 1988.527828 -0.002919 34.684191 0.000265 
280 8.049828 0.000000 -89.266298 1988.560566 -0.067144 34.568185 0.000234 
281 20.419523 0.000000 -30.848662 1986.822932 -0.109102 33.699409 0.001995 
282 8.049828 0.000000 -30.848662 1987.424391 -0.048240 34.590642 0.001375 
283 20.419523 0.000000 -42.532189 1987.739316 -0.061662 34.048629 0.001068 
284 26.604370 0.000000 -13.323371 1982.676545 -0.663762 28.103373 0.006242 
285 20.419523 0.000000 -13.323371 1982.973679 -0.359115 31.596486 0.005891 
286 26.604370 0.000000 -19.165134 1984.906489 -0.393127 31.098402 0.003961 
287 29.696794 0.000000 -4.560725 1977.947627 -1.845152 6.124705 0.011165 
288 26.604370 0.000000 -4.560725 1974.992731 -1.353196 10.326382 0.014100 
289 29.696794 0.000000 -7.481607 1980.328855 -1.503404 17.963580 0.008711 
290 34.335429 0.000000 -3.100284 1986.541835 -1.812314 -5.662883 0.002555 
291 32.789217 0.000000 -3.100284 1982.577435 -1.924341 -6.590527 0.006529 
292 34.335429 0.000000 -4.560725 1984.899838 -2.110283 5.361882 0.004204 
293 35.881641 0.000000 -3.100284 1990.737608 -1.757553 -1.568271 -0.001655 
294 37.427853 0.000000 -0.179403 1982.794261 -0.103179 0.782718 0.006323 
295 37.427853 0.000000 -1.639843 1987.692584 -0.551898 15.639919 0.001346 
296 38.974065 0.000000 -0.179403 1985.908417 -0.018300 5.035743 0.003193 
297 37.427853 0.000000 1.281038 1985.913821 0.000000 -4.717535 0.003189 
298 35.108535 0.000000 -0.909623 1986.713419 -0.352929 3.914735 0.002388 
299 34.335429 0.000000 -0.909623 1984.184270 1.652825 -47.984820 0.004347 
300 35.108535 0.000000 -1.639843 1987.435463 -0.770527 15.618374 0.001605 
301 35.881641 0.000000 -0.909623 1987.182971 -0.704129 14.398267 0.001867 
302 35.108535 0.000000 -0.179403 1982.927775 0.350847 -23.348615 0.006052 
303 -115.647118 0.000000 -42.532189 1988.764471 -0.000553 34.756283 0.000025 
304 -165.125896 0.000000 -42.532189 1988.779338 -0.000297 34.739485 0.000011 
305 -115.647118 0.000000 -89.266298 1988.752508 -0.000620 34.736799 0.000038 
306 -115.647118 0.000000 4.201920 1988.794092 -0.000209 34.766213 -0.000005 
307 -41.428950 0.000000 -19.165134 1988.683649 -0.004534 34.896786 0.000104 
308 -66.168339 0.000000 -19.165134 1988.745159 -0.002907 34.825004 0.000044 
309 -41.428950 0.000000 -42.532189 1988.627921 -0.011879 34.812057 0.000162 
310 -41.428950 0.000000 4.201920 1988.818107 -0.004635 34.904052 -0.000031 
311 -4.319866 0.000000 -7.481607 1988.236979 -0.050425 35.810658 0.000537 
312 -16.689561 0.000000 -7.481607 1988.605697 -0.038714 35.252124 0.000176 
313 -4.319866 0.000000 -19.165134 1987.914295 -0.064375 35.248328 0.000871 
314 -4.319866 0.000000 4.201920 1989.129000 -0.034362 35.936518 -0.000362 
315 14.234675 0.000000 -1.639843 1979.427749 -0.104665 45.369705 0.009175 
316 8.049828 0.000000 -1.639843 1987.798057 -0.043439 38.552451 0.000926 
317 14.234675 0.000000 -7.481607 1982.285995 -0.181941 35.423183 0.006516 
318 14.234675 0.000000 4.201920 1998.668952 0.044999 38.930559 -0.010034 
319 -115.647118 0.000000 50.936029 1988.821260 -0.000086 34.752679 -0.000032 
320 -165.125896 0.000000 50.936029 1988.804187 -0.000127 34.738290 -0.000014 
321 -115.647118 0.000000 97.670139 1988.829892 0.000023 34.733391 -0.000040 
322 -41.428950 0.000000 27.568975 1988.934533 -0.005334 34.866288 -0.000148 
323 -66.168339 0.000000 27.568975 1988.854221 0.004221 34.814644 -0.000066 
324 -41.428950 0.000000 50.936029 1988.962316 0.028201 34.785810 -0.000174 
325 -4.319866 0.000000 15.885447 1989.662607 -0.034272 35.420876 -0.000890 
326 -16.689561 0.000000 15.885447 1989.138107 -0.019799 35.142269 -0.000357 
327 -4.319866 0.000000 27.568975 1989.609824 -0.017145 34.932034 -0.000828 
328 14.234675 0.000000 10.043684 1994.283276 0.090993 34.744072 -0.005530 
329 8.049828 0.000000 10.043684 1991.510228 0.018566 36.224957 -0.002763 
330 14.234675 0.000000 15.885447 1992.539300 0.082884 34.348646 -0.003766 
331 17.327099 0.000000 1.281038 2033.602206 0.067734 22.201992 -0.045378 
332 14.234675 0.000000 1.281038 1996.287812 -0.020990 49.544460 -0.007867 
333 17.327099 0.000000 -1.639843 1957.584010 -0.209910 30.789849 0.031192 
334 20.419523 0.000000 1.281038 2035.049573 -0.517608 -49.584882 -0.047363 
335 17.327099 0.000000 4.201920 2006.647065 0.119013 30.838456 -0.017968 
336 14.234675 0.000000 -13.323371 1984.528734 -0.158649 34.475213 0.004284 
337 8.049828 0.000000 -13.323371 1986.246386 -0.077642 35.743490 0.002538 
338 14.234675 0.000000 -19.165134 1985.694225 -0.147334 34.385501 0.003116 
339 17.327099 0.000000 -4.560725 1974.310381 -0.254456 32.051756 0.014549 
340 14.234675 0.000000 -4.560725 1980.484724 -0.158199 37.262203 0.008286 
341 17.327099 0.000000 -7.481607 1979.775906 -0.292860 32.613626 0.009078 
342 20.419523 0.000000 -4.560725 1971.853530 -0.463498 21.755334 0.017140 
343 23.511946 0.000000 1.281038 1988.627601 -0.601792 -47.871548 -0.000111 
344 23.511946 0.000000 -1.639843 1968.648245 -0.858389 -14.801729 0.020396 
345 23.511946 0.000000 4.201920 2003.825914 0.618919 13.838138 -0.014917 
346 18.873311 0.000000 -0.179403 2140.029130 -0.295884 -53.680520 -0.158250 
347 17.327099 0.000000 -0.179403 1940.851205 -0.194638 14.109768 0.047868 
348 18.873311 0.000000 -1.639843 1952.383315 -0.308687 14.518582 0.036517 
349 20.419523 0.000000 -0.179403 2038.640522 -0.532781 -49.660668 -0.051063 
350 18.873311 0.000000 1.281038 2178.964168 -0.214113 -55.250250 -0.200795 
351 47.864783 0.000000 8.948353 1990.811990 0.000000 19.206167 -0.001822 
352 47.864783 0.000000 8.583243 1990.793927 -0.000000 19.127600 -0.001803 
353 48.251336 0.000000 8.948353 1990.775961 0.000000 19.248824 -0.001786 
354 47.671506 0.000000 9.496019 1990.810149 0.000000 20.269879 -0.001831 
355 47.671506 0.000000 9.313463 1990.828407 0.000000 19.977976 -0.001846 
356 47.864783 0.000000 9.496019 1990.797790 0.000000 20.266540 -0.001818 
357 47.671506 0.000000 9.678574 1990.801195 0.000000 20.107719 -0.001820 
358 43.612700 0.000000 11.504125 1991.653057 1.791785 22.178338 -0.002700 
359 42.066488 0.000000 11.504125 1991.989035 1.680154 22.140423 -0.003038 
360 43.612700 0.000000 12.964566 1991.537839 1.425274 23.573113 -0.002600 
361 45.932018 0.000000 10.773904 1991.047355 2.394199 21.646594 -0.002086 
362 45.158912 0.000000 10.773904 1991.314059 2.310542 21.414426 -0.002351 
363 45.932018 0.000000 11.504125 1991.090397 1.947575 22.429221 -0.002137 
364 47.091677 0.000000 10.408794 1990.952870 0.000000 19.018548 -0.001962 
365 46.705124 0.000000 10.408794 1991.009345 0.000000 18.947783 -0.002018 
366 47.478230 0.000000 10.408794 1990.835965 2.861603 21.303690 -0.001870 
367 47.091677 0.000000 10.773904 1990.894406 2.442712 21.665034 -0.001932 
368 47.284953 0.000000 9.861129 1990.881724 0.000000 19.134390 -0.001891 
369 47.091677 0.000000 9.861129 1990.889468 0.000000 19.126094 -0.001899 
370 47.478230 0.000000 9.861129 1990.852355 0.000000 19.156956 -0.001862 
371 47.284953 0.000000 10.043684 1990.877021 0.000000 19.126874 -0.001887 
372 47.381591 0.000000 9.587296 1990.809976 0.000000 20.278255 -0.001831 
373 47.284953 0.000000 9.587296 1990.801978 -0.000000 20.324175 -0.001823 
374 47.381591 0.000000 9.496019 1990.841454 -0.000000 20.285284 -0.001862 
375 47.478230 0.000000 9.587296 1990.803079 0.000000 20.281323 -0.001824 
376 47.381591 0.000000 9.678574 1990.818790 0.000000 20.182774 -0.001839 
377 181.225553 0.000000 -136.000407 1988.761665 -0.006208 34.494868 0.000033 
378 181.225553 0.000000 -182.734516 1988.764771 -0.002746 34.594500 0.000028 
379 230.704331 0.000000 -136.000407 1988.774813 -0.006309 34.496293 0.000020 
380 -115.647118 0.000000 -136.000407 1988.754436 -0.000542 34.722192 0.000036 
381 -165.125896 0.000000 -136.000407 1988.769326 -0.000317 34.724387 0.000021 
382 -115.647118 0.000000 -182.734516 1988.760707 -0.000435 34.714466 0.000030 
383 181.225553 0.000000 144.404248 1988.824792 0.002405 34.505408 -0.000031 
384 230.704331 0.000000 144.404248 1988.812670 0.002393 34.501357 -0.000019 
385 181.225553 0.000000 191.138357 1988.818499 0.000823 34.598929 -0.000026 
386 107.007385 0.000000 -65.899244 1988.688856 -0.049235 33.822382 0.000118 
387 107.007385 0.000000 -89.266298 1988.691214 -0.018808 34.217750 0.000108 
388 131.746774 0.000000 -65.899244 1988.733095 -0.044578 33.823040 0.000073 
389 -16.689561 0.000000 144.404248 1988.877843 0.000723 34.670171 -0.000087 
390 -66.168339 0.000000 144.404248 1988.849572 0.000253 34.706735 -0.000059 
391 -16.689561 0.000000 191.138357 1988.843196 0.000313 34.682198 -0.000052 
392 -115.647118 0.000000 144.404248 1988.826412 0.000046 34.720050 -0.000036 
393 -165.125896 0.000000 144.404248 1988.812161 -0.000025 34.723041 -0.000022 
394 -115.647118 0.000000 191.138357 1988.819782 0.000035 34.713289 -0.000029 
395 -41.428950 0.000000 -65.899244 1988.634754 -0.001538 34.746006 0.000156 
396 -66.168339 0.000000 -65.899244 1988.699349 -0.001215 34.757687 0.000091 
397 -41.428950 0.000000 -89.266298 1988.662085 -0.002048 34.713513 0.000129 
398 107.007385 0.000000 74.303084 1988.916888 0.058590 33.951466 -0.000114 
399 131.746774 0.000000 74.303084 1988.873900 0.022759 33.936493 -0.000070 
400 107.007385 0.000000 97.670139 1988.896093 0.009031 34.278542 -0.000099 
401 69.898301 0.000000 -30.848662 1988.363142 -0.334133 31.277486 0.000487 
402 69.898301 0.000000 -42.532189 1988.383079 -0.147380 32.728499 0.000443 
403 82.267996 0.000000 -30.848662 1988.575946 -0.341472 31.331359 0.000272 
404 8.049828 0.000000 74.303084 1989.123110 -0.003067 34.522569 -0.000331 
405 -16.689561 0.000000 74.303084 1989.027013 0.010368 34.671527 -0.000237 
406 8.049828 0.000000 97.670139 1988.994192 -0.010036 34.580960 -0.000202 
407 -41.428950 0.000000 74.303084 1988.941911 0.022303 34.733774 -0.000153 
408 -66.168339 0.000000 74.303084 1988.882987 0.000791 34.747140 -0.000094 
409 -41.428950 0.000000 97.670139 1988.911283 0.001243 34.705677 -0.000121 
410 -4.319866 0.000000 -30.848662 1988.055784 -0.052552 34.839769 0.000736 
411 -16.689561 0.000000 -30.848662 1988.374436 -0.018351 34.921751 0.000415 
412 -4.319866 0.000000 -42.532189 1988.221713 -0.031016 34.706811 0.000572 
413 69.898301 0.000000 39.252502 1989.272713 0.113810 32.310320 -0.000444 
414 82.267996 0.000000 39.252502 1989.055502 0.133998 32.269213 -0.000225 
415 69.898301 0.000000 50.936029 1989.103706 0.206530 33.269168 -0.000290 
416 51.343759 0.000000 -13.323371 1987.259804 -1.651771 24.074615 0.001696 
417 51.343759 0.000000 -19.165134 1987.398745 -0.872487 27.712177 0.001509 
418 57.528607 0.000000 -13.323371 1987.990355 -1.708963 24.338422 0.000958 
419 20.419523 0.000000 39.252502 1990.079747 0.068152 33.912995 -0.001283 
420 8.049828 0.000000 39.252502 1989.757400 -0.003958 34.441107 -0.000968 
421 20.419523 0.000000 50.936029 1989.521116 -0.028624 34.158231 -0.000725 
422 -4.319866 0.000000 39.252502 1989.420141 0.017658 34.724648 -0.000633 
423 -16.689561 0.000000 39.252502 1989.154385 0.004046 34.776525 -0.000367 
424 -4.319866 0.000000 50.936029 1989.228442 0.004110 34.614334 -0.000439 
425 26.604370 0.000000 21.727211 1992.326890 0.248933 31.690348 -0.003508 
426 20.419523 0.000000 21.727211 1992.200805 0.166436 33.102968 -0.003404 
427 26.604370 0.000000 27.568975 1991.464518 0.125730 32.660774 -0.002655 
428 14.234675 0.000000 21.727211 1991.635139 0.067078 34.337534 -0.002855 
429 8.049828 0.000000 21.727211 1990.790943 0.050420 34.881386 -0.002015 
430 14.234675 0.000000 27.568975 1990.799659 0.014702 34.185324 -0.002012 
431 23.511946 0.000000 -4.560725 1973.435985 -0.833461 15.066350 0.015624 
432 23.511946 0.000000 -7.481607 1977.879869 -0.700061 24.127162 0.011096 
433 35.881641 0.000000 7.122802 1993.504618 2.615785 15.328576 -0.004501 
434 32.789217 0.000000 7.122802 1995.354126 2.065000 15.500955 -0.006367 
435 35.881641 0.000000 10.043684 1993.730262 1.602098 20.416976 -0.004774 
436 35.881641 0.000000 12.964566 1993.445116 1.070281 23.994779 -0.004526 
437 32.789217 0.000000 12.964566 1994.252705 0.905402 24.725222 -0.005349 
438 35.881641 0.000000 15.885447 1992.675463 0.789339 26.735264 -0.003786 
439 29.696794 0.000000 7.122802 1997.862677 1.444646 16.612154 -0.008907 
440 26.604370 0.000000 7.122802 1999.268152 0.932416 20.001579 -0.010358 
441 29.696794 0.000000 10.043684 1996.134946 1.020968 22.603577 -0.007222 
442 29.696794 0.000000 12.964566 1994.849383 0.692385 25.939821 -0.005966 
443 26.604370 0.000000 12.964566 1995.313799 0.528186 27.567548 -0.006456 
444 29.696794 0.000000 15.885447 1993.937686 0.544645 28.181906 -0.005078 
445 37.427853 0.000000 -3.100284 1990.918989 -1.779032 4.879858 -0.001843 
446 37.427853 0.000000 -4.560725 1987.544258 -2.299239 9.214950 0.001534 
447 38.974065 0.000000 -3.100284 1988.905452 -1.819393 7.696398 0.000173 
448 63.713454 0.000000 21.727211 1989.568512 0.617734 28.398893 -0.000682 
449 69.898301 0.000000 21.727211 1989.341975 0.632729 28.493721 -0.000455 
450 63.713454 0.000000 27.568975 1989.521370 0.333960 30.261721 -0.000662 
451 63.713454 0.000000 -1.639843 1989.303347 -1.545471 10.546652 -0.000240 
452 63.713454 0.000000 -7.481607 1988.595108 -3.376601 19.356053 0.000403 
453 69.898301 0.000000 -1.639843 1989.110952 -1.839082 11.013890 -0.000049 
454 48.251336 0.000000 -4.560725 1987.525961 -3.567875 14.625007 0.001518 
455 48.251336 0.000000 -7.481607 1987.155088 -3.134910 18.610857 0.001858 
456 51.343759 0.000000 -4.560725 1987.903142 -3.755056 14.894395 0.001137 
457 54.436183 0.000000 1.281038 1989.122198 1.452218 9.336663 -0.000052 
458 54.436183 0.000000 -1.639843 1987.920239 0.069205 9.412149 0.001157 
459 57.528607 0.000000 1.281038 1989.095464 4.920713 10.097709 -0.000034 
460 49.797547 0.000000 5.662361 1990.309351 1.093875 15.499730 -0.001284 
461 49.797547 0.000000 4.201920 1990.196836 1.526203 13.262019 -0.001155 
462 51.343759 0.000000 5.662361 1990.180866 1.137581 15.372901 -0.001154 
463 43.612700 0.000000 5.662361 1991.114441 -0.000000 14.174347 -0.002084 
464 42.066488 0.000000 5.662361 1991.331333 0.000000 13.871719 -0.002300 
465 43.612700 0.000000 4.201920 1990.641263 0.000000 11.509358 -0.001590 
466 45.932018 0.000000 7.853022 1991.102016 0.000000 17.820801 -0.002101 
467 45.158912 0.000000 7.853022 1991.233020 0.000000 17.846319 -0.002233 
468 45.932018 0.000000 7.122802 1991.053315 0.000000 17.062080 -0.002045 
469 49.024441 0.000000 7.853022 1990.741658 0.000000 19.291551 -0.001752 
470 49.024441 0.000000 7.122802 1990.724363 0.000000 18.744095 -0.001729 
471 49.797547 0.000000 7.853022 1990.689333 0.000000 19.356291 -0.001700 
472 49.024441 0.000000 10.773904 1990.726681 2.474673 21.555761 -0.001762 
473 49.797547 0.000000 10.773904 1990.643748 2.500750 21.468574 -0.001678 
474 49.024441 0.000000 11.504125 1990.742411 2.032121 22.237415 -0.001785 
475 47.864783 0.000000 10.408794 1990.779110 2.851711 21.300764 -0.001812 
476 48.251336 0.000000 10.408794 1990.742000 2.846556 21.228219 -0.001774 
477 47.864783 0.000000 10.773904 1990.791000 2.444368 21.643372 -0.001828 
478 47.671506 0.000000 9.861129 1990.846101 0.000000 19.164693 -0.001856 
479 47.864783 0.000000 9.861129 1990.819537 0.000000 19.191819 -0.001829 
480 47.671506 0.000000 10.043684 1990.824915 0.000000 19.184552 -0.001835 
481 40.520276 0.000000 -0.179403 1987.282150 0.047298 3.499306 0.001817 
482 40.520276 0.000000 -1.639843 1987.482741 0.521855 15.550674 0.001558 
483 40.520276 0.000000 1.281038 1988.368031 -0.000000 0.362987 0.000729 
484 43.612700 0.000000 2.741479 1989.890585 -0.000000 7.676094 -0.000817 
485 42.066488 0.000000 2.741479 1989.931644 -0.000000 7.091356 -0.000856 
486 45.158912 0.000000 2.741479 1990.365318 0.000000 10.479220 -0.001307 
487 40.520276 0.000000 2.741479 1989.914823 -0.000000 6.376062 -0.000836 
488 38.974065 0.000000 2.741479 1989.678330 0.000000 5.101872 -0.000595 
489 40.520276 0.000000 4.201920 1990.799234 0.000000 9.932085 -0.001741 
490 40.520276 0.000000 -3.100284 1987.608172 -2.000075 9.242831 0.001470 
491 40.520276 0.000000 -4.560725 1986.791464 -2.680446 12.199877 0.002274 
492 42.066488 0.000000 -3.100284 1987.115263 -2.298049 9.804441 0.001962 
493 37.427853 0.000000 2.741479 1989.482151 0.000000 2.811157 -0.000393 
494 35.881641 0.000000 2.741479 1989.641797 0.000000 -0.312532 -0.000552 
495 37.427853 0.000000 4.201920 1990.421648 0.000000 6.475094 -0.001347 
496 34.335429 0.000000 2.741479 1989.563164 0.000000 -0.238545 -0.000472 
497 32.789217 0.000000 2.741479 1994.362109 4.105865 -4.951504 -0.005315 
498 34.335429 0.000000 4.201920 1989.669514 0.000000 -0.545812 -0.000579 
499 23.511946 0.000000 7.122802 2000.731065 0.523090 22.726618 -0.011866 
500 20.419523 0.000000 7.122802 2000.826802 0.301330 27.572511 -0.012025 
501 23.511946 0.000000 10.043684 1996.765323 0.458313 27.727947 -0.007923 
502 23.511946 0.000000 12.964566 1995.426924 0.368544 29.428200 -0.006597 
503 20.419523 0.000000 12.964566 1994.848546 0.264506 31.315251 -0.006043 
504 23.511946 0.000000 15.885447 1993.966077 0.305296 30.812863 -0.005145 
505 63.713454 0.000000 -13.323371 1988.308960 -1.709571 24.450881 0.000637 
506 63.713454 0.000000 -19.165134 1988.167400 -0.906460 27.701394 0.000737 
507 69.898301 0.000000 -13.323371 1988.552088 -1.684363 24.770981 0.000388 
508 54.436183 0.000000 -4.560725 1988.122683 -3.872547 15.053154 0.000915 
509 54.436183 0.000000 -7.481607 1987.962135 -3.271504 18.849589 0.001045 
510 57.528607 0.000000 -4.560725 1988.388592 -4.002537 14.988768 0.000648 
511 40.520276 0.000000 5.662361 1991.471455 0.000000 13.216081 -0.002437 
512 38.974065 0.000000 5.662361 1991.285843 0.000000 11.397646 -0.002239 
513 40.520276 0.000000 7.122802 1991.631781 0.000000 14.791399 -0.002609 
514 40.520276 0.000000 8.583243 1991.721834 0.000000 16.239270 -0.002711 
515 38.974065 0.000000 8.583243 1992.585620 2.383506 18.231444 -0.003600 
516 40.520276 0.000000 10.043684 1992.287783 1.952829 20.504532 -0.003322 
517 40.520276 0.000000 11.504125 1992.315105 1.580721 22.150411 -0.003367 
518 38.974065 0.000000 11.504125 1992.731604 1.468204 22.093771 -0.003785 
519 40.520276 0.000000 12.964566 1992.262893 1.311644 23.630963 -0.003331 
520 46.705124 0.000000 2.741479 1990.102505 -3.843864 8.983083 -0.001039 
521 46.705124 0.000000 1.281038 1989.266749 4.271240 4.165341 -0.000183 
522 48.251336 0.000000 2.741479 1990.044809 -5.266417 9.828340 -0.000988 
523 43.612700 0.000000 -3.100284 1987.209337 -2.549592 10.547721 0.001864 
524 43.612700 0.000000 -4.560725 1986.636058 -3.157127 13.028179 0.002424 
525 45.158912 0.000000 -3.100284 1987.371227 -2.629363 11.210257 0.001697 
526 17.327099 0.000000 7.122802 1999.582565 0.159142 32.409945 -0.010840 
527 14.234675 0.000000 7.122802 1995.926210 0.082579 35.529147 -0.007201 
528 17.327099 0.000000 10.043684 1995.826439 0.175410 32.622558 -0.007050 
529 17.327099 0.000000 12.964566 1994.269391 0.163012 33.120392 -0.005488 
530 14.234675 0.000000 12.964566 1993.352235 0.080284 34.493430 -0.004587 
531 17.327099 0.000000 15.885447 1993.234795 0.135476 33.396523 -0.004450 
532 37.427853 0.000000 5.662361 1991.008564 0.000000 9.620308 -0.001950 
533 35.881641 0.000000 5.662361 1992.825433 3.469655 11.699667 -0.003794 
534 37.427853 0.000000 7.122802 1992.812793 2.890904 15.314950 -0.003805 
535 37.427853 0.000000 8.583243 1993.120824 2.186908 18.122822 -0.004138 
536 35.881641 0.000000 8.583243 1993.755698 2.029823 17.928499 -0.004776 
537 37.427853 0.000000 10.043684 1993.130299 1.730331 20.437131 -0.004169 
538 37.427853 0.000000 11.504125 1993.147004 1.386447 22.189495 -0.004205 
539 35.881641 0.000000 11.504125 1993.517185 1.289540 22.455192 -0.004581 
540 37.427853 0.000000 12.964566 1993.019838 1.122722 23.800269 -0.004095 
541 46.705124 0.000000 -0.179403 1988.110789 9.367785 14.319833 0.000914 
542 46.705124 0.000000 -1.639843 1987.746572 0.009727 10.482264 0.001326 
543 48.251336 0.000000 -0.179403 1988.167908 8.260884 16.079934 0.000848 
544 49.797547 0.000000 2.741479 1989.939026 3.632638 10.484129 -0.000882 
545 49.797547 0.000000 1.281038 1989.300201 3.657511 6.481439 -0.000222 
546 51.343759 0.000000 2.741479 1989.834935 3.491497 10.780436 -0.000778 
547 34.335429 0.000000 5.662361 1993.891305 3.052170 11.116735 -0.004864 
548 32.789217 0.000000 5.662361 1995.483653 2.621102 10.774851 -0.006467 
549 34.335429 0.000000 7.122802 1994.263976 2.353977 15.292033 -0.005266 
550 34.335429 0.000000 8.583243 1994.454830 1.852004 18.318682 -0.005484 
551 32.789217 0.000000 8.583243 1995.069141 1.624175 18.598199 -0.006106 
552 34.335429 0.000000 10.043684 1994.370713 1.468368 20.513783 -0.005420 
553 34.335429 0.000000 11.504125 1994.084682 1.198531 22.625273 -0.005155 
554 32.789217 0.000000 11.504125 1994.629797 1.091470 22.982227 -0.005708 
555 34.335429 0.000000 12.964566 1993.811561 0.972032 24.367802 -0.004900 
556 46.705124 0.000000 -3.100284 1987.551440 -2.650106 11.767559 0.001513 
557 46.705124 0.000000 -4.560725 1987.182119 -3.453321 13.952168 0.001869 
558 48.251336 0.000000 -3.100284 1987.793467 -2.708112 12.333729 0.001266 
1 79 97 95 96 
2 97 72 88 95 
3 95 88 5 98 
4 96 95 98 82 
5 7 101 99 100 
6 101 12 102 99 
7 99 102 10 25 
8 100 99 25 11 
9 11 105 103 104 
10 105 25 106 103 
11 103 106 23 41 
12 104 103 41 24 
13 24 109 107 108 
14 109 41 110 107 
15 107 110 39 57 
16 108 107 57 40 
17 40 113 111 112 
18 113 57 114 111 
19 111 114 55 73 
20 112 111 73 56 
21 56 117 115 116 
22 117 73 118 115 
23 72 121 119 120 
24 119 122 87 123 
25 120 119 123 88 
26 14 125 124 37 
27 125 8 126 124 
28 124 126 21 127 
29 37 124 127 19 
30 27 129 128 53 
31 129 14 130 128 
32 128 130 37 131 
33 53 128 131 35 
34 133 27 134 132 
35 132 134 53 135 
36 10 141 140 26 
37 141 13 142 140 
38 140 142 8 125 
39 26 140 125 14 
40 23 144 143 42 
41 144 26 145 143 
42 143 145 14 129 
43 42 143 129 27 
44 147 42 148 146 
45 146 148 27 133 
46 20 38 161 162 
47 38 19 163 161 
48 161 163 22 164 
49 162 161 164 9 
50 36 54 165 166 
51 54 35 167 165 
52 165 167 38 168 
53 166 165 168 20 
54 52 70 169 170 
55 70 51 171 169 
56 169 171 54 172 
57 170 169 172 36 
58 67 139 173 174 
59 139 69 175 173 
60 173 175 51 176 
61 174 173 176 70 
62 177 179 139 180 
63 178 177 180 67 
64 43 187 186 138 
65 187 133 188 186 
66 186 188 132 189 
67 138 186 189 69 
68 137 191 190 155 
69 191 43 192 190 
70 190 192 138 193 
71 155 190 193 136 
72 195 155 196 194 
73 194 196 136 197 
74 68 86 198 199 
75 86 67 174 198 
76 198 174 70 200 
77 199 198 200 52 
78 201 178 67 203 
79 202 201 203 86 
80 204 206 177 207 
81 205 204 207 178 
82 157 215 213 214 
83 215 153 182 213 
84 213 182 85 216 
85 214 213 216 160 
86 182 219 217 218 
87 219 181 209 217 
88 217 209 185 220 
89 218 217 220 85 
90 136 193 221 179 
91 193 138 222 221 
92 221 222 69 223 
93 179 221 223 139 
94 197 136 225 224 
95 224 225 179 226 
96 206 224 226 177 
97 227 229 206 230 
98 228 227 230 204 
99 209 233 231 232 
100 232 231 235 185 
101 238 149 239 236 
102 59 242 240 241 
103 242 154 243 240 
104 240 243 152 183 
105 241 240 183 153 
106 183 246 244 245 
107 246 152 247 244 
108 244 247 184 210 
109 245 244 210 181 
110 181 250 248 249 
111 250 210 251 248 
112 248 251 208 233 
113 249 248 233 209 
114 184 253 252 211 
115 253 194 254 252 
116 252 254 197 255 
117 211 252 255 156 
118 257 211 258 256 
119 256 258 156 259 
120 233 262 260 261 
121 262 208 263 260 
122 261 260 264 231 
123 73 268 267 118 
124 268 55 269 267 
125 266 272 270 271 
126 272 74 273 270 
127 270 273 237 274 
128 271 270 274 265 
129 17 277 275 276 
130 277 7 100 275 
131 275 100 11 33 
132 276 275 33 15 
133 33 280 278 279 
134 280 11 104 278 
135 278 104 24 49 
136 279 278 49 31 
137 49 283 281 282 
138 283 24 108 281 
139 281 108 40 65 
140 282 281 65 47 
141 65 286 284 285 
142 286 40 112 284 
143 284 112 56 81 
144 285 284 81 63 
145 81 289 287 288 
146 289 56 116 287 
147 287 116 72 97 
148 288 287 97 79 
149 116 292 290 291 
150 292 115 293 290 
151 290 293 89 121 
152 291 290 121 72 
153 89 295 294 122 
154 295 71 296 294 
155 294 296 90 297 
156 122 294 297 87 
157 121 300 298 299 
158 300 89 301 298 
159 298 301 122 302 
160 299 298 302 119 
161 16 305 303 304 
162 305 15 32 303 
163 303 32 18 306 
164 304 303 306 6 
165 32 309 307 308 
166 309 31 48 307 
167 307 48 34 310 
168 308 307 310 18 
169 48 313 311 312 
170 313 47 64 311 
171 311 64 50 314 
172 312 311 314 34 
173 64 317 315 316 
174 316 315 318 50 
175 6 306 319 320 
176 306 18 45 319 
177 319 45 28 321 
178 320 319 321 29 
179 18 310 322 323 
180 310 34 61 322 
181 322 61 44 324 
182 323 322 324 45 
183 34 314 325 326 
184 314 50 77 325 
185 325 77 60 327 
186 326 325 327 61 
187 50 318 328 329 
188 329 328 330 77 
189 315 333 331 332 
190 331 334 66 335 
191 332 331 335 318 
192 47 338 336 337 
193 338 65 285 336 
194 336 285 63 317 
195 337 336 317 64 
196 317 341 339 340 
197 341 63 342 339 
198 339 342 80 333 
199 340 339 333 315 
200 80 344 343 334 
201 344 79 96 343 
202 343 96 82 345 
203 334 343 345 66 
204 333 348 346 347 
205 348 80 349 346 
206 346 349 334 350 
207 347 346 350 331 
208 210 352 351 251 
209 352 184 353 351 
210 351 353 211 257 
211 251 351 257 208 
212 208 355 354 263 
213 355 257 356 354 
214 354 356 256 357 
215 263 354 357 234 
216 160 216 358 359 
217 216 85 205 358 
218 358 205 178 360 
219 359 358 360 201 
220 85 220 361 362 
221 220 185 228 361 
222 361 228 204 363 
223 362 361 363 205 
224 185 235 364 365 
225 235 212 366 364 
226 364 366 227 367 
227 365 364 367 228 
228 231 264 368 369 
229 264 234 370 368 
230 368 370 212 371 
231 369 368 371 235 
232 260 374 372 373 
233 374 263 375 372 
234 372 375 234 376 
235 373 372 376 264 
236 12 378 377 102 
237 378 2 379 377 
238 377 379 13 141 
239 102 377 141 10 
240 1 382 380 381 
241 382 17 276 380 
242 380 276 15 305 
243 381 380 305 16 
244 19 127 383 163 
245 127 21 384 383 
246 383 384 3 385 
247 163 383 385 22 
248 25 387 386 106 
249 387 10 388 386 
250 386 388 26 144 
251 106 386 144 23 
252 28 46 389 390 
253 46 20 162 389 
254 389 162 9 391 
255 390 389 391 30 
256 29 321 392 393 
257 321 28 390 392 
258 392 390 30 394 
259 393 392 394 4 
260 15 397 395 396 
261 397 33 279 395 
262 395 279 31 309 
263 396 395 309 32 
264 35 131 398 167 
265 131 37 399 398 
266 398 399 19 400 
267 167 398 400 38 
268 41 402 401 110 
269 402 23 403 401 
270 401 403 42 147 
271 110 401 147 39 
272 44 62 404 405 
273 62 36 166 404 
274 404 166 20 406 
275 405 404 406 46 
276 45 324 407 408 
277 324 44 405 407 
278 407 405 46 409 
279 408 407 409 28 
280 31 412 410 411 
281 412 49 282 410 
282 410 282 47 313 
283 411 410 313 48 
284 51 135 413 171 
285 135 53 414 413 
286 413 414 35 415 
287 171 413 415 54 
288 57 417 416 114 
289 417 39 418 416 
290 416 418 58 150 
291 114 416 150 55 
292 60 78 419 420 
293 78 52 170 419 
294 419 170 36 421 
295 420 419 421 62 
296 61 327 422 423 
297 327 60 420 422 
298 422 420 62 424 
299 423 422 424 44 
300 76 94 425 426 
301 94 68 199 425 
302 425 199 52 427 
303 426 425 427 78 
304 77 330 428 429 
305 330 76 426 428 
306 428 426 78 430 
307 429 428 430 60 
308 63 432 431 342 
309 432 81 288 431 
310 431 288 79 344 
311 342 431 344 80 
312 436 202 86 438 
313 437 436 438 68 
314 82 98 439 440 
315 98 5 434 439 
316 439 434 84 441 
317 440 439 441 92 
318 92 441 442 443 
319 441 84 437 442 
320 442 437 68 444 
321 443 442 444 94 
322 115 446 445 293 
323 446 118 447 445 
324 445 447 71 295 
325 293 445 295 89 
326 69 189 448 175 
327 189 132 449 448 
328 448 449 135 450 
329 175 448 450 51 
330 58 452 451 151 
331 452 146 453 451 
332 451 453 133 187 
333 151 451 187 43 
334 55 455 454 269 
335 455 150 456 454 
336 454 456 149 238 
337 149 458 457 239 
338 458 151 459 457 
339 457 459 43 191 
340 239 457 191 137 
341 154 461 460 243 
342 461 137 462 460 
343 460 462 155 195 
344 243 460 195 152 
345 159 465 463 464 
346 465 59 241 463 
347 463 241 153 215 
348 464 463 215 157 
349 153 468 466 467 
350 468 183 245 466 
351 466 245 181 219 
352 467 466 219 182 
353 152 470 469 247 
354 470 195 471 469 
355 469 471 194 253 
356 247 469 253 184 
357 156 255 472 229 
358 255 197 473 472 
359 472 473 224 474 
360 229 472 474 206 
361 212 259 475 366 
362 259 156 476 475 
363 475 476 229 477 
364 366 475 477 227 
365 234 357 478 370 
366 357 256 479 478 
367 478 479 259 480 
368 370 478 480 212 
369 71 482 481 296 
370 482 266 271 481 
371 481 271 265 483 
372 296 481 483 90 
373 265 274 484 485 
374 274 237 486 484 
375 484 486 59 465 
376 485 484 465 159 
377 90 483 487 488 
378 483 265 485 487 
379 487 485 159 489 
380 488 487 489 75 
381 118 491 490 447 
382 491 267 492 490 
383 490 492 266 482 
384 447 490 482 71 
385 87 297 493 494 
386 297 90 488 493 
387 493 488 75 495 
388 494 493 495 91 
389 88 123 496 497 
390 123 87 494 496 
391 496 494 91 498 
392 497 496 498 5 
393 66 345 499 500 
394 345 82 440 499 
395 499 440 92 501 
396 500 499 501 93 
397 93 501 502 503 
398 501 92 443 502 
399 502 443 94 504 
400 503 502 504 76 
401 39 506 505 418 
402 506 147 507 505 
403 505 507 146 452 
404 418 505 452 58 
405 150 509 508 456 
406 509 58 510 508 
407 508 510 151 458 
408 456 508 458 149 
409 75 489 511 512 
410 489 159 464 511 
411 511 464 157 513 
412 512 511 513 158 
413 158 513 514 515 
414 513 157 214 514 
415 514 214 160 516 
416 515 514 516 83 
417 83 516 517 518 
418 516 160 359 517 
419 517 359 201 519 
420 518 517 519 202 
421 237 521 520 486 
422 521 236 522 520 
423 520 522 154 242 
424 486 520 242 59 
425 267 524 523 492 
426 524 269 525 523 
427 523 525 74 272 
428 492 523 272 266 
429 318 335 526 527 
430 335 66 500 526 
431 526 500 93 528 
432 527 526 528 328 
433 328 528 529 530 
434 528 93 503 529 
435 529 503 76 531 
436 530 529 531 330 
437 91 495 532 533 
438 495 75 512 532 
439 532 512 158 534 
440 533 532 534 433 
441 433 534 535 536 
442 534 158 515 535 
443 535 515 83 537 
444 536 535 537 435 
445 435 537 538 539 
446 537 83 518 538 
447 538 518 202 540 
448 539 538 540 436 
449 74 542 541 273 
450 542 238 543 541 
451 541 543 236 521 
452 273 541 521 237 
453 236 545 544 522 
454 545 239 546 544 
455 544 546 137 461 
456 522 544 461 154 
457 5 498 547 548 
458 498 91 533 547 
459 547 533 433 549 
460 548 547 549 434 
461 434 549 550 551 
462 549 433 536 550 
463 550 536 435 552 
464 551 550 552 84 
465 84 552 553 554 
466 552 435 539 553 
467 553 539 436 555 
468 554 553 555 437 
469 269 557 556 525 
470 557 454 558 556 
471 556 558 238 542 
472 525 556 542 74 
