2 0.000000 1989.093400 115197.572811
558 472 
1 -165.125896 0.000000 -182.734516 1988.769505 0.000265 34.719086 0.000021 
2 230.704331 0.000000 -182.734516 1988.772788 0.001407 34.584691 0.000020 
3 230.704331 0.000000 191.138357 1988.811495 0.003379 34.587379 -0.000019 
4 -165.125896 0.000000 191.138357 1988.811550 0.000419 34.718062 -0.000021 
5 32.789217 0.000000 4.201920 1996.263675 0.829114 4.638760 -0.007228 
6 -165.125896 0.000000 4.201920 1988.792167 0.000531 34.743765 -0.000002 
7 32.789217 0.000000 -182.734516 1988.726622 0.000665 34.647115 0.000065 
8 230.704331 0.000000 4.201920 1989.141361 -0.136070 14.738319 -0.000103 
9 32.789217 0.000000 191.138357 1988.850860 0.001849 34.650988 -0.000060 
10 131.746774 0.000000 -89.266298 1988.722487 0.001475 34.181036 0.000078 
11 32.789217 0.000000 -89.266298 1988.532674 0.016212 34.426603 0.000264 
12 131.746774 0.000000 -182.734516 1988.749347 0.001069 34.596063 0.000043 
13 230.704331 0.000000 -89.266298 1988.780770 0.002882 34.204373 0.000019 
14 131.746774 0.000000 4.201920 1989.157642 3.332285 14.025081 -0.000117 
15 -66.168339 0.000000 -89.266298 1988.701390 0.000729 34.734834 0.000089 
16 -165.125896 0.000000 -89.266298 1988.770556 0.000388 34.733035 0.000020 
17 -66.168339 0.000000 -182.734516 1988.745199 0.000426 34.702984 0.000046 
18 -66.168339 0.000000 4.201920 1988.803105 0.002638 34.838228 -0.000015 
19 131.746774 0.000000 97.670139 1988.870516 0.016043 34.237635 -0.000072 
20 32.789217 0.000000 97.670139 1989.019565 0.045496 34.465384 -0.000226 
21 230.704331 0.000000 97.670139 1988.816954 0.018194 34.222341 -0.000018 
22 131.746774 0.000000 191.138357 1988.832275 0.002842 34.602575 -0.000040 
23 82.267996 0.000000 -42.532189 1988.557614 -0.018202 32.615277 0.000270 
24 32.789217 0.000000 -42.532189 1987.635984 -0.052154 33.500617 0.001181 
25 82.267996 0.000000 -89.266298 1988.628151 -0.034591 34.221213 0.000172 
26 131.746774 0.000000 -42.532189 1988.759505 -0.004226 32.678981 0.000066 
27 82.267996 0.000000 4.201920 1989.161962 3.634598 14.167494 -0.000123 
28 -66.168339 0.000000 97.670139 1988.877902 0.001788 34.727301 -0.000088 
29 -165.125896 0.000000 97.670139 1988.811928 0.000541 34.731345 -0.000022 
30 -66.168339 0.000000 191.138357 1988.834072 0.000890 34.702002 -0.000044 
31 -16.689561 0.000000 -42.532189 1988.446551 -0.008413 34.750914 0.000345 
32 -66.168339 0.000000 -42.532189 1988.705715 0.001124 34.796438 0.000084 
33 -16.689561 0.000000 -89.266298 1988.598553 0.003670 34.661743 0.000194 
34 -16.689561 0.000000 4.201920 1988.908319 0.004245 35.284034 -0.000129 
35 82.267996 0.000000 50.936029 1989.025080 0.044622 33.127124 -0.000209 
36 32.789217 0.000000 50.936029 1989.564006 -0.017860 33.814000 -0.000762 
37 131.746774 0.000000 50.936029 1988.886867 0.074406 33.042053 -0.000068 
38 82.267996 0.000000 97.670139 1988.947331 0.030204 34.291677 -0.000150 
39 57.528607 0.000000 -19.165134 1987.654438 -0.386583 27.132741 0.001260 
40 32.789217 0.000000 -19.165134 1985.037575 -0.217303 29.718782 0.003851 
41 57.528607 0.000000 -42.532189 1988.126006 -0.031716 32.780690 0.000701 
42 82.267996 0.000000 -19.165134 1988.659332 -0.297270 27.703132 0.000242 
43 57.528607 0.000000 4.201920 1988.754701 3.643599 11.325421 0.000305 
44 -16.689561 0.000000 50.936029 1989.109658 0.006227 34.713664 -0.000321 
45 -66.168339 0.000000 50.936029 1988.884606 0.002175 34.782492 -0.000096 
46 -16.689561 0.000000 97.670139 1988.966061 0.003903 34.658951 -0.000176 
47 8.049828 0.000000 -19.165134 1986.554260 0.005030 35.189978 0.002238 
48 -16.689561 0.000000 -19.165134 1988.408656 -0.010960 35.099763 0.000377 
49 8.049828 0.000000 -42.532189 1987.951852 -0.012252 34.441166 0.000848 
50 8.049828 0.000000 4.201920 1990.810693 0.011312 38.156380 -0.002095 
51 57.528607 0.000000 27.568975 1989.885205 0.260998 30.010372 -0.001024 
52 32.789217 0.000000 27.568975 1991.252275 0.182203 31.730955 -0.002426 
53 82.267996 0.000000 27.568975 1989.148104 0.328764 30.064883 -0.000283 
54 57.528607 0.000000 50.936029 1989.333461 0.056582 33.258735 -0.000521 
55 45.158912 0.000000 -7.481607 1984.650352 -2.218520 17.562504 0.004383 
56 32.789217 0.000000 -7.481607 1982.691847 -0.744246 18.069543 0.006344 
57 45.158912 0.000000 -19.165134 1986.295442 -0.319769 27.724166 0.002617 
58 57.528607 0.000000 -7.481607 1987.919288 -2.745896 17.260142 0.001103 
59 45.158912 0.000000 4.201920 1992.397494 0.000000 7.473173 -0.003339 
60 8.049828 0.000000 27.568975 1990.381664 -0.004990 34.653687 -0.001599 
61 -16.689561 0.000000 27.568975 1989.219190 0.007061 34.974163 -0.000436 
62 8.049828 0.000000 50.936029 1989.445936 0.016908 34.454517 -0.000655 
63 20.419523 0.000000 -7.481607 1978.111364 -0.120036 28.821008 0.010802 
64 8.049828 0.000000 -7.481607 1986.241619 -0.014850 36.892449 0.002521 
65 20.419523 0.000000 -19.165134 1985.089155 -0.062250 32.951725 0.003748 
66 20.419523 0.000000 4.201920 2006.300115 0.199161 19.799663 -0.017475 
67 45.158912 0.000000 15.885447 1991.570738 0.682159 25.325874 -0.002655 
68 32.789217 0.000000 15.885447 1993.772051 0.401480 27.280388 -0.004898 
69 57.528607 0.000000 15.885447 1989.987755 0.889515 24.832282 -0.001056 
70 45.158912 0.000000 27.568975 1990.692121 0.174777 30.481040 -0.001843 
71 38.974065 0.000000 -1.639843 1988.213356 -0.556488 15.581207 0.000823 
72 32.789217 0.000000 -1.639843 1983.328920 -0.091773 -21.957534 0.005666 
73 38.974065 0.000000 -7.481607 1984.155585 -1.222962 18.649577 0.004870 
74 45.158912 0.000000 -1.639843 1988.048668 2.823249 15.371868 0.000988 
75 38.974065 0.000000 4.201920 1992.754997 0.000000 7.922016 -0.003701 
76 20.419523 0.000000 15.885447 1993.932646 0.151080 32.279338 -0.005135 
77 8.049828 0.000000 15.885447 1991.263142 0.022142 35.474646 -0.002501 
78 20.419523 0.000000 27.568975 1991.290408 0.094404 33.537944 -0.002495 
79 26.604370 0.000000 -1.639843 1988.388293 -0.850182 -47.960054 0.000127 
80 20.419523 0.000000 -1.639843 1955.628904 -0.114872 -4.521314 0.033360 
81 26.604370 0.000000 -7.481607 1979.335942 -0.346475 21.821140 0.009667 
82 26.604370 0.000000 4.201920 2003.247337 0.529447 8.892725 -0.014302 
83 38.974065 0.000000 10.043684 1993.545390 0.993237 19.874849 -0.004581 
84 32.789217 0.000000 10.043684 1995.389761 0.697941 21.410268 -0.006457 
85 45.158912 0.000000 10.043684 1992.266000 0.000000 17.247032 -0.003268 
86 38.974065 0.000000 15.885447 1992.632774 0.541876 26.028269 -0.003733 
87 35.881641 0.000000 1.281038 1987.887500 0.000000 -10.361454 0.001185 
88 32.789217 0.000000 1.281038 1994.682421 -0.160227 -18.987657 -0.005719 
89 35.881641 0.000000 -1.639843 1987.923210 -0.081715 15.561207 0.001115 
90 38.974065 0.000000 1.281038 1990.531077 -0.000000 -2.226698 -0.001447 
91 35.881641 0.000000 4.201920 1991.804108 0.000000 2.513257 -0.002729 
92 26.604370 0.000000 10.043684 1997.057009 0.398026 25.124314 -0.008183 
93 20.419523 0.000000 10.043684 1996.709049 0.196869 30.445245 -0.007906 
94 26.604370 0.000000 15.885447 1994.237950 0.241952 29.519619 -0.005400 
95 29.696794 0.000000 1.281038 1988.393348 -1.742964 -48.208388 0.000116 
96 26.604370 0.000000 1.281038 1988.561163 -0.778050 -47.919019 -0.000045 
97 29.696794 0.000000 -1.639843 1988.393348 -1.742964 -48.208388 0.000116 
98 29.696794 0.000000 4.201920 2000.299588 0.711428 6.186846 -0.011309 
99 82.267996 0.000000 -136.000407 1988.698504 0.001019 34.521112 0.000096 
100 32.789217 0.000000 -136.000407 1988.674513 0.000714 34.591584 0.000119 
101 82.267996 0.000000 -182.734516 1988.734617 0.000852 34.615886 0.000058 
102 131.746774 0.000000 -136.000407 1988.734766 0.001547 34.488902 0.000060 
103 57.528607 0.000000 -65.899244 1988.495212 -0.010847 33.925832 0.000310 
104 32.789217 0.000000 -65.899244 1988.386584 -0.011891 34.184214 0.000415 
105 57.528607 0.000000 -89.266298 1988.570917 0.016297 34.301323 0.000228 
106 82.267996 0.000000 -65.899244 1988.589536 0.019689 33.791067 0.000218 
107 45.158912 0.000000 -30.848662 1987.208873 -0.064630 31.441459 0.001644 
108 32.789217 0.000000 -30.848662 1986.694467 -0.071169 32.456234 0.002144 
109 45.158912 0.000000 -42.532189 1987.844396 -0.046929 33.066727 0.000979 
110 57.528607 0.000000 -30.848662 1987.844541 -0.075898 31.004925 0.001012 
111 38.974065 0.000000 -13.323371 1984.554299 -0.542231 24.850254 0.004403 
112 32.789217 0.000000 -13.323371 1983.460002 -0.385961 26.050112 0.005485 
113 38.974065 0.000000 -19.165134 1985.631530 -0.318293 28.722707 0.003269 
114 45.158912 0.000000 -13.323371 1985.698055 -0.753285 24.074983 0.003264 
115 35.881641 0.000000 -4.560725 1986.137635 -1.200965 9.856560 0.002945 
116 32.789217 0.000000 -4.560725 1983.081573 -0.924189 7.295149 0.006022 
117 35.881641 0.000000 -7.481607 1983.908582 -0.963882 18.086396 0.005124 
118 38.974065 0.000000 -4.560725 1984.987097 -1.688345 13.204113 0.004080 
119 34.335429 0.000000 -0.179403 1985.955361 -5.071097 -39.122202 0.002759 
120 32.789217 0.000000 -0.179403 1988.528046 -9.147842 -45.650378 0.000021 
121 34.335429 0.000000 -1.639843 1987.977501 -0.236809 -23.440662 0.000983 
122 35.881641 0.000000 -0.179403 1985.078354 -0.029340 1.765320 0.004032 
123 34.335429 0.000000 1.281038 1990.246345 0.000000 -16.899077 -0.001232 
124 181.225553 0.000000 50.936029 1988.844864 0.091901 33.011375 -0.000026 
125 181.225553 0.000000 4.201920 1989.153503 2.065345 14.062129 -0.000111 
126 230.704331 0.000000 50.936029 1988.832287 0.096458 32.969835 -0.000012 
127 181.225553 0.000000 97.670139 1988.833083 0.017387 34.226882 -0.000034 
128 107.007385 0.000000 27.568975 1988.955064 0.351221 30.061136 -0.000089 
129 107.007385 0.000000 4.201920 1989.158046 2.420580 14.048672 -0.000116 
130 131.746774 0.000000 27.568975 1988.916144 0.406033 29.994211 -0.000049 
131 107.007385 0.000000 50.936029 1988.936214 0.078548 33.067487 -0.000118 
132 69.898301 0.000000 15.885447 1989.322632 0.970281 25.205940 -0.000391 
133 69.898301 0.000000 4.201920 1988.958389 3.094680 13.867419 0.000085 
134 82.267996 0.000000 15.885447 1989.123968 1.045016 25.435620 -0.000195 
135 69.898301 0.000000 27.568975 1989.360778 0.308387 30.062479 -0.000497 
136 51.343759 0.000000 10.043684 1990.757822 -0.183544 19.277276 -0.001768 
137 51.343759 0.000000 4.201920 1989.803904 2.739606 9.395883 -0.000739 
138 57.528607 0.000000 10.043684 1989.698919 -0.257871 19.859882 -0.000709 
139 51.343759 0.000000 15.885447 1990.603450 0.782866 24.921389 -0.001676 
140 181.225553 0.000000 -42.532189 1988.799973 -0.015970 32.772043 0.000024 
141 181.225553 0.000000 -89.266298 1988.763912 0.002468 34.190221 0.000036 
142 230.704331 0.000000 -42.532189 1988.811592 -0.014054 32.850072 0.000011 
143 107.007385 0.000000 -19.165134 1988.834232 -0.255369 28.004926 0.000062 
144 107.007385 0.000000 -42.532189 1988.707920 -0.008006 32.633194 0.000118 
145 131.746774 0.000000 -19.165134 1988.867502 -0.235717 28.218484 0.000026 
146 69.898301 0.000000 -7.481607 1988.699787 -2.404722 17.987325 0.000312 
147 69.898301 0.000000 -19.165134 1988.369421 -0.335621 27.373001 0.000538 
148 82.267996 0.000000 -7.481607 1988.930386 -2.180061 18.595326 0.000075 
149 51.343759 0.000000 -1.639843 1986.337379 -6.306139 17.761466 0.002679 
150 51.343759 0.000000 -7.481607 1986.768167 -2.810454 17.259766 0.002259 
151 57.528607 0.000000 -1.639843 1986.794974 -6.930239 13.528432 0.002251 
152 48.251336 0.000000 7.122802 1991.569786 1.972532 15.916469 -0.002557 
153 45.158912 0.000000 7.122802 1992.257864 0.425271 15.182757 -0.003243 
154 48.251336 0.000000 4.201920 1990.980143 2.120195 8.468140 -0.001917 
155 51.343759 0.000000 7.122802 1990.475483 4.852846 14.862905 -0.001452 
156 48.251336 0.000000 10.043684 1991.412755 1.437914 17.366203 -0.002410 
157 42.066488 0.000000 7.122802 1992.920012 0.000000 14.655670 -0.003906 
158 38.974065 0.000000 7.122802 1993.236489 0.000000 11.690071 -0.004205 
159 42.066488 0.000000 4.201920 1993.041056 -0.000000 8.301343 -0.003991 
160 42.066488 0.000000 10.043684 1992.528571 0.000000 17.292965 -0.003533 
161 82.267996 0.000000 144.404248 1988.877856 0.004830 34.539479 -0.000085 
162 32.789217 0.000000 144.404248 1988.896951 0.003498 34.602199 -0.000105 
163 131.746774 0.000000 144.404248 1988.848851 0.005819 34.505855 -0.000055 
164 82.267996 0.000000 191.138357 1988.844599 0.002395 34.622240 -0.000053 
165 57.528607 0.000000 74.303084 1989.094988 0.032243 34.069262 -0.000295 
166 32.789217 0.000000 74.303084 1989.170769 0.022943 34.279886 -0.000375 
167 82.267996 0.000000 74.303084 1988.998267 0.014939 33.958406 -0.000196 
168 57.528607 0.000000 97.670139 1988.993169 0.047029 34.361994 -0.000198 
169 45.158912 0.000000 39.252502 1989.936926 0.145384 32.649213 -0.001118 
170 32.789217 0.000000 39.252502 1990.205350 0.110748 33.227891 -0.001397 
171 57.528607 0.000000 39.252502 1989.562809 0.153620 32.341239 -0.000736 
172 45.158912 0.000000 50.936029 1989.489427 -0.037822 33.495196 -0.000682 
173 51.343759 0.000000 21.727211 1990.366685 0.451385 28.222200 -0.001482 
174 45.158912 0.000000 21.727211 1990.984055 0.381565 28.588470 -0.002109 
175 57.528607 0.000000 21.727211 1990.004823 0.456265 27.988058 -0.001115 
176 51.343759 0.000000 27.568975 1990.263051 0.215150 30.181392 -0.001407 
177 48.251336 0.000000 12.964566 1991.293627 1.019571 22.621788 -0.002343 
178 45.158912 0.000000 12.964566 1991.846567 0.897157 22.921598 -0.002903 
179 51.343759 0.000000 12.964566 1990.726343 1.049351 22.473087 -0.001770 
180 48.251336 0.000000 15.885447 1991.143531 0.716892 24.959395 -0.002220 
181 46.705124 0.000000 8.583243 1991.747953 0.780520 16.685746 -0.002741 
182 45.158912 0.000000 8.583243 1992.171688 0.093938 16.952222 -0.003170 
183 46.705124 0.000000 7.122802 1991.817954 2.205228 14.732308 -0.002797 
184 48.251336 0.000000 8.583243 1991.332687 1.389240 17.419196 -0.002330 
185 46.705124 0.000000 10.043684 1991.789670 0.526561 17.218175 -0.002788 
186 63.713454 0.000000 10.043684 1989.270660 -0.585583 20.583293 -0.000285 
187 63.713454 0.000000 4.201920 1988.479202 3.360324 13.235223 0.000570 
188 69.898301 0.000000 10.043684 1989.179794 -1.539783 21.475128 -0.000204 
189 63.713454 0.000000 15.885447 1989.565306 0.939402 24.985159 -0.000633 
190 54.436183 0.000000 7.122802 1989.829975 5.112802 15.202806 -0.000806 
191 54.436183 0.000000 4.201920 1989.077116 3.231515 10.534293 -0.000014 
192 57.528607 0.000000 7.122802 1989.399080 5.412977 15.667886 -0.000377 
193 54.436183 0.000000 10.043684 1990.163411 -0.193455 19.502992 -0.001172 
194 49.797547 0.000000 8.583243 1991.307327 1.433427 17.439565 -0.002305 
195 49.797547 0.000000 7.122802 1990.850454 4.698938 14.844492 -0.001829 
196 51.343759 0.000000 8.583243 1990.626401 4.050183 17.242729 -0.001621 
197 49.797547 0.000000 10.043684 1991.014610 -0.189489 19.261093 -0.002026 
198 38.974065 0.000000 21.727211 1991.636419 0.311324 29.309625 -0.002776 
199 32.789217 0.000000 21.727211 1992.258688 0.207254 30.378517 -0.003418 
200 38.974065 0.000000 27.568975 1990.901206 0.128768 31.034353 -0.002062 
201 42.066488 0.000000 12.964566 1992.490871 0.867297 23.101070 -0.003554 
202 38.974065 0.000000 12.964566 1993.236696 0.772063 23.449135 -0.004309 
203 42.066488 0.000000 15.885447 1992.101513 0.605345 25.547841 -0.003192 
204 46.705124 0.000000 11.504125 1991.654126 1.047490 21.271421 -0.002691 
205 45.158912 0.000000 11.504125 1992.018154 1.039283 21.217883 -0.003057 
206 48.251336 0.000000 11.504125 1991.351205 1.069146 21.134085 -0.002385 
207 46.705124 0.000000 12.964566 1991.560079 0.967181 22.758000 -0.002613 
208 47.478230 0.000000 9.313463 1991.575431 0.091981 18.371037 -0.002583 
209 46.705124 0.000000 9.313463 1991.753269 0.086814 18.004122 -0.002758 
210 47.478230 0.000000 8.583243 1991.566962 1.372922 16.960949 -0.002562 
211 48.251336 0.000000 9.313463 1991.387805 0.071470 18.149696 -0.002392 
212 47.478230 0.000000 10.043684 1991.534642 1.063683 17.289556 -0.002532 
213 43.612700 0.000000 8.583243 1992.504473 0.000000 17.039717 -0.003506 
214 42.066488 0.000000 8.583243 1992.730740 0.000000 15.953224 -0.003725 
215 43.612700 0.000000 7.122802 1992.623620 0.000000 14.856381 -0.003609 
216 43.612700 0.000000 10.043684 1992.454239 0.000000 17.253509 -0.003457 
217 45.932018 0.000000 9.313463 1992.001558 0.020757 18.102214 -0.003009 
218 45.158912 0.000000 9.313463 1992.128937 0.000000 18.266185 -0.003139 
219 45.932018 0.000000 8.583243 1991.987910 0.441039 16.688276 -0.002983 
220 45.932018 0.000000 10.043684 1991.995384 0.097588 17.206402 -0.002995 
221 54.436183 0.000000 12.964566 1990.266091 1.149284 22.462464 -0.001307 
222 57.528607 0.000000 12.964566 1989.834939 1.209586 22.669299 -0.000876 
223 54.436183 0.000000 15.885447 1990.227365 0.843876 24.865765 -0.001297 
224 49.797547 0.000000 11.504125 1991.133111 1.103685 20.926915 -0.002163 
225 51.343759 0.000000 11.504125 1990.844419 1.139199 20.856738 -0.001872 
226 49.797547 0.000000 12.964566 1991.052103 1.024933 22.422510 -0.002098 
227 47.478230 0.000000 10.773904 1991.437312 0.942644 20.405291 -0.002464 
228 46.705124 0.000000 10.773904 1991.604101 0.987223 20.451186 -0.002632 
229 48.251336 0.000000 10.773904 1991.377566 0.923852 20.273844 -0.002402 
230 47.478230 0.000000 11.504125 1991.489230 1.075356 21.212695 -0.002524 
231 47.091677 0.000000 9.678574 1991.577018 0.085857 18.582152 -0.002586 
232 46.705124 0.000000 9.678574 1991.701358 0.070664 18.476191 -0.002710 
233 47.091677 0.000000 9.313463 1991.654793 0.113836 18.291440 -0.002662 
234 47.478230 0.000000 9.678574 1991.494342 0.136358 18.564650 -0.002503 
235 47.091677 0.000000 10.043684 1991.654505 0.827079 17.241165 -0.002652 
236 48.251336 0.000000 1.281038 1989.037519 2.935781 3.691707 0.000051 
237 45.158912 0.000000 1.281038 1991.490086 2.200037 -0.001504 -0.002413 
238 48.251336 0.000000 -1.639843 1986.559934 -6.638975 18.078805 0.002452 
239 51.343759 0.000000 1.281038 1987.762115 2.189395 7.323168 0.001323 
240 46.705124 0.000000 5.662361 1991.968160 1.418832 12.729650 -0.002934 
241 45.158912 0.000000 5.662361 1992.385232 0.536481 11.378250 -0.003345 
242 46.705124 0.000000 4.201920 1992.371947 0.000000 7.385116 -0.003313 
243 48.251336 0.000000 5.662361 1991.623817 2.669366 14.316019 -0.002600 
244 47.478230 0.000000 7.853022 1991.586090 1.865433 15.981006 -0.002573 
245 46.705124 0.000000 7.853022 1991.783214 1.660993 15.892220 -0.002771 
246 47.478230 0.000000 7.122802 1991.677244 2.103094 15.172853 -0.002659 
247 48.251336 0.000000 7.853022 1991.507007 1.620982 16.582862 -0.002498 
248 47.091677 0.000000 8.948353 1991.646214 0.650261 17.424476 -0.002645 
249 46.705124 0.000000 8.948353 1991.725559 0.480169 17.402730 -0.002725 
250 47.091677 0.000000 8.583243 1991.656614 1.054244 16.930723 -0.002652 
251 47.478230 0.000000 8.948353 1991.576238 0.947735 17.318749 -0.002574 
252 49.024441 0.000000 9.313463 1991.367565 1.435865 17.386712 -0.002365 
253 49.024441 0.000000 8.583243 1991.386513 1.436764 17.382560 -0.002384 
254 49.797547 0.000000 9.313463 1991.288648 1.432124 17.446815 -0.002286 
255 49.024441 0.000000 10.043684 1991.288982 1.432570 17.451709 -0.002286 
256 47.864783 0.000000 9.678574 1991.479721 0.309054 18.384078 -0.002486 
257 47.864783 0.000000 9.313463 1991.485217 0.190425 18.411742 -0.002492 
258 48.251336 0.000000 9.678574 1991.467308 1.236888 17.322419 -0.002465 
259 47.864783 0.000000 10.043684 1991.486193 1.199694 17.309374 -0.002483 
260 47.284953 0.000000 9.496019 1991.568579 0.053415 18.652996 -0.002578 
261 47.091677 0.000000 9.496019 1991.619558 0.045470 18.673787 -0.002630 
262 47.284953 0.000000 9.313463 1991.612241 0.112764 18.295215 -0.002619 
263 47.478230 0.000000 9.496019 1991.529312 0.052552 18.671344 -0.002539 
264 47.284953 0.000000 9.678574 1991.529824 0.075353 18.596055 -0.002539 
265 42.066488 0.000000 1.281038 1992.897929 0.000000 -1.091148 -0.003829 
266 42.066488 0.000000 -1.639843 1988.171604 0.912916 15.467660 0.000866 
267 42.066488 0.000000 -4.560725 1983.624430 -2.909231 13.719876 0.005442 
268 42.066488 0.000000 -7.481607 1984.131913 -1.668325 18.289234 0.004897 
269 45.158912 0.000000 -4.560725 1984.342630 -4.519220 13.520506 0.004720 
270 43.612700 0.000000 -0.179403 1990.604990 0.723972 6.179503 -0.001530 
271 42.066488 0.000000 -0.179403 1991.756769 0.113674 2.162366 -0.002681 
272 43.612700 0.000000 -1.639843 1988.138346 2.159398 15.400692 0.000899 
273 45.158912 0.000000 -0.179403 1989.558939 9.207872 9.973760 -0.000515 
274 43.612700 0.000000 1.281038 1992.357617 0.000000 -0.990120 -0.003285 
275 -16.689561 0.000000 -136.000407 1988.690085 0.000625 34.668105 0.000102 
276 -66.168339 0.000000 -136.000407 1988.725795 0.000544 34.709315 0.000065 
277 -16.689561 0.000000 -182.734516 1988.731590 0.000530 34.679949 0.000060 
278 8.049828 0.000000 -65.899244 1988.416437 -0.015920 34.497659 0.000380 
279 -16.689561 0.000000 -65.899244 1988.515812 0.012147 34.687705 0.000277 
280 8.049828 0.000000 -89.266298 1988.546297 -0.045863 34.563821 0.000248 
281 20.419523 0.000000 -30.848662 1986.777641 0.018310 33.737083 0.002039 
282 8.049828 0.000000 -30.848662 1987.417765 -0.013730 34.597168 0.001382 
283 20.419523 0.000000 -42.532189 1987.708880 0.016092 34.042762 0.001099 
284 26.604370 0.000000 -13.323371 1982.617921 -0.212135 28.494527 0.006295 
285 20.419523 0.000000 -13.323371 1982.959213 -0.102105 31.829319 0.005902 
286 26.604370 0.000000 -19.165134 1984.776210 -0.100073 31.264610 0.004089 
287 29.696794 0.000000 -4.560725 1979.071406 -0.611417 7.809947 0.010036 
288 26.604370 0.000000 -4.560725 1975.934642 -0.378115 11.139226 0.013156 
289 29.696794 0.000000 -7.481607 1980.751942 -0.536223 19.152795 0.008277 
290 34.335429 0.000000 -3.100284 1986.739656 -0.887504 -2.589910 0.002363 
291 32.789217 0.000000 -3.100284 1983.484854 -0.769327 -3.795049 0.005628 
292 34.335429 0.000000 -4.560725 1984.915673 -1.073195 8.194972 0.004179 
293 35.881641 0.000000 -3.100284 1989.925578 -0.994401 1.559410 -0.000838 
294 37.427853 0.000000 -0.179403 1985.449111 -0.072676 -2.344402 0.003660 
295 37.427853 0.000000 -1.639843 1988.071500 -0.434946 15.587504 0.000966 
296 38.974065 0.000000 -0.179403 1988.775021 -0.169725 2.626593 0.000318 
297 37.427853 0.000000 1.281038 1988.585381 0.000000 -5.019945 0.000504 
298 35.108535 0.000000 -0.909623 1987.309442 -1.472357 3.903607 0.001789 
299 34.335429 0.000000 -0.909623 1985.454409 -7.675085 -47.774836 0.003064 
300 35.108535 0.000000 -1.639843 1987.884780 -0.028371 15.553955 0.001154 
301 35.881641 0.000000 -0.909623 1987.669527 -0.088938 14.331304 0.001379 
302 35.108535 0.000000 -0.179403 1984.558047 -2.268207 -23.132373 0.004418 
303 -115.647118 0.000000 -42.532189 1988.763365 0.000778 34.758438 0.000026 
304 -165.125896 0.000000 -42.532189 1988.778825 0.000465 34.740822 0.000011 
305 -115.647118 0.000000 -89.266298 1988.750703 0.000546 34.738123 0.000040 
306 -115.647118 0.000000 4.201920 1988.794337 0.000937 34.768855 -0.000005 
307 -41.428950 0.000000 -19.165134 1988.680136 0.004557 34.906524 0.000108 
308 -66.168339 0.000000 -19.165134 1988.743809 0.000731 34.829076 0.000045 
309 -41.428950 0.000000 -42.532189 1988.621707 0.001490 34.817527 0.000168 
310 -41.428950 0.000000 4.201920 1988.818798 0.001190 34.911907 -0.000032 
311 -4.319866 0.000000 -7.481607 1988.242558 -0.001531 35.821759 0.000531 
312 -16.689561 0.000000 -7.481607 1988.606859 -0.003923 35.256333 0.000175 
313 -4.319866 0.000000 -19.165134 1987.909889 -0.001523 35.276126 0.000875 
314 -4.319866 0.000000 4.201920 1989.134938 0.005964 35.944707 -0.000368 
315 14.234675 0.000000 -1.639843 1979.557493 -0.000830 45.423715 0.009044 
316 8.049828 0.000000 -1.639843 1987.827694 -0.001844 38.604198 0.000896 
317 14.234675 0.000000 -7.481607 1982.341696 -0.036267 35.555378 0.006458 
318 14.234675 0.000000 4.201920 1998.669325 0.065215 39.024802 -0.010037 
319 -115.647118 0.000000 50.936029 1988.822730 0.001001 34.754643 -0.000033 
320 -165.125896 0.000000 50.936029 1988.804884 0.000561 34.739553 -0.000015 
321 -115.647118 0.000000 97.670139 1988.831845 0.000903 34.734487 -0.000042 
322 -41.428950 0.000000 27.568975 1988.939172 -0.003055 34.874749 -0.000152 
323 -66.168339 0.000000 27.568975 1988.856888 0.005027 34.818257 -0.000069 
324 -41.428950 0.000000 50.936029 1988.969121 0.024363 34.790091 -0.000181 
325 -4.319866 0.000000 15.885447 1989.669827 0.001074 35.431859 -0.000897 
326 -16.689561 0.000000 15.885447 1989.145683 0.006138 35.146556 -0.000365 
327 -4.319866 0.000000 27.568975 1989.623813 0.011548 34.944179 -0.000842 
328 14.234675 0.000000 10.043684 1994.330844 0.068176 34.836744 -0.005580 
329 8.049828 0.000000 10.043684 1991.536807 0.016079 36.282457 -0.002791 
330 14.234675 0.000000 15.885447 1992.567013 0.082796 34.378224 -0.003794 
331 17.327099 0.000000 1.281038 2033.222779 0.150122 22.909356 -0.044996 
332 14.234675 0.000000 1.281038 1996.283856 0.038921 49.551112 -0.007864 
333 17.327099 0.000000 -1.639843 1957.905137 -0.045596 31.171692 0.030868 
334 20.419523 0.000000 1.281038 2034.710868 -0.724989 -49.551747 -0.047014 
335 17.327099 0.000000 4.201920 2006.644659 0.113540 31.035525 -0.017969 
336 14.234675 0.000000 -13.323371 1984.548463 -0.022748 34.566076 0.004263 
337 8.049828 0.000000 -13.323371 1986.259475 -0.014371 35.795159 0.002524 
338 14.234675 0.000000 -19.165134 1985.671948 -0.048524 34.467255 0.003137 
339 17.327099 0.000000 -4.560725 1974.458683 -0.045935 32.262329 0.014398 
340 14.234675 0.000000 -4.560725 1980.572099 -0.024873 37.387424 0.008196 
341 17.327099 0.000000 -7.481607 1979.866757 -0.073575 32.837412 0.008983 
342 20.419523 0.000000 -4.560725 1972.096896 -0.105793 22.031611 0.016894 
343 23.511946 0.000000 1.281038 1988.986989 -0.661188 -47.855530 -0.000472 
344 23.511946 0.000000 -1.639843 1969.487241 -0.170707 -14.632717 0.019562 
345 23.511946 0.000000 4.201920 2003.770324 0.336682 13.992642 -0.014861 
346 18.873311 0.000000 -0.179403 2138.761635 -0.822403 -53.623666 -0.156878 
347 17.327099 0.000000 -0.179403 1941.759340 -0.117427 15.575571 0.046966 
348 18.873311 0.000000 -1.639843 1952.553358 -0.090459 14.949510 0.036346 
349 20.419523 0.000000 -0.179403 2038.320595 -0.753351 -49.629115 -0.050732 
350 18.873311 0.000000 1.281038 2177.448878 -0.856156 -55.186925 -0.199125 
351 47.864783 0.000000 8.948353 1991.472718 1.236432 17.323448 -0.002470 
352 47.864783 0.000000 8.583243 1991.451184 1.418510 17.205491 -0.002447 
353 48.251336 0.000000 8.948353 1991.419094 1.316202 17.355905 -0.002416 
354 47.671506 0.000000 9.496019 1991.494791 0.050619 18.684253 -0.002504 
355 47.671506 0.000000 9.313463 1991.522429 0.195497 18.324738 -0.002529 
356 47.864783 0.000000 9.496019 1991.474656 0.074855 18.669259 -0.002484 
357 47.671506 0.000000 9.678574 1991.484968 0.204251 18.513071 -0.002493 
358 43.612700 0.000000 11.504125 1992.376706 1.008738 21.355543 -0.003420 
359 42.066488 0.000000 11.504125 1992.731294 0.970417 21.459542 -0.003778 
360 43.612700 0.000000 12.964566 1992.178626 0.905963 22.912095 -0.003237 
361 45.932018 0.000000 10.773904 1991.746597 1.022200 20.479298 -0.002776 
362 45.158912 0.000000 10.773904 1992.024293 1.042621 20.331548 -0.003054 
363 45.932018 0.000000 11.504125 1991.760612 1.042153 21.399942 -0.002800 
364 47.091677 0.000000 10.408794 1991.686271 0.726098 17.180997 -0.002684 
365 46.705124 0.000000 10.408794 1991.775005 0.241048 17.141614 -0.002772 
366 47.478230 0.000000 10.408794 1991.456190 0.733468 19.953778 -0.002478 
367 47.091677 0.000000 10.773904 1991.520046 0.963656 20.421929 -0.002547 
368 47.284953 0.000000 9.861129 1991.578138 0.966223 17.282378 -0.002576 
369 47.091677 0.000000 9.861129 1991.589857 0.935311 17.277379 -0.002587 
370 47.478230 0.000000 9.861129 1991.533983 1.068798 17.289608 -0.002531 
371 47.284953 0.000000 10.043684 1991.571214 0.999299 17.266756 -0.002569 
372 47.381591 0.000000 9.587296 1991.512530 0.038432 18.676445 -0.002522 
373 47.284953 0.000000 9.587296 1991.509391 0.030260 18.641939 -0.002519 
374 47.381591 0.000000 9.496019 1991.553022 0.047613 18.673478 -0.002563 
375 47.478230 0.000000 9.587296 1991.500094 0.034858 18.708250 -0.002510 
376 47.381591 0.000000 9.678574 1991.522753 0.109478 18.539726 -0.002531 
377 181.225553 0.000000 -136.000407 1988.759548 0.001931 34.481355 0.000035 
378 181.225553 0.000000 -182.734516 1988.762979 0.001264 34.587226 0.000030 
379 230.704331 0.000000 -136.000407 1988.773640 0.002167 34.482766 0.000021 
380 -115.647118 0.000000 -136.000407 1988.752589 0.000424 34.722775 0.000038 
381 -165.125896 0.000000 -136.000407 1988.768235 0.000320 34.725001 0.000022 
382 -115.647118 0.000000 -182.734516 1988.759101 0.000338 34.714598 0.000032 
383 181.225553 0.000000 144.404248 1988.827146 0.006426 34.493134 -0.000033 
384 230.704331 0.000000 144.404248 1988.814199 0.006803 34.488758 -0.000020 
385 181.225553 0.000000 191.138357 1988.820371 0.003161 34.592162 -0.000028 
386 107.007385 0.000000 -65.899244 1988.678725 0.001854 33.766003 0.000129 
387 107.007385 0.000000 -89.266298 1988.682907 0.000764 34.187158 0.000117 
388 131.746774 0.000000 -65.899244 1988.727729 -0.001047 33.765870 0.000079 
389 -16.689561 0.000000 144.404248 1988.882612 0.002115 34.668328 -0.000092 
390 -66.168339 0.000000 144.404248 1988.852670 0.001245 34.706604 -0.000062 
391 -16.689561 0.000000 191.138357 1988.846198 0.001313 34.680675 -0.000055 
392 -115.647118 0.000000 144.404248 1988.828283 0.000753 34.720472 -0.000038 
393 -165.125896 0.000000 144.404248 1988.813302 0.000486 34.723560 -0.000023 
394 -115.647118 0.000000 191.138357 1988.821370 0.000603 34.713326 -0.000031 
395 -41.428950 0.000000 -65.899244 1988.628095 0.003468 34.748511 0.000163 
396 -66.168339 0.000000 -65.899244 1988.695207 0.000875 34.760745 0.000095 
397 -41.428950 0.000000 -89.266298 1988.655668 0.000734 34.714863 0.000135 
398 107.007385 0.000000 74.303084 1988.926136 0.057981 33.908245 -0.000122 
399 131.746774 0.000000 74.303084 1988.880212 0.032666 33.891149 -0.000076 
400 107.007385 0.000000 97.670139 1988.903985 0.014965 34.253337 -0.000106 
401 69.898301 0.000000 -30.848662 1988.314996 -0.089046 31.050510 0.000539 
402 69.898301 0.000000 -42.532189 1988.342590 -0.016505 32.614398 0.000486 
403 82.267996 0.000000 -30.848662 1988.544260 -0.070946 31.095099 0.000308 
404 8.049828 0.000000 74.303084 1989.139278 -0.009031 34.519620 -0.000347 
405 -16.689561 0.000000 74.303084 1989.037420 0.001792 34.671699 -0.000248 
406 8.049828 0.000000 97.670139 1989.005567 -0.024205 34.577014 -0.000214 
407 -41.428950 0.000000 74.303084 1988.948324 0.015301 34.733890 -0.000159 
408 -66.168339 0.000000 74.303084 1988.887507 0.002006 34.749465 -0.000098 
409 -41.428950 0.000000 97.670139 1988.917546 0.002577 34.706232 -0.000128 
410 -4.319866 0.000000 -30.848662 1988.045329 -0.006093 34.851994 0.000747 
411 -16.689561 0.000000 -30.848662 1988.361445 -0.011450 34.935575 0.000427 
412 -4.319866 0.000000 -42.532189 1988.206144 0.018612 34.708578 0.000587 
413 69.898301 0.000000 39.252502 1989.296621 0.113071 32.193908 -0.000466 
414 82.267996 0.000000 39.252502 1989.083820 0.151298 32.146747 -0.000252 
415 69.898301 0.000000 50.936029 1989.120495 0.144718 33.178848 -0.000305 
416 51.343759 0.000000 -13.323371 1986.687166 -0.870369 23.247511 0.002281 
417 51.343759 0.000000 -19.165134 1987.128199 -0.384488 27.311148 0.001786 
418 57.528607 0.000000 -13.323371 1987.782284 -0.896901 23.433347 0.001179 
419 20.419523 0.000000 39.252502 1990.102366 0.055342 33.898856 -0.001305 
420 8.049828 0.000000 39.252502 1989.787026 0.035766 34.450310 -0.000998 
421 20.419523 0.000000 50.936029 1989.553666 -0.004120 34.148991 -0.000758 
422 -4.319866 0.000000 39.252502 1989.437121 0.017754 34.726577 -0.000650 
423 -16.689561 0.000000 39.252502 1989.165073 0.003747 34.782168 -0.000378 
424 -4.319866 0.000000 50.936029 1989.243493 0.013089 34.616290 -0.000454 
425 26.604370 0.000000 21.727211 1992.438568 0.183879 31.717957 -0.003621 
426 20.419523 0.000000 21.727211 1992.249747 0.093453 33.114545 -0.003453 
427 26.604370 0.000000 27.568975 1991.568971 0.088595 32.662977 -0.002760 
428 14.234675 0.000000 21.727211 1991.680105 0.015960 34.385625 -0.002901 
429 8.049828 0.000000 21.727211 1990.797005 0.059436 34.870432 -0.002021 
430 14.234675 0.000000 27.568975 1990.830362 0.009624 34.192852 -0.002043 
431 23.511946 0.000000 -4.560725 1973.995694 -0.211585 15.426430 0.015063 
432 23.511946 0.000000 -7.481607 1978.170137 -0.188941 24.545175 0.010801 
433 35.881641 0.000000 7.122802 1994.500613 1.101173 15.078385 -0.005502 
434 32.789217 0.000000 7.122802 1996.089313 0.871350 15.627708 -0.007109 
435 35.881641 0.000000 10.043684 1994.401141 0.848005 20.287100 -0.005448 
436 35.881641 0.000000 12.964566 1993.951526 0.625835 23.892251 -0.005035 
437 32.789217 0.000000 12.964566 1994.657031 0.521503 24.771362 -0.005757 
438 35.881641 0.000000 15.885447 1993.119036 0.484753 26.634892 -0.004231 
439 29.696794 0.000000 7.122802 1998.239682 0.643018 16.919932 -0.009290 
440 26.604370 0.000000 7.122802 1999.396390 0.459948 20.275278 -0.010490 
441 29.696794 0.000000 10.043684 1996.453588 0.537828 22.794979 -0.007546 
442 29.696794 0.000000 12.964566 1995.159332 0.401085 26.065256 -0.006280 
443 26.604370 0.000000 12.964566 1995.558546 0.315069 27.720520 -0.006705 
444 29.696794 0.000000 15.885447 1994.229823 0.306036 28.226913 -0.005373 
445 37.427853 0.000000 -3.100284 1989.046372 -1.193031 7.695357 0.000032 
446 37.427853 0.000000 -4.560725 1986.013323 -1.383242 11.919866 0.003058 
447 38.974065 0.000000 -3.100284 1986.210293 -1.610354 10.043431 0.002871 
448 63.713454 0.000000 21.727211 1989.626639 0.490998 28.031920 -0.000735 
449 69.898301 0.000000 21.727211 1989.364576 0.525169 28.155546 -0.000473 
450 63.713454 0.000000 27.568975 1989.574804 0.273217 30.011876 -0.000712 
451 63.713454 0.000000 -1.639843 1988.292140 -8.414883 12.099656 0.000751 
452 63.713454 0.000000 -7.481607 1988.479147 -2.576523 17.713814 0.000537 
453 69.898301 0.000000 -1.639843 1988.826989 -9.188865 11.059802 0.000216 
454 48.251336 0.000000 -4.560725 1985.875380 -5.448528 14.336629 0.003174 
455 48.251336 0.000000 -7.481607 1985.821869 -2.642508 17.502119 0.003208 
456 51.343759 0.000000 -4.560725 1986.868760 -5.640265 14.387544 0.002175 
457 54.436183 0.000000 1.281038 1987.369395 1.708257 10.446087 0.001704 
458 54.436183 0.000000 -1.639843 1986.140018 -5.445110 15.929261 0.002896 
459 57.528607 0.000000 1.281038 1987.485152 2.182057 12.494971 0.001576 
460 49.797547 0.000000 5.662361 1990.655289 2.797607 12.056319 -0.001610 
461 49.797547 0.000000 4.201920 1990.314078 2.454223 9.037802 -0.001250 
462 51.343759 0.000000 5.662361 1990.238277 3.038513 12.120952 -0.001191 
463 43.612700 0.000000 5.662361 1992.748743 -0.000000 11.620840 -0.003713 
464 42.066488 0.000000 5.662361 1993.014699 0.000000 11.938158 -0.003983 
465 43.612700 0.000000 4.201920 1992.805827 0.000000 8.134722 -0.003753 
466 45.932018 0.000000 7.853022 1992.019846 0.402804 15.807131 -0.003008 
467 45.158912 0.000000 7.853022 1992.205183 0.288812 15.997248 -0.003196 
468 45.932018 0.000000 7.122802 1992.015495 1.525013 14.810480 -0.002996 
469 49.024441 0.000000 7.853022 1991.366819 1.435834 17.387323 -0.002364 
470 49.024441 0.000000 7.122802 1991.384460 1.732660 16.683097 -0.002376 
471 49.797547 0.000000 7.853022 1991.288648 1.432124 17.446815 -0.002286 
472 49.024441 0.000000 10.773904 1991.208254 0.940072 20.242391 -0.002231 
473 49.797547 0.000000 10.773904 1991.086203 0.964061 20.140356 -0.002107 
474 49.024441 0.000000 11.504125 1991.215711 1.052940 21.071356 -0.002248 
475 47.864783 0.000000 10.408794 1991.369859 0.687517 19.931382 -0.002391 
476 48.251336 0.000000 10.408794 1991.302113 0.659697 19.844214 -0.002322 
477 47.864783 0.000000 10.773904 1991.363346 0.926990 20.359328 -0.002389 
478 47.671506 0.000000 9.861129 1991.524545 1.091227 17.295199 -0.002522 
479 47.864783 0.000000 9.861129 1991.484049 1.206320 17.310881 -0.002481 
480 47.671506 0.000000 10.043684 1991.492138 1.187811 17.305274 -0.002489 
481 40.520276 0.000000 -0.179403 1991.142756 -0.012410 0.009714 -0.002062 
482 40.520276 0.000000 -1.639843 1988.119489 -0.019566 15.534011 0.000918 
483 40.520276 0.000000 1.281038 1992.150881 -0.000000 -1.125531 -0.003077 
484 43.612700 0.000000 2.741479 1992.896643 -0.000000 4.099578 -0.003832 
485 42.066488 0.000000 2.741479 1993.048585 -0.000000 4.389019 -0.003986 
486 45.158912 0.000000 2.741479 1992.584815 0.000000 6.404960 -0.003524 
487 40.520276 0.000000 2.741479 1992.778971 -0.000000 4.625360 -0.003715 
488 38.974065 0.000000 2.741479 1992.181280 0.000000 4.171122 -0.003112 
489 40.520276 0.000000 4.201920 1992.999721 0.000000 8.277729 -0.003949 
490 40.520276 0.000000 -3.100284 1984.375386 -2.427257 11.143212 0.004705 
491 40.520276 0.000000 -4.560725 1984.091841 -2.203950 13.916778 0.004972 
492 42.066488 0.000000 -3.100284 1983.637625 -3.632114 11.236293 0.005443 
493 37.427853 0.000000 2.741479 1991.645881 0.000000 2.467518 -0.002570 
494 35.881641 0.000000 2.741479 1991.521242 0.000000 -0.198358 -0.002443 
495 37.427853 0.000000 4.201920 1992.361458 0.000000 5.835789 -0.003297 
496 34.335429 0.000000 2.741479 1991.462711 0.000000 -0.132439 -0.002384 
497 32.789217 0.000000 2.741479 1995.690105 0.520329 -4.214243 -0.006648 
498 34.335429 0.000000 4.201920 1991.529322 0.000000 -0.401852 -0.002451 
499 23.511946 0.000000 7.122802 2000.771874 0.286953 22.912543 -0.011910 
500 20.419523 0.000000 7.122802 2000.885074 0.207298 27.747860 -0.012086 
501 23.511946 0.000000 10.043684 1996.916603 0.274904 27.902639 -0.008078 
502 23.511946 0.000000 12.964566 1995.592377 0.229937 29.583111 -0.006766 
503 20.419523 0.000000 12.964566 1994.975793 0.185261 31.459354 -0.006174 
504 23.511946 0.000000 15.885447 1994.142084 0.199721 30.927173 -0.005325 
505 63.713454 0.000000 -13.323371 1988.227837 -0.830440 23.567370 0.000730 
506 63.713454 0.000000 -19.165134 1988.062931 -0.349735 27.160261 0.000849 
507 69.898301 0.000000 -13.323371 1988.497658 -0.740055 23.846185 0.000455 
508 54.436183 0.000000 -4.560725 1987.469808 -5.479299 14.148154 0.001574 
509 54.436183 0.000000 -7.481607 1987.500739 -2.791412 17.336340 0.001523 
510 57.528607 0.000000 -4.560725 1987.938316 -5.460259 13.496570 0.001108 
511 40.520276 0.000000 5.662361 1993.144174 0.000000 11.730926 -0.004112 
512 38.974065 0.000000 5.662361 1993.047292 0.000000 10.204658 -0.004006 
513 40.520276 0.000000 7.122802 1993.087180 0.000000 13.359042 -0.004065 
514 40.520276 0.000000 8.583243 1993.006367 0.000000 14.809979 -0.003994 
515 38.974065 0.000000 8.583243 1993.533646 1.191806 17.635359 -0.004549 
516 40.520276 0.000000 10.043684 1993.100751 1.080046 19.890462 -0.004134 
517 40.520276 0.000000 11.504125 1993.001047 0.894233 21.628513 -0.004051 
518 38.974065 0.000000 11.504125 1993.402522 0.824188 21.718596 -0.004457 
519 40.520276 0.000000 12.964566 1992.905086 0.821601 23.199031 -0.003972 
520 46.705124 0.000000 2.741479 1991.333553 4.544254 4.267497 -0.002264 
521 46.705124 0.000000 1.281038 1990.182118 2.856821 1.615378 -0.001098 
522 48.251336 0.000000 2.741479 1990.364122 3.301534 5.540174 -0.001289 
523 43.612700 0.000000 -3.100284 1983.973645 -5.110789 11.603465 0.005101 
524 43.612700 0.000000 -4.560725 1983.761588 -3.735704 13.525403 0.005304 
525 45.158912 0.000000 -3.100284 1984.858885 -6.347403 12.406517 0.004204 
526 17.327099 0.000000 7.122802 1999.625633 0.124763 32.588997 -0.010886 
527 14.234675 0.000000 7.122802 1995.958282 0.079623 35.633746 -0.007235 
528 17.327099 0.000000 10.043684 1995.898896 0.133060 32.777162 -0.007126 
529 17.327099 0.000000 12.964566 1994.347737 0.121750 33.226395 -0.005569 
530 14.234675 0.000000 12.964566 1993.390616 0.071853 34.559670 -0.004627 
531 17.327099 0.000000 15.885447 1993.285406 0.093553 33.460971 -0.004502 
532 37.427853 0.000000 5.662361 1992.834300 0.000000 8.681900 -0.003784 
533 35.881641 0.000000 5.662361 1994.050780 1.212828 11.402784 -0.005024 
534 37.427853 0.000000 7.122802 1993.904188 1.256463 14.808682 -0.004899 
535 37.427853 0.000000 8.583243 1994.017961 1.070625 17.753916 -0.005038 
536 35.881641 0.000000 8.583243 1994.546554 0.955128 17.722114 -0.005570 
537 37.427853 0.000000 10.043684 1993.845597 0.905454 20.139197 -0.004887 
538 37.427853 0.000000 11.504125 1993.762681 0.798334 21.982521 -0.004823 
539 35.881641 0.000000 11.504125 1994.073795 0.731813 22.349346 -0.005140 
540 37.427853 0.000000 12.964566 1993.571922 0.682497 23.609095 -0.004649 
541 46.705124 0.000000 -0.179403 1988.195289 8.980942 13.652721 0.000835 
542 46.705124 0.000000 -1.639843 1986.676903 -6.665748 17.079215 0.002343 
543 48.251336 0.000000 -0.179403 1987.244252 7.644388 16.364652 0.001776 
544 49.797547 0.000000 2.741479 1989.596889 3.538846 6.651177 -0.000521 
545 49.797547 0.000000 1.281038 1988.258836 2.656354 5.545745 0.000829 
546 51.343759 0.000000 2.741479 1989.042648 3.713207 7.643837 0.000033 
547 34.335429 0.000000 5.662361 1994.965426 1.024999 11.075950 -0.005944 
548 32.789217 0.000000 5.662361 1996.356961 0.908711 10.956547 -0.007347 
549 34.335429 0.000000 7.122802 1995.125181 0.962417 15.218927 -0.006133 
550 34.335429 0.000000 8.583243 1995.169862 0.889572 18.293271 -0.006204 
551 32.789217 0.000000 8.583243 1995.671843 0.791932 18.690962 -0.006714 
552 34.335429 0.000000 10.043684 1994.957305 0.771219 20.499614 -0.006011 
553 34.335429 0.000000 11.504125 1994.581653 0.659036 22.602994 -0.005655 
554 32.789217 0.000000 11.504125 1995.062547 0.599928 23.048322 -0.006145 
555 34.335429 0.000000 12.964566 1994.276881 0.552165 24.340918 -0.005369 
556 46.705124 0.000000 -3.100284 1985.615690 -7.028690 13.431087 0.003436 
557 46.705124 0.000000 -4.560725 1985.102700 -5.095983 13.756276 0.003954 
558 48.251336 0.000000 -3.100284 1986.181391 -7.363173 14.309031 0.002860 
1 79 97 95 96 
2 97 72 88 95 
3 95 88 5 98 
4 96 95 98 82 
5 7 101 99 100 
6 101 12 102 99 
7 99 102 10 25 
8 100 99 25 11 
9 11 105 103 104 
10 105 25 106 103 
11 103 106 23 41 
12 104 103 41 24 
13 24 109 107 108 
14 109 41 110 107 
15 107 110 39 57 
16 108 107 57 40 
17 40 113 111 112 
18 113 57 114 111 
19 111 114 55 73 
20 112 111 73 56 
21 56 117 115 116 
22 117 73 118 115 
23 72 121 119 120 
24 119 122 87 123 
25 120 119 123 88 
26 14 125 124 37 
27 125 8 126 124 
28 124 126 21 127 
29 37 124 127 19 
30 27 129 128 53 
31 129 14 130 128 
32 128 130 37 131 
33 53 128 131 35 
34 133 27 134 132 
35 132 134 53 135 
36 10 141 140 26 
37 141 13 142 140 
38 140 142 8 125 
39 26 140 125 14 
40 23 144 143 42 
41 144 26 145 143 
42 143 145 14 129 
43 42 143 129 27 
44 147 42 148 146 
45 146 148 27 133 
46 20 38 161 162 
47 38 19 163 161 
48 161 163 22 164 
49 162 161 164 9 
50 36 54 165 166 
51 54 35 167 165 
52 165 167 38 168 
53 166 165 168 20 
54 52 70 169 170 
55 70 51 171 169 
56 169 171 54 172 
57 170 169 172 36 
58 67 139 173 174 
59 139 69 175 173 
60 173 175 51 176 
61 174 173 176 70 
62 177 179 139 180 
63 178 177 180 67 
64 43 187 186 138 
65 187 133 188 186 
66 186 188 132 189 
67 138 186 189 69 
68 137 191 190 155 
69 191 43 192 190 
70 190 192 138 193 
71 155 190 193 136 
72 195 155 196 194 
73 194 196 136 197 
74 68 86 198 199 
75 86 67 174 198 
76 198 174 70 200 
77 199 198 200 52 
78 201 178 67 203 
79 202 201 203 86 
80 204 206 177 207 
81 205 204 207 178 
82 157 215 213 214 
83 215 153 182 213 
84 213 182 85 216 
85 214 213 216 160 
86 182 219 217 218 
87 219 181 209 217 
88 217 209 185 220 
89 218 217 220 85 
90 136 193 221 179 
91 193 138 222 221 
92 221 222 69 223 
93 179 221 223 139 
94 197 136 225 224 
95 224 225 179 226 
96 206 224 226 177 
97 227 229 206 230 
98 228 227 230 204 
99 209 233 231 232 
100 232 231 235 185 
101 238 149 239 236 
102 59 242 240 241 
103 242 154 243 240 
104 240 243 152 183 
105 241 240 183 153 
106 183 246 244 245 
107 246 152 247 244 
108 244 247 184 210 
109 245 244 210 181 
110 181 250 248 249 
111 250 210 251 248 
112 248 251 208 233 
113 249 248 233 209 
114 184 253 252 211 
115 253 194 254 252 
116 252 254 197 255 
117 211 252 255 156 
118 257 211 258 256 
119 256 258 156 259 
120 233 262 260 261 
121 262 208 263 260 
122 261 260 264 231 
123 73 268 267 118 
124 268 55 269 267 
125 266 272 270 271 
126 272 74 273 270 
127 270 273 237 274 
128 271 270 274 265 
129 17 277 275 276 
130 277 7 100 275 
131 275 100 11 33 
132 276 275 33 15 
133 33 280 278 279 
134 280 11 104 278 
135 278 104 24 49 
136 279 278 49 31 
137 49 283 281 282 
138 283 24 108 281 
139 281 108 40 65 
140 282 281 65 47 
141 65 286 284 285 
142 286 40 112 284 
143 284 112 56 81 
144 285 284 81 63 
145 81 289 287 288 
146 289 56 116 287 
147 287 116 72 97 
148 288 287 97 79 
149 116 292 290 291 
150 292 115 293 290 
151 290 293 89 121 
152 291 290 121 72 
153 89 295 294 122 
154 295 71 296 294 
155 294 296 90 297 
156 122 294 297 87 
157 121 300 298 299 
158 300 89 301 298 
159 298 301 122 302 
160 299 298 302 119 
161 16 305 303 304 
162 305 15 32 303 
163 303 32 18 306 
164 304 303 306 6 
165 32 309 307 308 
166 309 31 48 307 
167 307 48 34 310 
168 308 307 310 18 
169 48 313 311 312 
170 313 47 64 311 
171 311 64 50 314 
172 312 311 314 34 
173 64 317 315 316 
174 316 315 318 50 
175 6 306 319 320 
176 306 18 45 319 
177 319 45 28 321 
178 320 319 321 29 
179 18 310 322 323 
180 310 34 61 322 
181 322 61 44 324 
182 323 322 324 45 
183 34 314 325 326 
184 314 50 77 325 
185 325 77 60 327 
186 326 325 327 61 
187 50 318 328 329 
188 329 328 330 77 
189 315 333 331 332 
190 331 334 66 335 
191 332 331 335 318 
192 47 338 336 337 
193 338 65 285 336 
194 336 285 63 317 
195 337 336 317 64 
196 317 341 339 340 
197 341 63 342 339 
198 339 342 80 333 
199 340 339 333 315 
200 80 344 343 334 
201 344 79 96 343 
202 343 96 82 345 
203 334 343 345 66 
204 333 348 346 347 
205 348 80 349 346 
206 346 349 334 350 
207 347 346 350 331 
208 210 352 351 251 
209 352 184 353 351 
210 351 353 211 257 
211 251 351 257 208 
212 208 355 354 263 
213 355 257 356 354 
214 354 356 256 357 
215 263 354 357 234 
216 160 216 358 359 
217 216 85 205 358 
218 358 205 178 360 
219 359 358 360 201 
220 85 220 361 362 
221 220 185 228 361 
222 361 228 204 363 
223 362 361 363 205 
224 185 235 364 365 
225 235 212 366 364 
226 364 366 227 367 
227 365 364 367 228 
228 231 264 368 369 
229 264 234 370 368 
230 368 370 212 371 
231 369 368 371 235 
232 260 374 372 373 
233 374 263 375 372 
234 372 375 234 376 
235 373 372 376 264 
236 12 378 377 102 
237 378 2 379 377 
238 377 379 13 141 
239 102 377 141 10 
240 1 382 380 381 
241 382 17 276 380 
242 380 276 15 305 
243 381 380 305 16 
244 19 127 383 163 
245 127 21 384 383 
246 383 384 3 385 
247 163 383 385 22 
248 25 387 386 106 
249 387 10 388 386 
250 386 388 26 144 
251 106 386 144 23 
252 28 46 389 390 
253 46 20 162 389 
254 389 162 9 391 
255 390 389 391 30 
256 29 321 392 393 
257 321 28 390 392 
258 392 390 30 394 
259 393 392 394 4 
260 15 397 395 396 
261 397 33 279 395 
262 395 279 31 309 
263 396 395 309 32 
264 35 131 398 167 
265 131 37 399 398 
266 398 399 19 400 
267 167 398 400 38 
268 41 402 401 110 
269 402 23 403 401 
270 401 403 42 147 
271 110 401 147 39 
272 44 62 404 405 
273 62 36 166 404 
274 404 166 20 406 
275 405 404 406 46 
276 45 324 407 408 
277 324 44 405 407 
278 407 405 46 409 
279 408 407 409 28 
280 31 412 410 411 
281 412 49 282 410 
282 410 282 47 313 
283 411 410 313 48 
284 51 135 413 171 
285 135 53 414 413 
286 413 414 35 415 
287 171 413 415 54 
288 57 417 416 114 
289 417 39 418 416 
290 416 418 58 150 
291 114 416 150 55 
292 60 78 419 420 
293 78 52 170 419 
294 419 170 36 421 
295 420 419 421 62 
296 61 327 422 423 
297 327 60 420 422 
298 422 420 62 424 
299 423 422 424 44 
300 76 94 425 426 
301 94 68 199 425 
302 425 199 52 427 
303 426 425 427 78 
304 77 330 428 429 
305 330 76 426 428 
306 428 426 78 430 
307 429 428 430 60 
308 63 432 431 342 
309 432 81 288 431 
310 431 288 79 344 
311 342 431 344 80 
312 436 202 86 438 
313 437 436 438 68 
314 82 98 439 440 
315 98 5 434 439 
316 439 434 84 441 
317 440 439 441 92 
318 92 441 442 443 
319 441 84 437 442 
320 442 437 68 444 
321 443 442 444 94 
322 115 446 445 293 
323 446 118 447 445 
324 445 447 71 295 
325 293 445 295 89 
326 69 189 448 175 
327 189 132 449 448 
328 448 449 135 450 
329 175 448 450 51 
330 58 452 451 151 
331 452 146 453 451 
332 451 453 133 187 
333 151 451 187 43 
334 55 455 454 269 
335 455 150 456 454 
336 454 456 149 238 
337 149 458 457 239 
338 458 151 459 457 
339 457 459 43 191 
340 239 457 191 137 
341 154 461 460 243 
342 461 137 462 460 
343 460 462 155 195 
344 243 460 195 152 
345 159 465 463 464 
346 465 59 241 463 
347 463 241 153 215 
348 464 463 215 157 
349 153 468 466 467 
350 468 183 245 466 
351 466 245 181 219 
352 467 466 219 182 
353 152 470 469 247 
354 470 195 471 469 
355 469 471 194 253 
356 247 469 253 184 
357 156 255 472 229 
358 255 197 473 472 
359 472 473 224 474 
360 229 472 474 206 
361 212 259 475 366 
362 259 156 476 475 
363 475 476 229 477 
364 366 475 477 227 
365 234 357 478 370 
366 357 256 479 478 
367 478 479 259 480 
368 370 478 480 212 
369 71 482 481 296 
370 482 266 271 481 
371 481 271 265 483 
372 296 481 483 90 
373 265 274 484 485 
374 274 237 486 484 
375 484 486 59 465 
376 485 484 465 159 
377 90 483 487 488 
378 483 265 485 487 
379 487 485 159 489 
380 488 487 489 75 
381 118 491 490 447 
382 491 267 492 490 
383 490 492 266 482 
384 447 490 482 71 
385 87 297 493 494 
386 297 90 488 493 
387 493 488 75 495 
388 494 493 495 91 
389 88 123 496 497 
390 123 87 494 496 
391 496 494 91 498 
392 497 496 498 5 
393 66 345 499 500 
394 345 82 440 499 
395 499 440 92 501 
396 500 499 501 93 
397 93 501 502 503 
398 501 92 443 502 
399 502 443 94 504 
400 503 502 504 76 
401 39 506 505 418 
402 506 147 507 505 
403 505 507 146 452 
404 418 505 452 58 
405 150 509 508 456 
406 509 58 510 508 
407 508 510 151 458 
408 456 508 458 149 
409 75 489 511 512 
410 489 159 464 511 
411 511 464 157 513 
412 512 511 513 158 
413 158 513 514 515 
414 513 157 214 514 
415 514 214 160 516 
416 515 514 516 83 
417 83 516 517 518 
418 516 160 359 517 
419 517 359 201 519 
420 518 517 519 202 
421 237 521 520 486 
422 521 236 522 520 
423 520 522 154 242 
424 486 520 242 59 
425 267 524 523 492 
426 524 269 525 523 
427 523 525 74 272 
428 492 523 272 266 
429 318 335 526 527 
430 335 66 500 526 
431 526 500 93 528 
432 527 526 528 328 
433 328 528 529 530 
434 528 93 503 529 
435 529 503 76 531 
436 530 529 531 330 
437 91 495 532 533 
438 495 75 512 532 
439 532 512 158 534 
440 533 532 534 433 
441 433 534 535 536 
442 534 158 515 535 
443 535 515 83 537 
444 536 535 537 435 
445 435 537 538 539 
446 537 83 518 538 
447 538 518 202 540 
448 539 538 540 436 
449 74 542 541 273 
450 542 238 543 541 
451 541 543 236 521 
452 273 541 521 237 
453 236 545 544 522 
454 545 239 546 544 
455 544 546 137 461 
456 522 544 461 154 
457 5 498 547 548 
458 498 91 533 547 
459 547 533 433 549 
460 548 547 549 434 
461 434 549 550 551 
462 549 433 536 550 
463 550 536 435 552 
464 551 550 552 84 
465 84 552 553 554 
466 552 435 539 553 
467 553 539 436 555 
468 554 553 555 437 
469 269 557 556 525 
470 557 454 558 556 
471 556 558 238 542 
472 525 556 542 74 
